# x y Real Imaginary Modulus Phase <-> f = 0 s = 0
0.10199 0.0412067 0.744567 -0.024277 0.744963 -0.0325939
0.0791274 0.0764124 -0.558393 0.327126 0.647159 2.61165
0.044741 0.10049 0.292796 -0.232299 0.373754 -0.670692
0.00383894 0.109933 -0.0915228 0.111047 0.143902 2.26011
-0.0376222 0.103366 0.00947558 -0.0514415 0.0523069 -1.38864
-0.0736044 0.0817459 0.00945041 0.0197784 0.0219202 1.12505
-0.0988673 0.0482208 -0.018458 4.38096e-05 0.018458 3.13922
-0.109732 0.00767321 0.00395284 0.00761741 0.00858195 1.09213
-0.104616 -0.0339919 -0.0183756 0.0198924 0.0270808 2.31658
-0.0842649 -0.0707066 0.0103137 -0.031429 0.033078 -1.25371
-0.0516419 -0.0971242 -0.023465 0.00358264 0.0237369 2.99008
-0.0114981 -0.109397 0.0577937 0.0681032 0.0893206 0.867104
0.0303201 -0.105739 -0.0560771 -0.283107 0.288607 -1.76634
0.0677228 -0.0866812 0.131199 0.637527 0.650887 1.36784
0.0952628 -0.055 -0.00364748 -0.641035 0.641046 -1.57649
# x y Real Imaginary Modulus Phase <-> f = 0 s = 1
0.0784575 0.0771 0.812238 -0.0711618 0.815349 -0.0873889
0.0438624 0.100877 -0.564425 0.275809 0.628209 2.68706
0.00287946 0.109962 0.232478 -0.183596 0.296232 -0.66845
-0.0385228 0.103034 -0.0534089 0.107999 0.120483 2.03006
-0.0743149 0.0811005 0.000498719 -0.0441674 0.0441702 -1.55951
-0.0992844 0.0473562 0.0116468 0.0139003 0.0181347 0.873378
-0.109795 0.00671534 -0.0171868 0.000407809 0.0171916 3.11787
-0.104316 -0.0349035 0.00855555 0.0112408 0.0141264 0.920221
-0.0836447 -0.0714393 -0.0160701 0.0153674 0.0222352 2.37854
-0.0507923 -0.0975712 0.0122675 -0.00690877 0.0140791 -0.512905
-0.010543 -0.109494 -0.0232671 -0.0322322 0.0397526 -2.19604
0.0312417 -0.10547 0.0124781 0.144681 0.145218 1.48476
0.0684766 -0.0860869 -0.0628411 -0.39595 0.400906 -1.72819
0.0957391 -0.0541666 0.195189 0.618571 0.648636 1.26514
0.109059 -0.0143579 0.051683 -0.681178 0.683136 -1.49507
# x y Real Imaginary Modulus Phase <-> f = 0 s = 2
0.0429804 0.101256 0.858678 -0.0793089 0.862333 -0.0921003
0.00191976 0.109983 -0.518924 0.198254 0.555506 2.77666
-0.0394205 0.102694 0.183746 -0.186866 0.262072 -0.793816
-0.0750198 0.0804489 -0.0391476 0.103746 0.110886 1.93162
-0.0996939 0.046488 -2.01594e-05 -0.0460809 0.0460809 -1.57123
-0.109849 0.00575696 0.01646 0.014316 0.0218146 0.715847
-0.104007 -0.0358125 -0.0115499 -0.00614581 0.0130832 -2.65259
-0.0830181 -0.0721665 0.0128286 0.0111958 0.017027 0.717539
-0.049939 -0.0980107 -0.00716408 0.00590308 0.00928281 2.4524
-0.00958713 -0.109581 0.00962981 0.00904571 0.013212 0.754132
0.0321609 -0.105194 0.0056044 -0.0529653 0.053261 -1.46538
0.0692252 -0.0854861 0.00658688 0.179613 0.179734 1.53414
0.0962082 -0.0533291 -0.0954405 -0.361664 0.374045 -1.82881
0.10918 -0.0134056 0.108846 0.559375 0.569866 1.37861
0.106252 0.0284701 0.104 -0.763401 0.770453 -1.4354
# x y Real Imaginary Modulus Phase <-> f = 0 s = 3
0.000959919 0.109996 0.886847 -0.00548761 0.886864 -0.0061877
-0.0403151 0.102346 -0.47579 0.213426 0.521465 2.71993
-0.075719 0.0797912 0.169042 -0.177197 0.244896 -0.808948
-0.100096 0.0456163 -0.0424645 0.105301 0.113541 1.95412
-0.109895 0.00479813 -0.00259914 -0.0485011 0.0485706 -1.62433
-0.103691 -0.0367188 0.00893933 0.0228505 0.0245368 1.19789
-0.0823851 -0.0728882 -0.00689579 -0.0105967 0.0126428 -2.1477
-0.0490818 -0.0984428 0.0104274 0.003484 0.0109941 0.322457
-0.0086305 -0.109661 -0.00422272 -0.00215774 0.00474207 -2.6692
0.0330776 -0.104909 -0.000539702 0.0147138 0.0147237 1.60746
0.0699686 -0.0848787 -0.00175041 -0.0692758 0.0692979 -1.59606
0.0966699 -0.0524875 0.046096 0.152149 0.158978 1.27662
0.109293 -0.0124524 -0.0846453 -0.285264 0.297557 -1.85925
0.105999 0.0293962 0.0573191 0.523418 0.526547 1.46172
0.0872689 0.0669638 0.138867 -0.779384 0.791659 -1.39447
# x y Real Imaginary Modulus Phase <-> f = 0 s = 4
-0.0412067 0.10199 0.863996 -0.0280899 0.864452 -0.0325002
-0.0764124 0.0791274 -0.471364 0.190239 0.508306 2.75799
-0.10049 0.044741 0.194182 -0.176828 0.26263 -0.738658
-0.109933 0.00383894 -0.059583 0.110389 0.125442 2.06574
-0.103366 -0.0376222 0.020756 -0.0553758 0.0591379 -1.21218
-0.0817459 -0.0736044 -0.00820301 0.0185839 0.0203138 1.98648
-0.0482208 -0.0988673 -0.00297069 -0.00443478 0.00533782 -2.16101
-0.00767321 -0.109732 0.00955495 0.000428275 0.00956455 0.0447923
0.0339919 -0.104616 -0.00399464 -0.00404314 0.00568367 -2.35016
0.0707066 -0.0842649 0.0100629 0.0235263 0.025588 1.16662
0.0971242 -0.0516419 -0.0334468 -0.0437929 0.0551045 -2.22304
0.109397 -0.0114981 0.0550295 0.0913284 0.106626 1.02851
0.105739 0.0303201 -0.0755554 -0.213578 0.226549 -1.91082
0.0866812 0.0677228 0.0239435 0.441499 0.442147 1.51662
0.055 0.0952628 0.211319 -0.736884 0.766586 -1.29152
# x y Real Imaginary Modulus Phase <-> f = 0 s = 5
-0.0771 0.0784575 0.890489 -0.0295387 0.890979 -0.0331592
-0.100877 0.0438624 -0.547601 0.228921 0.593525 2.74563
-0.109962 0.00287946 0.258249 -0.217753 0.3378 -0.700526
-0.103034 -0.0385228 -0.125877 0.123013 0.176004 2.3677
-0.0811005 -0.0743149 0.0560374 -0.0454858 0.0721744 -0.681838
-0.0473562 -0.0992844 -0.0148523 0.00994383 0.0178738 2.55162
-0.00671534 -0.109795 -0.00488796 -0.00323262 0.0058602 -2.55728
0.0349035 -0.104316 0.0126744 0.0048143 0.0135579 0.363011
0.0714393 -0.0836447 -0.0111925 -0.0049783 0.0122497 -2.72308
0.0975712 -0.0507923 0.0245239 0.00932086 0.0262355 0.36321
0.109494 -0.010543 -0.0356481 -0.0165978 0.0393227 -2.70584
0.10547 0.0312417 0.064708 0.061791 0.089472 0.762343
0.0860869 0.0684766 -0.0933174 -0.176248 0.199428 -2.05774
0.0541666 0.0957391 0.0525319 0.406009 0.409393 1.44213
0.0143579 0.109059 0.176177 -0.723301 0.744448 -1.33188
# x y Real Imaginary Modulus Phase <-> f = 0 s = 6
-0.101256 0.0429804 0.833492 -0.0380397 0.83436 -0.0456073
-0.109983 0.00191976 -0.54114 0.312896 0.625089 2.61734
-0.102694 -0.0394205 0.321446 -0.244385 0.403796 -0.650041
-0.0804489 -0.0750198 -0.148991 0.110088 0.185251 2.50524
-0.046488 -0.0996939 0.0495495 -0.039573 0.0634128 -0.67392
-0.00575696 -0.109849 -0.000473846 0.0153933 0.0154006 1.60157
0.0358125 -0.104007 -0.0144034 0.000557273 0.0144142 3.10292
0.0721665 -0.0830181 0.0169638 0.0116855 0.020599 0.603205
0.0980107 -0.049939 -0.0177807 0.00716895 0.0191716 2.75834
0.109581 -0.00958713 0.0173016 -0.00244019 0.0174729 -0.140114
0.105194 0.0321609 -0.0327732 -0.00629841 0.0333729 -2.95173
0.0854861 0.0692252 0.0654347 0.0494108 0.0819947 0.646768
0.0533291 0.0962082 -0.0956327 -0.157893 0.184596 -2.11538
0.0134056 0.10918 0.0449389 0.393554 0.396111 1.4571
-0.0284701 0.106252 0.218196 -0.744221 0.775548 -1.2856
# x y Real Imaginary Modulus Phase <-> f = 0 s = 7
-0.109996 0.000959919 0.763368 -0.0638454 0.766034 -0.0834422
-0.102346 -0.0403151 -0.606598 0.357847 0.704284 2.60862
-0.0797912 -0.075719 0.347982 -0.208998 0.405921 -0.540861
-0.0456163 -0.100096 -0.122561 0.0962428 0.155833 2.4759
-0.00479813 -0.109895 0.00933153 -0.041903 0.0429295 -1.35168
0.0367188 -0.103691 0.010341 0.00413713 0.0111379 0.380566
0.0728882 -0.0823851 -0.0278919 0.000772388 0.0279026 3.11391
0.0984428 -0.0490818 0.012584 0.00953865 0.0157906 0.648599
0.109661 -0.0086305 -0.0203519 0.0136507 0.0245059 2.55078
0.104909 0.0330776 0.0132682 -0.00703214 0.0150165 -0.487359
0.0848787 0.0699686 -0.0297308 -0.00771584 0.0307157 -2.88767
0.0524875 0.0966699 0.0658246 0.050594 0.0830219 0.655311
0.0124524 0.109293 -0.088959 -0.173352 0.194845 -2.04492
-0.0293962 0.105999 0.0219156 0.461936 0.462456 1.52339
-0.0669638 0.0872689 0.14704 -0.757184 0.771329 -1.37899
# x y Real Imaginary Modulus Phase <-> f = 0 s = 8
-0.10199 -0.0412067 0.725316 -0.13914 0.738541 -0.189531
-0.0791274 -0.0764124 -0.614744 0.326091 0.695878 2.65388
-0.044741 -0.10049 0.258732 -0.185397 0.318299 -0.621754
-0.00383894 -0.109933 -0.0285263 0.0962287 0.100368 1.85899
0.0376222 -0.103366 -0.0206623 -0.0293055 0.0358573 -2.18491
0.0736044 -0.0817459 0.028704 -0.0101857 0.0304577 -0.340992
0.0988673 -0.0482208 -0.0360024 0.0038079 0.0362032 3.03622
0.109732 -0.00767321 0.00969569 0.00635929 0.0115951 0.580503
0.104616 0.0339919 -0.019501 0.0152468 0.0247539 2.47802
0.0842649 0.0707066 0.020277 -0.00836627 0.0219351 -0.391321
0.0516419 0.0971242 -0.0367493 -0.00699314 0.0374087 -2.95355
0.0114981 0.109397 0.0670212 0.0636224 0.0924102 0.759388
-0.0303201 0.105739 -0.0836845 -0.233496 0.24804 -1.91493
-0.0677228 0.0866812 0.0903423 0.520423 0.528206 1.39892
-0.0952628 0.055 0.0733804 -0.730997 0.734671 -1.47075
# x y Real Imaginary Modulus Phase <-> f = 0 s = 9
-0.0784575 -0.0771 0.854491 -0.0514469 0.856038 -0.0601351
-0.0438624 -0.100877 -0.50064 0.162101 0.526229 2.82846
-0.00287946 -0.109962 0.114923 -0.140698 0.181668 -0.885893
0.0385228 -0.103034 0.0133835 0.0621163 0.0635417 1.35858
0.0743149 -0.0811005 -0.0272789 -0.00927627 0.0288129 -2.81381
0.0992844 -0.0473562 0.0336689 -0.0196956 0.0390065 -0.529302
0.109795 -0.00671534 -0.0315253 0.00348412 0.0317172 3.03152
0.104316 0.0349035 0.0124614 0.0121712 0.0174191 0.773618
0.0836447 0.0714393 -0.0145086 0.00858861 0.0168602 2.6071
0.0507923 0.0975712 0.0231724 -0.000934721 0.0231912 -0.0403158
0.010543 0.109494 -0.0362796 -0.0254702 0.0443276 -2.52949
-0.0312417 0.10547 0.049548 0.112762 0.123168 1.15679
-0.0684766 0.0860869 -0.0811185 -0.300085 0.310855 -1.83481
-0.0957391 0.0541666 0.0851324 0.592996 0.599076 1.42821
-0.109059 0.0143579 0.0065032 -0.78702 0.787047 -1.56253
# x y Real Imaginary Modulus Phase <-> f = 0 s = 10
-0.0429804 -0.101256 0.884148 0.124042 0.892807 0.139386
-0.00191976 -0.109983 -0.348182 0.124241 0.369685 2.79885
0.0394205 -0.102694 0.076994 -0.120734 0.143195 -1.00311
0.0750198 -0.0804489 0.00705375 0.0588304 0.0592518 1.45147
0.0996939 -0.046488 -0.0224735 -0.0107799 0.0249252 -2.69434
0.109849 -0.00575696 0.0316784 -0.00734244 0.0325182 -0.227759
0.104007 0.0358125 -0.0244874 -0.00234232 0.0245991 -3.04623
0.0830181 0.0721665 0.0161572 0.0134667 0.0210335 0.694825
0.049939 0.0980107 -0.0118053 -0.00204141 0.0119805 -2.97036
0.00958713 0.109581 0.0127534 0.008189 0.0151562 0.570803
-0.0321609 0.105194 -0.0152673 -0.0450031 0.0475223 -1.89786
-0.0692252 0.0854861 0.0327155 0.132232 0.136219 1.32826
-0.0962082 0.0533291 -0.0430339 -0.30338 0.306417 -1.7117
-0.10918 0.0134056 0.0497162 0.595501 0.597573 1.4875
-0.106252 -0.0284701 0.119669 -0.772238 0.781456 -1.41706
# x y Real Imaginary Modulus Phase <-> f = 0 s = 11
-0.000959919 -0.109996 0.768006 0.19935 0.793456 0.253964
0.0403151 -0.102346 -0.319104 0.101159 0.334754 2.8346
0.075719 -0.0797912 0.0992652 -0.122193 0.157432 -0.888564
0.100096 -0.0456163 -0.00371621 0.0763982 0.0764886 1.6194
0.109895 -0.00479813 -0.00783858 -0.0379604 0.0387612 -1.77443
0.103691 0.0367188 0.00740658 0.0146 0.0163712 1.10133
0.0823851 0.0728882 -0.00746402 -0.00531485 0.00916293 -2.52282
0.0490818 0.0984428 0.0122244 0.00545424 0.013386 0.419671
0.0086305 0.109661 -0.0066364 -0.00136028 0.00677438 -2.93942
-0.0330776 0.104909 0.00504139 0.0089669 0.0102869 1.05862
-0.0699686 0.0848787 -0.0107499 -0.0410019 0.0423877 -1.82721
-0.0966699 0.0524875 0.0278232 0.105738 0.109338 1.3135
-0.109293 0.0124524 -0.0580342 -0.23772 0.244702 -1.81024
-0.105999 -0.0293962 0.012827 0.423422 0.423616 1.54051
-0.0872689 -0.0669638 0.280529 -0.675475 0.731411 -1.17716
# x y Real Imaginary Modulus Phase <-> f = 0 s = 12
0.0412067 -0.10199 0.820574 0.190429 0.842381 0.228031
0.0764124 -0.0791274 -0.423382 0.109296 0.437262 2.88896
0.10049 -0.044741 0.172232 -0.156461 0.232688 -0.737456
0.109933 -0.00383894 -0.0729244 0.106359 0.128958 2.17182
0.103366 0.0376222 0.0373908 -0.0480576 0.0608901 -0.909588
0.0817459 0.0736044 -0.0123897 0.0144236 0.0190143 2.28049
0.0482208 0.0988673 0.00276513 -0.00530486 0.00598226 -1.0903
0.00767321 0.109732 0.00532575 0.00106197 0.0054306 0.196821
-0.0339919 0.104616 -0.00312761 0.00043921 0.0031583 3.00208
-0.0707066 0.0842649 0.00846671 0.00424307 0.00947042 0.464565
-0.0971242 0.0516419 -0.0256991 -0.0147745 0.0296434 -2.61983
-0.109397 0.0114981 0.0619739 0.0433048 0.0756046 0.609892
-0.105739 -0.0303201 -0.0874225 -0.109545 0.140152 -2.24435
-0.0866812 -0.0677228 0.0334113 0.283589 0.28555 1.45352
-0.055 -0.0952628 0.268139 -0.515711 0.581254 -1.09132
# x y Real Imaginary Modulus Phase <-> f = 0 s = 13
0.0771 -0.0784575 0.944172 0.0345699 0.944805 0.0365976
0.100877 -0.0438624 -0.575509 0.239588 0.623388 2.74711
0.109962 -0.00287946 0.332086 -0.228539 0.403127 -0.602757
0.103034 0.0385228 -0.185831 0.108836 0.215357 2.61178
0.0811005 0.0743149 0.082759 -0.0285915 0.0875587 -0.332641
0.0473562 0.0992844 -0.0296301 0.00525004 0.0300917 2.96623
0.00671534 0.109795 0.00840764 -0.00369537 0.00918391 -0.414108
-0.0349035 0.104316 0.00424211 0.00398667 0.00582143 0.754366
-0.0714393 0.0836447 -0.00420915 0.0100248 0.0108726 1.96832
-0.0975712 0.0507923 0.00300748 -0.0130696 0.0134112 -1.34462
-0.109494 0.010543 -0.02398 0.00872419 0.0255177 2.79267
-0.10547 -0.0312417 0.0517148 -0.000907917 0.0517228 -0.0175544
-0.0860869 -0.0684766 -0.0739704 -0.0694325 0.101452 -2.38783
-0.0541666 -0.0957391 0.0296938 0.237899 0.239745 1.44662
-0.0143579 -0.109059 0.299402 -0.538329 0.615987 -1.06323
# x y Real Imaginary Modulus Phase <-> f = 0 s = 14
0.101256 -0.0429804 0.740571 -0.0840676 0.745327 -0.113033
0.109983 -0.00191976 -0.566652 0.443967 0.719862 2.477
0.102694 0.0394205 0.406658 -0.312308 0.512745 -0.654913
0.0804489 0.0750198 -0.213002 0.127708 0.248353 2.6015
0.046488 0.0996939 0.0875632 -0.0494549 0.100564 -0.514128
0.00575696 0.109849 -0.0244504 0.0251307 0.0350624 2.34247
-0.0358125 0.104007 0.00318704 -0.0123571 0.0127615 -1.31839
-0.0721665 0.0830181 0.00759199 0.0109814 0.0133502 0.965898
-0.0980107 0.049939 -0.0131191 0.0148491 0.0198143 2.29442
-0.109581 0.00958713 0.00415506 -0.0299766 0.0302632 -1.43306
-0.105194 -0.0321609 -0.00845264 0.0238669 0.0253195 1.91117
-0.0854861 -0.0692252 0.0390354 -0.00272852 0.0391306 -0.0697851
-0.0533291 -0.0962082 -0.0732977 -0.0776717 0.106796 -2.32723
-0.0134056 -0.10918 0.00705342 0.311546 0.311626 1.54816
0.0284701 -0.106252 0.307848 -0.726039 0.788608 -1.16976
# x y Real Imaginary Modulus Phase <-> f = 0 s = 15
0.109996 -0.000959919 0.672313 0.0145752 0.672471 0.0216758
0.102346 0.0403151 -0.517133 0.43052 0.672885 2.44734
0.0797912 0.075719 0.344375 -0.291889 0.451435 -0.703093
0.0456163 0.100096 -0.152708 0.140244 0.207335 2.39871
0.00479813 0.109895 0.0382265 -0.0610374 0.0720197 -1.01128
-0.0367188 0.103691 0.00166943 0.0300223 0.0300687 1.51525
-0.0728882 0.0823851 -0.0109771 -0.00702991 0.0130352 -2.57199
-0.0984428 0.0490818 0.00619891 0.0108168 0.0124671 1.0504
-0.109661 0.0086305 -0.0192216 0.0179435 0.0262952 2.39057
-0.104909 -0.0330776 0.00270065 -0.0380281 0.0381239 -1.4999
-0.0848787 -0.0699686 -0.00750368 0.0233018 0.0244802 1.88233
-0.0524875 -0.0966699 0.0551197 0.0129762 0.0566265 0.231209
-0.0124524 -0.109293 -0.0805721 -0.145291 0.166137 -2.07713
0.0293962 -0.105999 0.00569109 0.477119 0.477153 1.55887
0.0669638 -0.0872689 0.0724243 -0.780721 0.784073 -1.4783
