# x y Real Imaginary Modulus Phase <-> f = 0 s = 0
0.10199 0.0412067 0.744155 -0.0339177 0.744928 -0.0455473
0.0791274 0.0764124 -0.568285 0.323653 0.653987 2.62388
0.044741 0.10049 0.293789 -0.224737 0.36989 -0.653007
0.00383894 0.109933 -0.0899229 0.107522 0.140168 2.2673
-0.0376222 0.103366 0.00991048 -0.049061 0.0500519 -1.37148
-0.0736044 0.0817459 0.00795511 0.0160765 0.017937 1.11129
-0.0988673 0.0482208 -0.0211466 -0.00120564 0.0211809 -3.08464
-0.109732 0.00767321 -0.000732415 0.00468289 0.00473982 1.72594
-0.104616 -0.0339919 -0.0201599 0.0192139 0.0278496 2.38022
-0.0842649 -0.0707066 0.00866089 -0.0311569 0.0323382 -1.29966
-0.0516419 -0.0971242 -0.0211876 0.00957215 0.0232495 2.71726
-0.0114981 -0.109397 0.0534452 0.063709 0.0831578 0.872785
0.0303201 -0.105739 -0.0472709 -0.279465 0.283435 -1.73836
0.0677228 -0.0866812 0.125198 0.639752 0.651888 1.37754
0.0952628 -0.055 -0.00907039 -0.643516 0.64358 -1.58489
# x y Real Imaginary Modulus Phase <-> f = 0 s = 1
0.0784575 0.0771 0.814155 -0.0777731 0.817861 -0.0952372
0.0438624 0.100877 -0.568523 0.27124 0.629913 2.69644
0.00287946 0.109962 0.231265 -0.178655 0.292235 -0.657754
-0.0385228 0.103034 -0.0540402 0.105225 0.118291 2.04524
-0.0743149 0.0811005 0.00151865 -0.0416493 0.041677 -1.53435
-0.0992844 0.0473562 0.0111436 0.00923178 0.0144709 0.691841
-0.109795 0.00671534 -0.0207209 9.82549e-06 0.0207209 3.14112
-0.104316 -0.0349035 0.0032867 0.00919829 0.00976786 1.22762
-0.0836447 -0.0714393 -0.0185777 0.0176685 0.025638 2.38127
-0.0507923 -0.0975712 0.0106295 -0.00683283 0.0126362 -0.571309
-0.010543 -0.109494 -0.0285579 -0.0297224 0.0412186 -2.33622
0.0312417 -0.10547 0.0178709 0.135993 0.137162 1.44013
0.0684766 -0.0860869 -0.0550446 -0.387143 0.391036 -1.71203
0.0957391 -0.0541666 0.189024 0.624396 0.65238 1.27684
0.109059 -0.0143579 0.0464637 -0.688148 0.689715 -1.50338
# x y Real Imaginary Modulus Phase <-> f = 0 s = 2
0.0429804 0.101256 0.869746 -0.0768363 0.873134 -0.0881146
0.00191976 0.109983 -0.521658 0.189532 0.555022 2.7931
-0.0394205 0.102694 0.183968 -0.17882 0.256556 -0.771209
-0.0750198 0.0804489 -0.0377103 0.0997386 0.10663 1.93227
-0.0996939 0.046488 0.00175151 -0.0451654 0.0451993 -1.53204
-0.109849 0.00575696 0.0141365 0.00991639 0.0172677 0.611715
-0.104007 -0.0358125 -0.0160319 -0.00646121 0.017285 -2.75848
-0.0830181 -0.0721665 0.00951279 0.0105891 0.0142345 0.838889
-0.049939 -0.0980107 -0.00802265 0.00911347 0.0121416 2.29262
-0.00958713 -0.109581 0.0081726 0.0130274 0.0153787 1.01052
0.0321609 -0.105194 0.00249074 -0.0580016 0.0580551 -1.52788
0.0692252 -0.0854861 0.0147691 0.175316 0.175937 1.48675
0.0962082 -0.0533291 -0.0923916 -0.355071 0.366894 -1.82536
0.10918 -0.0134056 0.0997765 0.561222 0.570022 1.39485
0.106252 0.0284701 0.101557 -0.77184 0.778493 -1.43997
# x y Real Imaginary Modulus Phase <-> f = 0 s = 3
0.000959919 0.109996 0.895681 0.00346065 0.895688 0.00386369
-0.0403151 0.102346 -0.475488 0.20281 0.516934 2.73843
-0.075719 0.0797912 0.168919 -0.170691 0.240143 -0.790617
-0.100096 0.0456163 -0.0431556 0.1001 0.109007 1.97784
-0.109895 0.00479813 -0.00312695 -0.0460045 0.0461106 -1.63866
-0.103691 -0.0367188 0.00684884 0.0213099 0.0223835 1.25983
-0.0823851 -0.0728882 -0.0101911 -0.00937514 0.0138474 -2.39787
-0.0490818 -0.0984428 0.00900026 0.00541528 0.0105038 0.541655
-0.0086305 -0.109661 -0.00392146 -0.00127743 0.00412428 -2.82668
0.0330776 -0.104909 -0.00344343 0.0149562 0.0153475 1.79709
0.0699686 -0.0848787 0.000246772 -0.0733196 0.07332 -1.56743
0.0966699 -0.0524875 0.0496795 0.152707 0.160585 1.25627
0.109293 -0.0124524 -0.0801175 -0.280359 0.291582 -1.84915
0.105999 0.0293962 0.0512065 0.525207 0.527698 1.47361
0.0872689 0.0669638 0.148992 -0.78481 0.798827 -1.38318
# x y Real Imaginary Modulus Phase <-> f = 0 s = 4
-0.0412067 0.10199 0.87362 -0.0171762 0.873789 -0.0196584
-0.0764124 0.0791274 -0.472658 0.180634 0.505998 2.77655
-0.10049 0.044741 0.195159 -0.171136 0.259566 -0.719907
-0.109933 0.00383894 -0.0603021 0.106544 0.122425 2.08583
-0.103366 -0.0376222 0.0204419 -0.0516162 0.0555167 -1.19371
-0.0817459 -0.0736044 -0.00732975 0.0185762 0.01997 1.94662
-0.0482208 -0.0988673 -0.00269578 -0.00246784 0.00365478 -2.40031
-0.00767321 -0.109732 0.0104129 0.00158417 0.0105327 0.150978
0.0339919 -0.104616 -0.00370436 -0.00303674 0.00479 -2.45491
0.0707066 -0.0842649 0.00743813 0.0223706 0.0235748 1.2498
0.0971242 -0.0516419 -0.0329924 -0.0453928 0.056116 -2.1993
0.109397 -0.0114981 0.0545486 0.0882947 0.103786 1.01739
0.105739 0.0303201 -0.0722333 -0.211687 0.223672 -1.89963
0.0866812 0.0677228 0.0152447 0.438819 0.439084 1.53607
0.055 0.0952628 0.221725 -0.737409 0.770022 -1.27872
# x y Real Imaginary Modulus Phase <-> f = 0 s = 5
-0.0771 0.0784575 0.898337 -0.0221358 0.89861 -0.0246358
-0.100877 0.0438624 -0.550311 0.221778 0.593319 2.7585
-0.109962 0.00287946 0.260462 -0.212119 0.335909 -0.683458
-0.103034 -0.0385228 -0.125266 0.119379 0.17304 2.38025
-0.0811005 -0.0743149 0.0553563 -0.0420964 0.0695444 -0.650164
-0.0473562 -0.0992844 -0.0122145 0.00816155 0.0146903 2.55254
-0.00671534 -0.109795 -0.00444879 -0.00228327 0.00500051 -2.66741
0.0349035 -0.104316 0.0120074 0.00615479 0.0134929 0.473663
0.0714393 -0.0836447 -0.0128907 -0.00306562 0.0132502 -2.90811
0.0975712 -0.0507923 0.0211352 0.00674683 0.0221859 0.308998
0.109494 -0.010543 -0.0339166 -0.0160913 0.0375402 -2.6986
0.10547 0.0312417 0.0608079 0.0617236 0.0866452 0.792871
0.0860869 0.0684766 -0.0878794 -0.172425 0.193528 -2.04215
0.0541666 0.0957391 0.0446514 0.403101 0.405567 1.46048
0.0143579 0.109059 0.190372 -0.721791 0.746474 -1.31292
# x y Real Imaginary Modulus Phase <-> f = 0 s = 6
-0.101256 0.0429804 0.840964 -0.0395185 0.841892 -0.0469573
-0.109983 0.00191976 -0.548231 0.309787 0.629702 2.62726
-0.102694 -0.0394205 0.323177 -0.239538 0.402271 -0.637844
-0.0804489 -0.0750198 -0.14725 0.108053 0.182642 2.50854
-0.046488 -0.0996939 0.050042 -0.038229 0.0629735 -0.652363
-0.00575696 -0.109849 0.00148843 0.0142127 0.0142905 1.46645
0.0358125 -0.104007 -0.0171355 0.00226272 0.0172842 3.0103
0.0721665 -0.0830181 0.0134657 0.0124643 0.018349 0.746797
0.0980107 -0.049939 -0.0211208 0.00879929 0.0228804 2.74684
0.109581 -0.00958713 0.0137381 -0.0052873 0.0147204 -0.367391
0.105194 0.0321609 -0.029884 -0.00660529 0.0306053 -2.92406
0.0854861 0.0692252 0.0635462 0.0485506 0.0799705 0.652414
0.0533291 0.0962082 -0.0902692 -0.155316 0.179643 -2.09728
0.0134056 0.10918 0.0370201 0.390549 0.3923 1.47629
-0.0284701 0.106252 0.227704 -0.744328 0.778379 -1.27392
# x y Real Imaginary Modulus Phase <-> f = 0 s = 7
-0.109996 0.000959919 0.766559 -0.0709556 0.769836 -0.0923008
-0.102346 -0.0403151 -0.611736 0.356155 0.707861 2.61436
-0.0797912 -0.075719 0.346996 -0.204094 0.402567 -0.531679
-0.0456163 -0.100096 -0.121529 0.092635 0.152809 2.4903
-0.00479813 -0.109895 0.00854298 -0.0397919 0.0406986 -1.35931
0.0367188 -0.103691 0.0116677 0.00132747 0.011743 0.113286
0.0728882 -0.0823851 -0.0301386 -0.00115859 0.0301608 -3.10317
0.0984428 -0.0490818 0.00840052 0.00673171 0.010765 0.67556
0.109661 -0.0086305 -0.0230163 0.0129623 0.0264154 2.62869
0.104909 0.0330776 0.0112499 -0.0104193 0.0153337 -0.747083
0.0848787 0.0699686 -0.0265186 -0.00924113 0.0280827 -2.80628
0.0524875 0.0966699 0.0619378 0.0479716 0.0783426 0.659006
0.0124524 0.109293 -0.084106 -0.172499 0.19191 -2.02445
-0.0293962 0.105999 0.015462 0.459908 0.460168 1.53719
-0.0669638 0.0872689 0.153336 -0.76211 0.777382 -1.37225
# x y Real Imaginary Modulus Phase <-> f = 0 s = 8
-0.10199 -0.0412067 0.730092 -0.144374 0.744229 -0.195229
-0.0791274 -0.0764124 -0.618912 0.319045 0.696306 2.66563
-0.044741 -0.10049 0.259814 -0.178479 0.315212 -0.601914
-0.00383894 -0.109933 -0.0270447 0.0916808 0.0955865 1.85765
0.0376222 -0.103366 -0.0211658 -0.0243046 0.0322289 -2.28727
0.0736044 -0.0817459 0.0310639 -0.0143649 0.0342245 -0.433143
0.0988673 -0.0482208 -0.0354272 0.00198883 0.035483 3.08551
0.109732 -0.00767321 0.00481833 0.00307421 0.00571551 0.567911
0.104616 0.0339919 -0.0225058 0.0139615 0.0264846 2.58634
0.0842649 0.0707066 0.0165976 -0.0116536 0.0202802 -0.612151
0.0516419 0.0971242 -0.0359051 -0.00707573 0.0365956 -2.94702
0.0114981 0.109397 0.06324 0.0630186 0.0892784 0.783645
-0.0303201 0.105739 -0.0792247 -0.231873 0.245034 -1.90003
-0.0677228 0.0866812 0.0842 0.52218 0.528925 1.41093
-0.0952628 0.055 0.0730928 -0.738407 0.742016 -1.47213
# x y Real Imaginary Modulus Phase <-> f = 0 s = 9
-0.0784575 -0.0771 0.863994 -0.0532533 0.865634 -0.0615583
-0.0438624 -0.100877 -0.503224 0.155996 0.526849 2.84099
-0.00287946 -0.109962 0.115293 -0.135319 0.177774 -0.865137
0.0385228 -0.103034 0.0108568 0.0579324 0.0589409 1.38554
0.0743149 -0.0811005 -0.0254887 -0.00401356 0.0258028 -2.98541
0.0992844 -0.0473562 0.0376361 -0.0214436 0.0433163 -0.517889
0.109795 -0.00671534 -0.0333834 0.00400175 0.0336224 3.02229
0.104316 0.0349035 0.0077772 0.00958902 0.0123464 0.889352
0.0836447 0.0714393 -0.0189339 0.00799345 0.020552 2.74212
0.0507923 0.0975712 0.0185535 -0.00183514 0.018644 -0.0985903
0.010543 0.109494 -0.0336739 -0.0232128 0.0408995 -2.53806
-0.0312417 0.10547 0.0463415 0.110704 0.120012 1.17435
-0.0684766 0.0860869 -0.0766422 -0.298933 0.308601 -1.82178
-0.0957391 0.0541666 0.0807699 0.594818 0.600277 1.43583
-0.109059 0.0143579 0.00733776 -0.792436 0.79247 -1.56154
# x y Real Imaginary Modulus Phase <-> f = 0 s = 10
-0.0429804 -0.101256 0.886073 0.131993 0.89585 0.147877
-0.00191976 -0.109983 -0.346049 0.118363 0.365732 2.81203
0.0394205 -0.102694 0.0743945 -0.116281 0.138042 -1.00164
0.0750198 -0.0804489 0.00548619 0.0533476 0.0536289 1.46832
0.0996939 -0.046488 -0.0219914 -0.00359076 0.0222826 -2.97974
0.109849 -0.00575696 0.0330846 -0.00789564 0.0340137 -0.234268
0.104007 0.0358125 -0.0281833 -0.000338863 0.0281854 -3.12957
0.0830181 0.0721665 0.0136563 0.0141712 0.0196804 0.803896
0.049939 0.0980107 -0.0142224 -0.000250117 0.0142246 -3.12401
0.00958713 0.109581 0.0118427 0.00790543 0.0142389 0.588603
-0.0321609 0.105194 -0.0133759 -0.0415694 0.0436684 -1.88211
-0.0692252 0.0854861 0.031733 0.130685 0.134483 1.33259
-0.0962082 0.0533291 -0.0399151 -0.299775 0.30242 -1.70317
-0.10918 0.0134056 0.0431586 0.593519 0.595086 1.49821
-0.106252 -0.0284701 0.12604 -0.779131 0.78926 -1.41042
# x y Real Imaginary Modulus Phase <-> f = 0 s = 11
-0.000959919 -0.109996 0.765177 0.210201 0.793524 0.268096
0.0403151 -0.102346 -0.31556 0.0936938 0.329176 2.85297
0.075719 -0.0797912 0.0978007 -0.116397 0.152031 -0.872001
0.100096 -0.0456163 -0.00486015 0.0743984 0.074557 1.63603
0.109895 -0.00479813 -0.0108748 -0.030743 0.0326097 -1.91079
0.103691 0.0367188 0.0074057 0.0165033 0.0180888 1.14899
0.0823851 0.0728882 -0.00839537 -0.00227824 0.00869901 -2.87661
0.0490818 0.0984428 0.0108008 0.00683421 0.0127814 0.564155
0.0086305 0.109661 -0.0062261 0.000699639 0.00626528 3.02969
-0.0330776 0.104909 0.00598319 0.00751066 0.00960253 0.898116
-0.0699686 0.0848787 -0.00836879 -0.0404166 0.041274 -1.77497
-0.0966699 0.0524875 0.0258437 0.103364 0.106546 1.32579
-0.109293 0.0124524 -0.052016 -0.234618 0.240315 -1.78897
-0.105999 -0.0293962 0.00597276 0.423427 0.423469 1.55669
-0.0872689 -0.0669638 0.287444 -0.674148 0.732871 -1.16776
# x y Real Imaginary Modulus Phase <-> f = 0 s = 12
0.0412067 -0.10199 0.820205 0.201018 0.844479 0.240346
0.0764124 -0.0791274 -0.424172 0.101327 0.436107 2.90711
0.10049 -0.044741 0.170579 -0.154772 0.23033 -0.736853
0.109933 -0.00383894 -0.0705878 0.100618 0.122909 2.18256
0.103366 0.0376222 0.0305337 -0.0501411 0.0587063 -1.02382
0.0817459 0.0736044 -0.0157595 0.0179829 0.0239112 2.2904
0.0482208 0.0988673 0.00336817 -0.00355466 0.00489696 -0.81233
0.00767321 0.109732 0.00576896 0.00157567 0.00598027 0.266626
-0.0339919 0.104616 -0.00202921 0.00222258 0.00300958 2.31075
-0.0707066 0.0842649 0.00821996 0.00307683 0.00877694 0.358167
-0.0971242 0.0516419 -0.0240498 -0.012975 0.0273266 -2.64684
-0.109397 0.0114981 0.0593184 0.0408699 0.0720349 0.603299
-0.105739 -0.0303201 -0.0824294 -0.107419 0.135401 -2.22532
-0.0866812 -0.0677228 0.0287474 0.280357 0.281827 1.46861
-0.055 -0.0952628 0.275322 -0.508517 0.578267 -1.07456
# x y Real Imaginary Modulus Phase <-> f = 0 s = 13
0.0771 -0.0784575 0.953099 0.036959 0.953815 0.0387583
0.100877 -0.0438624 -0.576262 0.239137 0.623911 2.74824
0.109962 -0.00287946 0.335928 -0.221718 0.4025 -0.583383
0.103034 0.0385228 -0.175414 0.105085 0.204482 2.60186
0.0811005 0.0743149 0.0835538 -0.0364081 0.0911416 -0.410936
0.0473562 0.0992844 -0.0328794 0.00328826 0.0330434 3.04191
0.00671534 0.109795 0.00784061 -0.00276597 0.00831419 -0.339145
-0.0349035 0.104316 0.00340524 0.00467912 0.00578703 0.941687
-0.0714393 0.0836447 -0.00645423 0.0119224 0.0135573 2.06698
-0.0975712 0.0507923 0.00156851 -0.0155884 0.0156671 -1.47051
-0.109494 0.010543 -0.0204129 0.0111211 0.0232457 2.64275
-0.10547 -0.0312417 0.0459989 -0.000999477 0.0460098 -0.0217248
-0.0860869 -0.0684766 -0.0715049 -0.0682927 0.0988779 -2.37917
-0.0541666 -0.0957391 0.0248975 0.231635 0.232969 1.46372
-0.0143579 -0.109059 0.306444 -0.530581 0.612719 -1.04704
# x y Real Imaginary Modulus Phase <-> f = 0 s = 14
0.101256 -0.0429804 0.745006 -0.0911846 0.750565 -0.121789
0.109983 -0.00191976 -0.575434 0.443026 0.726221 2.48548
0.102694 0.0394205 0.409477 -0.301237 0.508345 -0.634263
0.0804489 0.0750198 -0.205212 0.128462 0.242105 2.58228
0.046488 0.0996939 0.09149 -0.0526675 0.105567 -0.522333
0.00575696 0.109849 -0.0260308 0.0235702 0.0351163 2.40576
-0.0358125 0.104007 3.86732e-05 -0.010972 0.0109721 -1.56727
-0.0721665 0.0830181 0.0044311 0.0124137 0.0131808 1.22794
-0.0980107 0.049939 -0.0156167 0.0129981 0.0203183 2.44746
-0.109581 0.00958713 0.00356619 -0.0341105 0.0342964 -1.46663
-0.105194 -0.0321609 -0.00324875 0.0258165 0.0260201 1.69598
-0.0854861 -0.0692252 0.0341622 -0.00338144 0.0343292 -0.0986604
-0.0533291 -0.0962082 -0.0696948 -0.076316 0.103351 -2.31088
-0.0134056 -0.10918 -6.5389e-05 0.307365 0.307365 1.57101
0.0284701 -0.106252 0.31639 -0.728105 0.793876 -1.16087
# x y Real Imaginary Modulus Phase <-> f = 0 s = 15
0.109996 -0.000959919 0.669864 0.0103372 0.669944 0.0154305
0.102346 0.0403151 -0.525632 0.431269 0.679913 2.45449
0.0797912 0.075719 0.343352 -0.284586 0.445959 -0.692084
0.0456163 0.100096 -0.149193 0.141198 0.205416 2.38372
0.00479813 0.109895 0.0382001 -0.0619694 0.0727973 -1.01838
-0.0367188 0.103691 0.000173014 0.0268199 0.0268205 1.56435
-0.0728882 0.0823851 -0.0145441 -0.00662059 0.0159801 -2.71442
-0.0984428 0.0490818 0.00230602 0.00947279 0.00974944 1.332
-0.109661 0.0086305 -0.019987 0.0159881 0.0255949 2.4669
-0.104909 -0.0330776 0.00439277 -0.0397427 0.0399847 -1.46071
-0.0848787 -0.0699686 -0.0024404 0.0281923 0.0282977 1.65714
-0.0524875 -0.0966699 0.0504006 0.0144565 0.0524329 0.279332
-0.0124524 -0.109293 -0.0796729 -0.144118 0.164674 -2.07581
0.0293962 -0.105999 0.00456062 0.477643 0.477664 1.56125
0.0669638 -0.0872689 0.0748364 -0.78548 0.789037 -1.47581
