# x y Real Imaginary Modulus Phase <-> f = 0 s = 0
0.10199 0.0412067 0.746472 -0.032923 0.747198 -0.0440762
0.0791274 0.0764124 -0.569818 0.321164 0.654094 2.62835
0.044741 0.10049 0.292802 -0.225696 0.369692 -0.65669
0.00383894 0.109933 -0.0916651 0.107052 0.140935 2.27892
-0.0376222 0.103366 0.0102265 -0.0494158 0.0504629 -1.36673
-0.0736044 0.0817459 0.00871969 0.0185973 0.02054 1.13236
-0.0988673 0.0482208 -0.0205525 -0.000534913 0.0205595 -3.11557
-0.109732 0.00767321 -0.00207277 0.0063005 0.00663269 1.88863
-0.104616 -0.0339919 -0.0195658 0.016114 0.0253472 2.45264
-0.0842649 -0.0707066 0.00898913 -0.0333152 0.0345066 -1.30725
-0.0516419 -0.0971242 -0.0237196 0.00939912 0.0255139 2.76431
-0.0114981 -0.109397 0.0532854 0.0646024 0.0837425 0.881103
0.0303201 -0.105739 -0.0445001 -0.279022 0.282549 -1.72895
0.0677228 -0.0866812 0.122612 0.642459 0.654054 1.38222
0.0952628 -0.055 -0.00971952 -0.644783 0.644856 -1.58587
# x y Real Imaginary Modulus Phase <-> f = 0 s = 1
0.0784575 0.0771 0.814199 -0.0747371 0.817622 -0.0915356
0.0438624 0.100877 -0.567922 0.270966 0.629252 2.69642
0.00287946 0.109962 0.232899 -0.181994 0.295573 -0.663314
-0.0385228 0.103034 -0.0556273 0.105178 0.118982 2.05729
-0.0743149 0.0811005 -0.000683392 -0.0393027 0.0393086 -1.58818
-0.0992844 0.0473562 0.0121754 0.00821507 0.0146877 0.593563
-0.109795 0.00671534 -0.0225315 -0.000328954 0.0225339 -3.12699
-0.104316 -0.0349035 0.00329349 0.00568702 0.00657186 1.04587
-0.0836447 -0.0714393 -0.0180641 0.0171124 0.0248826 2.38324
-0.0507923 -0.0975712 0.0108376 -0.00719949 0.013011 -0.586365
-0.010543 -0.109494 -0.0272955 -0.0300787 0.0406174 -2.30772
0.0312417 -0.10547 0.0194845 0.138896 0.140256 1.43142
0.0684766 -0.0860869 -0.0535674 -0.387092 0.390781 -1.70831
0.0957391 -0.0541666 0.191727 0.62406 0.652848 1.27272
0.109059 -0.0143579 0.0480856 -0.691611 0.693281 -1.50138
# x y Real Imaginary Modulus Phase <-> f = 0 s = 2
0.0429804 0.101256 0.870757 -0.0812741 0.874542 -0.0930676
0.00191976 0.109983 -0.523455 0.190322 0.556981 2.79286
-0.0394205 0.102694 0.186837 -0.180591 0.259848 -0.768401
-0.0750198 0.0804489 -0.0387504 0.101502 0.108648 1.93549
-0.0996939 0.046488 -0.000143837 -0.042297 0.0422972 -1.5742
-0.109849 0.00575696 0.0135154 0.00915205 0.0163226 0.59523
-0.104007 -0.0358125 -0.015369 -0.00491913 0.0161371 -2.83183
-0.0830181 -0.0721665 0.0106366 0.0093145 0.0141385 0.719227
-0.049939 -0.0980107 -0.00856748 0.00763896 0.0114785 2.41343
-0.00958713 -0.109581 0.00728778 0.0112167 0.0133763 0.994613
0.0321609 -0.105194 0.00159124 -0.0564174 0.0564398 -1.5426
0.0692252 -0.0854861 0.0116412 0.174787 0.175175 1.50429
0.0962082 -0.0533291 -0.0919955 -0.351218 0.363067 -1.82697
0.10918 -0.0134056 0.101751 0.558371 0.567567 1.39055
0.106252 0.0284701 0.101111 -0.772869 0.779455 -1.44071
# x y Real Imaginary Modulus Phase <-> f = 0 s = 3
0.000959919 0.109996 0.897167 0.000504812 0.897167 0.000562674
-0.0403151 0.102346 -0.475491 0.201493 0.516421 2.74078
-0.075719 0.0797912 0.167182 -0.174728 0.241826 -0.807467
-0.100096 0.0456163 -0.0420935 0.100617 0.109068 1.96702
-0.109895 0.00479813 -0.00377361 -0.0452118 0.045369 -1.65407
-0.103691 -0.0367188 0.00684836 0.0228336 0.0238384 1.27941
-0.0823851 -0.0728882 -0.00740503 -0.00969963 0.0122032 -2.22284
-0.0490818 -0.0984428 0.010285 0.00698765 0.0124342 0.596767
-0.0086305 -0.109661 -0.00606718 -0.000973774 0.00614483 -2.98245
0.0330776 -0.104909 -0.00253422 0.0146651 0.0148825 1.74191
0.0699686 -0.0848787 0.00104838 -0.0741803 0.0741877 -1.55666
0.0966699 -0.0524875 0.0527071 0.15113 0.160057 1.23523
0.109293 -0.0124524 -0.0808648 -0.281657 0.293035 -1.85038
0.105999 0.0293962 0.0514997 0.525497 0.528014 1.47311
0.0872689 0.0669638 0.151773 -0.786261 0.800776 -1.38011
# x y Real Imaginary Modulus Phase <-> f = 0 s = 4
-0.0412067 0.10199 0.873168 -0.0165935 0.873325 -0.0190016
-0.0764124 0.0791274 -0.472024 0.18072 0.505437 2.77595
-0.10049 0.044741 0.194499 -0.170743 0.258811 -0.720449
-0.109933 0.00383894 -0.0611718 0.106392 0.122725 2.0926
-0.103366 -0.0376222 0.0206014 -0.0511167 0.0551121 -1.18768
-0.0817459 -0.0736044 -0.00657879 0.018678 0.0198027 1.90945
-0.0482208 -0.0988673 -0.00294219 -0.00277632 0.0040453 -2.38519
-0.00767321 -0.109732 0.0112276 0.00184552 0.0113782 0.162917
0.0339919 -0.104616 -0.00412702 -0.00356284 0.00545216 -2.42943
0.0707066 -0.0842649 0.0074344 0.0216482 0.0228892 1.24
0.0971242 -0.0516419 -0.0326292 -0.0447543 0.055386 -2.20077
0.109397 -0.0114981 0.0537521 0.0890209 0.10399 1.02758
0.105739 0.0303201 -0.0723654 -0.21102 0.223084 -1.90116
0.0866812 0.0677228 0.0157583 0.43952 0.439803 1.53496
0.055 0.0952628 0.22087 -0.737263 0.769637 -1.27972
# x y Real Imaginary Modulus Phase <-> f = 0 s = 5
-0.0771 0.0784575 0.897984 -0.0221212 0.898256 -0.0246293
-0.100877 0.0438624 -0.549709 0.222222 0.592927 2.75742
-0.109962 0.00287946 0.261093 -0.212481 0.336627 -0.683107
-0.103034 -0.0385228 -0.124433 0.119735 0.172685 2.37543
-0.0811005 -0.0743149 0.0548501 -0.0425865 0.0694416 -0.660195
-0.0473562 -0.0992844 -0.0116457 0.0091818 0.01483 2.47395
-0.00671534 -0.109795 -0.00415246 -0.00226425 0.00472967 -2.64238
0.0349035 -0.104316 0.0122785 0.00670575 0.0139903 0.499874
0.0714393 -0.0836447 -0.012655 -0.00251266 0.012902 -2.94559
0.0975712 -0.0507923 0.0209514 0.00677581 0.0220198 0.31279
0.109494 -0.010543 -0.0342467 -0.0154714 0.0375793 -2.71727
0.10547 0.0312417 0.060325 0.0622064 0.086653 0.800751
0.0860869 0.0684766 -0.0879556 -0.172843 0.193935 -2.04152
0.0541666 0.0957391 0.0436207 0.402161 0.404519 1.46275
0.0143579 0.109059 0.190312 -0.721499 0.746176 -1.3129
# x y Real Imaginary Modulus Phase <-> f = 0 s = 6
-0.101256 0.0429804 0.841946 -0.0399911 0.842896 -0.0474627
-0.109983 0.00191976 -0.548162 0.310301 0.629895 2.62649
-0.102694 -0.0394205 0.322634 -0.239321 0.401705 -0.638214
-0.0804489 -0.0750198 -0.147451 0.108959 0.183341 2.5052
-0.046488 -0.0996939 0.0487563 -0.039228 0.062578 -0.677523
-0.00575696 -0.109849 0.00177372 0.0133735 0.0134906 1.43894
0.0358125 -0.104007 -0.0172448 0.00285916 0.0174802 2.97729
0.0721665 -0.0830181 0.0142951 0.012178 0.0187791 0.705599
0.0980107 -0.049939 -0.0205429 0.00858198 0.0222635 2.74587
0.109581 -0.00958713 0.0139718 -0.00550224 0.0150162 -0.37516
0.105194 0.0321609 -0.030833 -0.00679057 0.0315719 -2.92482
0.0854861 0.0692252 0.0646408 0.0481644 0.0806117 0.640364
0.0533291 0.0962082 -0.0904802 -0.155631 0.180022 -2.09741
0.0134056 0.10918 0.0373676 0.390761 0.392543 1.47546
-0.0284701 0.106252 0.228229 -0.744532 0.778727 -1.27335
# x y Real Imaginary Modulus Phase <-> f = 0 s = 7
-0.109996 0.000959919 0.764867 -0.072766 0.768321 -0.09485
-0.102346 -0.0403151 -0.613095 0.356515 0.709217 2.61489
-0.0797912 -0.075719 0.346366 -0.204251 0.402104 -0.532809
-0.0456163 -0.100096 -0.121925 0.0921121 0.152809 2.49459
-0.00479813 -0.109895 0.00917926 -0.0405292 0.0415557 -1.34807
0.0367188 -0.103691 0.0114665 0.00134676 0.0115453 0.116916
0.0728882 -0.0823851 -0.0297303 -0.000449458 0.0297337 -3.12648
0.0984428 -0.0490818 0.00836212 0.0075516 0.0112673 0.73451
0.109661 -0.0086305 -0.0241821 0.0123744 0.0271643 2.66862
0.104909 0.0330776 0.0105275 -0.0103537 0.0147658 -0.777075
0.0848787 0.0699686 -0.0255195 -0.0091295 0.0271033 -2.79803
0.0524875 0.0966699 0.0620909 0.046518 0.0775835 0.642983
0.0124524 0.109293 -0.0839015 -0.171957 0.191334 -2.02474
-0.0293962 0.105999 0.0161699 0.460285 0.460569 1.53568
-0.0669638 0.0872689 0.152732 -0.761975 0.777132 -1.37298
# x y Real Imaginary Modulus Phase <-> f = 0 s = 8
-0.10199 -0.0412067 0.729506 -0.144233 0.743627 -0.195196
-0.0791274 -0.0764124 -0.618337 0.3196 0.69605 2.66454
-0.044741 -0.10049 0.259195 -0.177023 0.313878 -0.599205
-0.00383894 -0.109933 -0.0266009 0.091632 0.095415 1.85333
0.0376222 -0.103366 -0.0214044 -0.0246456 0.0326428 -2.28593
0.0736044 -0.0817459 0.0308687 -0.014579 0.0341383 -0.441236
0.0988673 -0.0482208 -0.0343923 0.00194099 0.034447 3.08522
0.109732 -0.00767321 0.00493327 0.00311498 0.0058344 0.563205
0.104616 0.0339919 -0.0220244 0.0137529 0.0259657 2.5834
0.0842649 0.0707066 0.0189391 -0.0107817 0.021793 -0.517528
0.0516419 0.0971242 -0.0352495 -0.00753297 0.0360455 -2.93106
0.0114981 0.109397 0.0644667 0.0635782 0.0905436 0.778459
-0.0303201 0.105739 -0.0786855 -0.230012 0.243098 -1.90041
-0.0677228 0.0866812 0.083601 0.522161 0.528812 1.41204
-0.0952628 0.055 0.0728821 -0.74018 0.74376 -1.47265
# x y Real Imaginary Modulus Phase <-> f = 0 s = 9
-0.0784575 -0.0771 0.862799 -0.0512682 0.864321 -0.059351
-0.0438624 -0.100877 -0.502897 0.154456 0.526082 2.8436
-0.00287946 -0.109962 0.114905 -0.135649 0.177774 -0.868003
0.0385228 -0.103034 0.0125874 0.0577861 0.0591411 1.35632
0.0743149 -0.0811005 -0.0258843 -0.00402189 0.0261949 -2.98745
0.0992844 -0.0473562 0.0376361 -0.0226792 0.0439411 -0.542323
0.109795 -0.00671534 -0.0317101 0.00273554 0.0318279 3.05554
0.104316 0.0349035 0.00721462 0.0102504 0.0125348 0.957498
0.0836447 0.0714393 -0.0187718 0.00739579 0.0201762 2.76628
0.0507923 0.0975712 0.0178269 -0.00200576 0.0179394 -0.112042
0.010543 0.109494 -0.034335 -0.0254277 0.0427254 -2.50415
-0.0312417 0.10547 0.0479538 0.111854 0.1217 1.16578
-0.0684766 0.0860869 -0.0768133 -0.300577 0.310236 -1.82099
-0.0957391 0.0541666 0.0816016 0.596985 0.602536 1.43495
-0.109059 0.0143579 0.00803382 -0.791739 0.79178 -1.56065
# x y Real Imaginary Modulus Phase <-> f = 0 s = 10
-0.0429804 -0.101256 0.885058 0.132502 0.894922 0.148606
-0.00191976 -0.109983 -0.345017 0.117961 0.364626 2.81215
0.0394205 -0.102694 0.0734165 -0.115287 0.136679 -1.00375
0.0750198 -0.0804489 0.00488051 0.0539088 0.0541293 1.48051
0.0996939 -0.046488 -0.0213246 -0.00270282 0.0214952 -3.01552
0.109849 -0.00575696 0.0340292 -0.00813567 0.0349882 -0.234674
0.104007 0.0358125 -0.0262476 -0.000170632 0.0262481 -3.13509
0.0830181 0.0721665 0.0134649 0.0142064 0.0195736 0.812189
0.049939 0.0980107 -0.0157002 0.00121057 0.0157468 3.06464
0.00958713 0.109581 0.01274 0.00815101 0.0151244 0.56917
-0.0321609 0.105194 -0.0134123 -0.0410447 0.0431805 -1.88663
-0.0692252 0.0854861 0.0318226 0.132039 0.13582 1.3343
-0.0962082 0.0533291 -0.040722 -0.297668 0.300441 -1.70676
-0.10918 0.0134056 0.0445111 0.593794 0.59546 1.49598
-0.106252 -0.0284701 0.125894 -0.77873 0.78884 -1.41052
# x y Real Imaginary Modulus Phase <-> f = 0 s = 11
-0.000959919 -0.109996 0.765816 0.210152 0.794127 0.267823
0.0403151 -0.102346 -0.316802 0.0946759 0.330646 2.85119
0.075719 -0.0797912 0.0973102 -0.116464 0.151767 -0.874757
0.100096 -0.0456163 -0.00369216 0.0745344 0.0746258 1.62029
0.109895 -0.00479813 -0.00911106 -0.0314223 0.0327165 -1.85301
0.103691 0.0367188 0.00749262 0.0156391 0.0173413 1.12401
0.0823851 0.0728882 -0.00715864 -0.00458551 0.00850136 -2.57189
0.0490818 0.0984428 0.0103087 0.00835295 0.0132681 0.680978
0.0086305 0.109661 -0.0054645 0.00128855 0.00561437 2.91002
-0.0330776 0.104909 0.00547226 0.00856255 0.0101618 1.00213
-0.0699686 0.0848787 -0.00745596 -0.0406646 0.0413425 -1.75213
-0.0966699 0.0524875 0.0281026 0.102573 0.106353 1.30338
-0.109293 0.0124524 -0.049705 -0.233697 0.238924 -1.78036
-0.105999 -0.0293962 0.00634056 0.423864 0.423912 1.55584
-0.0872689 -0.0669638 0.287063 -0.673245 0.73189 -1.16775
# x y Real Imaginary Modulus Phase <-> f = 0 s = 12
0.0412067 -0.10199 0.819185 0.201259 0.843546 0.240911
0.0764124 -0.0791274 -0.42245 0.100644 0.434273 2.90771
0.10049 -0.044741 0.170829 -0.154096 0.230062 -0.733945
0.109933 -0.00383894 -0.0724126 0.101885 0.124997 2.18869
0.103366 0.0376222 0.0305755 -0.0505966 0.0591175 -1.02722
0.0817459 0.0736044 -0.0171716 0.0158779 0.0233874 2.39532
0.0482208 0.0988673 0.00332767 -0.00386862 0.0051029 -0.860428
0.00767321 0.109732 0.00615745 -0.000105982 0.00615836 -0.0172103
-0.0339919 0.104616 -0.00263068 0.00270901 0.00377613 2.34153
-0.0707066 0.0842649 0.00920456 0.00183579 0.00938584 0.19686
-0.0971242 0.0516419 -0.0237605 -0.012448 0.0268237 -2.65901
-0.109397 0.0114981 0.0591561 0.0402838 0.0715697 0.597843
-0.105739 -0.0303201 -0.0837168 -0.107481 0.136237 -2.23254
-0.0866812 -0.0677228 0.0290821 0.281025 0.282526 1.46768
-0.055 -0.0952628 0.275717 -0.507951 0.577957 -1.0735
# x y Real Imaginary Modulus Phase <-> f = 0 s = 13
0.0771 -0.0784575 0.950855 0.0365455 0.951557 0.0384155
0.100877 -0.0438624 -0.578466 0.241254 0.626758 2.74647
0.109962 -0.00287946 0.33713 -0.221362 0.403309 -0.581007
0.103034 0.0385228 -0.1775 0.103796 0.205621 2.61245
0.0811005 0.0743149 0.0820961 -0.0370842 0.0900833 -0.424281
0.0473562 0.0992844 -0.0354814 0.00278068 0.0355902 3.06338
0.00671534 0.109795 0.010331 -0.00389731 0.0110417 -0.360736
-0.0349035 0.104316 0.00241407 0.00257316 0.0035283 0.817288
-0.0714393 0.0836447 -0.00480411 0.00974212 0.0108622 2.02893
-0.0975712 0.0507923 -0.000619995 -0.0164896 0.0165013 -1.60838
-0.109494 0.010543 -0.0172781 0.0105084 0.0202228 2.59517
-0.10547 -0.0312417 0.0456688 0.000126892 0.0456689 0.00277853
-0.0860869 -0.0684766 -0.0705075 -0.0690881 0.0987141 -2.36636
-0.0541666 -0.0957391 0.0215208 0.230483 0.231486 1.47769
-0.0143579 -0.109059 0.307824 -0.531484 0.614191 -1.04583
# x y Real Imaginary Modulus Phase <-> f = 0 s = 14
0.101256 -0.0429804 0.745539 -0.0906357 0.751028 -0.120977
0.109983 -0.00191976 -0.574651 0.44406 0.726232 2.48369
0.102694 0.0394205 0.408848 -0.300476 0.507388 -0.633789
0.0804489 0.0750198 -0.205452 0.128321 0.242233 2.5833
0.046488 0.0996939 0.0912551 -0.0519527 0.105007 -0.51755
0.00575696 0.109849 -0.0275836 0.0211936 0.0347854 2.48646
-0.0358125 0.104007 -0.000244517 -0.0114559 0.0114585 -1.59214
-0.0721665 0.0830181 0.00179678 0.0107296 0.010879 1.40488
-0.0980107 0.049939 -0.0166755 0.0123252 0.020736 2.50509
-0.109581 0.00958713 0.0037305 -0.0343969 0.0345986 -1.46276
-0.105194 -0.0321609 -0.00235782 0.0259634 0.0260702 1.66136
-0.0854861 -0.0692252 0.033276 -0.00193075 0.0333319 -0.0579574
-0.0533291 -0.0962082 -0.0691746 -0.0762567 0.102957 -2.30754
-0.0134056 -0.10918 -0.000657295 0.305646 0.305646 1.57295
0.0284701 -0.106252 0.316238 -0.728827 0.794478 -1.16141
# x y Real Imaginary Modulus Phase <-> f = 0 s = 15
0.109996 -0.000959919 0.668975 0.0106508 0.66906 0.0159198
0.102346 0.0403151 -0.525434 0.432361 0.680454 2.45307
0.0797912 0.075719 0.342905 -0.285464 0.446177 -0.694239
0.0456163 0.100096 -0.148066 0.141755 0.204983 2.37797
0.00479813 0.109895 0.0385681 -0.063962 0.0746903 -1.02819
-0.0367188 0.103691 -0.0006344 0.0265009 0.0265085 1.59473
-0.0728882 0.0823851 -0.0157247 -0.00826251 0.0177633 -2.6578
-0.0984428 0.0490818 -9.12023e-05 0.00826864 0.00826914 1.58183
-0.109661 0.0086305 -0.0211329 0.0183651 0.0279978 2.42616
-0.104909 -0.0330776 0.00314777 -0.040072 0.0401954 -1.4924
-0.0848787 -0.0699686 -0.00140965 0.0282688 0.0283039 1.62062
-0.0524875 -0.0966699 0.0489023 0.0150406 0.051163 0.298381
-0.0124524 -0.109293 -0.0816457 -0.143284 0.164913 -2.08873
0.0293962 -0.105999 0.00461146 0.479182 0.479204 1.56117
0.0669638 -0.0872689 0.0713748 -0.784972 0.788211 -1.48012
