# x y Real Imaginary Modulus Phase <-> f = 0 s = 0
0.10199 0.0412067 0.738297 -0.0278208 0.738821 -0.0376645
0.0791274 0.0764124 -0.559031 0.326744 0.647516 2.61266
0.044741 0.10049 0.289159 -0.236198 0.373367 -0.684928
0.00383894 0.109933 -0.0950594 0.113061 0.147713 2.26991
-0.0376222 0.103366 0.0139027 -0.0529093 0.0547054 -1.31384
-0.0736044 0.0817459 0.00355657 0.0158312 0.0162258 1.34981
-0.0988673 0.0482208 -0.0217178 0.00352668 0.0220023 2.98061
-0.109732 0.00767321 0.00142983 0.00689352 0.00704025 1.36628
-0.104616 -0.0339919 -0.0229982 0.017449 0.0288684 2.49254
-0.0842649 -0.0707066 0.0111436 -0.0339591 0.0357408 -1.25372
-0.0516419 -0.0971242 -0.0260676 0.00652077 0.0268708 2.89647
-0.0114981 -0.109397 0.0581761 0.0656911 0.0877484 0.845993
0.0303201 -0.105739 -0.0569542 -0.282664 0.288345 -1.76962
0.0677228 -0.0866812 0.131844 0.634915 0.648459 1.36605
0.0952628 -0.055 -0.00447772 -0.638653 0.638669 -1.57781
# x y Real Imaginary Modulus Phase <-> f = 0 s = 1
0.0784575 0.0771 0.812402 -0.0721088 0.815596 -0.088528
0.0438624 0.100877 -0.565704 0.279537 0.631001 2.68264
0.00287946 0.109962 0.235234 -0.184663 0.299058 -0.665539
-0.0385228 0.103034 -0.0556011 0.11052 0.123718 2.03691
-0.0743149 0.0811005 0.00209867 -0.0469463 0.0469932 -1.52612
-0.0992844 0.0473562 0.0040971 0.0127665 0.0134078 1.26025
-0.109795 0.00671534 -0.0221533 0.00622849 0.0230123 2.86751
-0.104316 -0.0349035 0.005138 0.0116105 0.0126966 1.15417
-0.0836447 -0.0714393 -0.0219775 0.0152492 0.0267498 2.535
-0.0507923 -0.0975712 0.0106702 -0.00799465 0.013333 -0.64302
-0.010543 -0.109494 -0.0272046 -0.0326426 0.0424927 -2.26558
0.0312417 -0.10547 0.0166553 0.143325 0.14429 1.45511
0.0684766 -0.0860869 -0.0599889 -0.39053 0.395111 -1.72321
0.0957391 -0.0541666 0.190899 0.624537 0.653061 1.27415
0.109059 -0.0143579 0.0437937 -0.682624 0.684027 -1.50673
# x y Real Imaginary Modulus Phase <-> f = 0 s = 2
0.0429804 0.101256 0.856131 -0.0846041 0.860301 -0.0985016
0.00191976 0.109983 -0.522496 0.201049 0.559841 2.77427
-0.0394205 0.102694 0.185981 -0.189839 0.265759 -0.795664
-0.0750198 0.0804489 -0.0390544 0.10578 0.11276 1.92447
-0.0996939 0.046488 0.000487438 -0.0494269 0.0494293 -1.56093
-0.109849 0.00575696 0.00986321 0.013227 0.0164996 0.930059
-0.104007 -0.0358125 -0.0153243 -0.000519298 0.0153331 -3.10772
-0.0830181 -0.0721665 0.0126379 0.0130256 0.0181489 0.800505
-0.049939 -0.0980107 -0.00971016 0.00932909 0.0134655 2.37621
-0.00958713 -0.109581 0.00711858 0.0108001 0.0129351 0.988034
0.0321609 -0.105194 0.0063855 -0.056296 0.056657 -1.45785
0.0692252 -0.0854861 0.0126514 0.178252 0.178701 1.49994
0.0962082 -0.0533291 -0.0938952 -0.356789 0.368937 -1.82813
0.10918 -0.0134056 0.106985 0.558934 0.569081 1.38168
0.106252 0.0284701 0.10451 -0.763194 0.770317 -1.43471
# x y Real Imaginary Modulus Phase <-> f = 0 s = 3
0.000959919 0.109996 0.890538 -0.00654297 0.890562 -0.00734708
-0.0403151 0.102346 -0.477937 0.218338 0.525447 2.71307
-0.075719 0.0797912 0.17339 -0.179363 0.24947 -0.802328
-0.100096 0.0456163 -0.0450925 0.107317 0.116406 1.96858
-0.109895 0.00479813 -0.000269628 -0.0475261 0.0475269 -1.57647
-0.103691 -0.0367188 0.00606301 0.0216082 0.0224427 1.29724
-0.0823851 -0.0728882 -0.00807708 -0.00699089 0.0106823 -2.42816
-0.0490818 -0.0984428 0.0112257 0.00465231 0.0121516 0.392887
-0.0086305 -0.109661 -0.00514659 0.000167883 0.00514933 3.10898
0.0330776 -0.104909 -0.0031934 0.0107581 0.0112221 1.85935
0.0699686 -0.0848787 0.0036934 -0.0724181 0.0725122 -1.51984
0.0966699 -0.0524875 0.0480509 0.156889 0.164083 1.27359
0.109293 -0.0124524 -0.0910151 -0.286458 0.300569 -1.87843
0.105999 0.0293962 0.0588896 0.524123 0.527421 1.45891
0.0872689 0.0669638 0.133138 -0.780899 0.792167 -1.40193
# x y Real Imaginary Modulus Phase <-> f = 0 s = 4
-0.0412067 0.10199 0.867037 -0.0309911 0.86759 -0.0357285
-0.0764124 0.0791274 -0.475356 0.192113 0.512709 2.75752
-0.10049 0.044741 0.198731 -0.180757 0.268639 -0.73807
-0.109933 0.00383894 -0.0626984 0.110116 0.126715 2.0884
-0.103366 -0.0376222 0.0228603 -0.0520681 0.0568655 -1.15709
-0.0817459 -0.0736044 -0.00852416 0.0178295 0.0197624 2.01676
-0.0482208 -0.0988673 -0.00149851 -0.00208208 0.00256527 -2.19463
-0.00767321 -0.109732 0.0102943 -0.000565087 0.0103098 -0.054838
0.0339919 -0.104616 -0.0046175 -0.00206396 0.0050578 -2.72125
0.0707066 -0.0842649 0.00802696 0.0198726 0.0214325 1.18691
0.0971242 -0.0516419 -0.0287581 -0.0436955 0.0523099 -2.15288
0.109397 -0.0114981 0.0543224 0.0951407 0.109557 1.052
0.105739 0.0303201 -0.075442 -0.215576 0.228395 -1.90743
0.0866812 0.0677228 0.0242471 0.445196 0.445856 1.51639
0.055 0.0952628 0.209904 -0.739137 0.768364 -1.2941
# x y Real Imaginary Modulus Phase <-> f = 0 s = 5
-0.0771 0.0784575 0.89133 -0.0329937 0.891941 -0.0369994
-0.100877 0.0438624 -0.54904 0.23655 0.597831 2.73478
-0.109962 0.00287946 0.25913 -0.22284 0.341769 -0.710243
-0.103034 -0.0385228 -0.127812 0.125737 0.179292 2.36438
-0.0811005 -0.0743149 0.059008 -0.045274 0.0743752 -0.654451
-0.0473562 -0.0992844 -0.0147217 0.00811755 0.0168114 2.63768
-0.00671534 -0.109795 -0.00362233 -0.00277891 0.00456548 -2.4872
0.0349035 -0.104316 0.0132143 0.00541564 0.014281 0.388954
0.0714393 -0.0836447 -0.0133173 -0.00267133 0.0135826 -2.94363
0.0975712 -0.0507923 0.0200274 0.00524779 0.0207035 0.25627
0.109494 -0.010543 -0.0326652 -0.0205686 0.0386016 -2.57964
0.10547 0.0312417 0.065288 0.0646909 0.0919099 0.780804
0.0860869 0.0684766 -0.0956877 -0.178544 0.202569 -2.06278
0.0541666 0.0957391 0.0561939 0.410902 0.414727 1.43488
0.0143579 0.109059 0.173686 -0.726854 0.747317 -1.33624
# x y Real Imaginary Modulus Phase <-> f = 0 s = 6
-0.101256 0.0429804 0.832603 -0.037245 0.833435 -0.0447034
-0.109983 0.00191976 -0.536742 0.312227 0.62095 2.61473
-0.102694 -0.0394205 0.319208 -0.244308 0.40197 -0.653258
-0.0804489 -0.0750198 -0.146576 0.111791 0.184342 2.49002
-0.046488 -0.0996939 0.0510471 -0.0412479 0.0656292 -0.679623
-0.00575696 -0.109849 0.000471266 0.0148322 0.0148397 1.53903
0.0358125 -0.104007 -0.0148242 0.00211072 0.0149737 3.00016
0.0721665 -0.0830181 0.0164393 0.0146381 0.022012 0.727504
0.0980107 -0.049939 -0.0186829 0.0109453 0.0216529 2.61165
0.109581 -0.00958713 0.0107418 -0.00334986 0.011252 -0.302294
0.105194 0.0321609 -0.0338574 -0.0110514 0.0356154 -2.82609
0.0854861 0.0692252 0.0677934 0.0513883 0.0850689 0.64861
0.0533291 0.0962082 -0.0948754 -0.160417 0.186373 -2.10489
0.0134056 0.10918 0.0454873 0.397991 0.400582 1.457
-0.0284701 0.106252 0.216886 -0.748839 0.779615 -1.28888
# x y Real Imaginary Modulus Phase <-> f = 0 s = 7
-0.109996 0.000959919 0.76225 -0.0637633 0.764912 -0.0834571
-0.102346 -0.0403151 -0.60728 0.356363 0.704119 2.61092
-0.0797912 -0.075719 0.343563 -0.208293 0.401773 -0.54502
-0.0456163 -0.100096 -0.120929 0.0987578 0.156131 2.45678
-0.00479813 -0.109895 0.00787679 -0.0442084 0.0449046 -1.39447
0.0367188 -0.103691 0.0134039 0.00552019 0.0144961 0.390668
0.0728882 -0.0823851 -0.0311664 0.000888483 0.0311791 3.11309
0.0984428 -0.0490818 0.00880101 0.00968006 0.0130829 0.832927
0.109661 -0.0086305 -0.0210635 0.016855 0.0269771 2.46673
0.104909 0.0330776 0.00605819 -0.00498165 0.00784338 -0.688191
0.0848787 0.0699686 -0.032725 -0.0116149 0.0347251 -2.80054
0.0524875 0.0966699 0.0659062 0.0522457 0.0841026 0.670291
0.0124524 0.109293 -0.0899936 -0.178598 0.19999 -2.03755
-0.0293962 0.105999 0.0261242 0.468452 0.46918 1.51509
-0.0669638 0.0872689 0.144321 -0.755937 0.76959 -1.38215
# x y Real Imaginary Modulus Phase <-> f = 0 s = 8
-0.10199 -0.0412067 0.724966 -0.139839 0.73833 -0.19055
-0.0791274 -0.0764124 -0.60902 0.325814 0.690696 2.65035
-0.044741 -0.10049 0.256704 -0.188888 0.318709 -0.634362
-0.00383894 -0.109933 -0.0248068 0.0986926 0.101763 1.81705
0.0376222 -0.103366 -0.0255953 -0.0290314 0.0387032 -2.29338
0.0736044 -0.0817459 0.0319422 -0.00807661 0.0329475 -0.24766
0.0988673 -0.0482208 -0.0392126 0.00031655 0.0392139 3.13352
0.109732 -0.00767321 0.00522949 0.00492399 0.00718285 0.755318
0.104616 0.0339919 -0.0214686 0.0188233 0.028552 2.42175
0.0842649 0.0707066 0.0126674 -0.00595748 0.0139984 -0.439607
0.0516419 0.0971242 -0.0360408 -0.00816977 0.0369552 -2.91868
0.0114981 0.109397 0.0659811 0.0659369 0.0932801 0.785063
-0.0303201 0.105739 -0.08627 -0.237769 0.252936 -1.91886
-0.0677228 0.0866812 0.0947129 0.516898 0.525504 1.38957
-0.0952628 0.055 0.074273 -0.730246 0.734013 -1.46944
# x y Real Imaginary Modulus Phase <-> f = 0 s = 9
-0.0784575 -0.0771 0.851839 -0.0446241 0.853007 -0.0523378
-0.0438624 -0.100877 -0.494283 0.165505 0.521255 2.81849
-0.00287946 -0.109962 0.109755 -0.144461 0.181425 -0.92108
0.0385228 -0.103034 0.019446 0.0637682 0.0666674 1.27481
0.0743149 -0.0811005 -0.0318567 -0.00870121 0.0330236 -2.87496
0.0992844 -0.0473562 0.0369708 -0.019784 0.0419315 -0.491351
0.109795 -0.00671534 -0.0358202 -0.000437463 0.0358229 -3.12938
0.104316 0.0349035 0.00771624 0.0111099 0.0135267 0.963747
0.0836447 0.0714393 -0.016291 0.0137754 0.0213345 2.43967
0.0507923 0.0975712 0.0180012 8.05722e-05 0.0180014 0.00447591
0.010543 0.109494 -0.0331853 -0.0250252 0.0415635 -2.49547
-0.0312417 0.10547 0.0484337 0.11627 0.125954 1.17609
-0.0684766 0.0860869 -0.082745 -0.299331 0.310557 -1.84049
-0.0957391 0.0541666 0.0836218 0.591963 0.59784 1.43046
-0.109059 0.0143579 0.00720338 -0.789183 0.789216 -1.56167
# x y Real Imaginary Modulus Phase <-> f = 0 s = 10
-0.0429804 -0.101256 0.876925 0.123436 0.88557 0.139841
-0.00191976 -0.109983 -0.344633 0.130456 0.368498 2.77972
0.0394205 -0.102694 0.0712325 -0.122765 0.141934 -1.04504
0.0750198 -0.0804489 0.0106971 0.0572017 0.0581934 1.38592
0.0996939 -0.046488 -0.0274082 -0.0098593 0.0291275 -2.79628
0.109849 -0.00575696 0.0340459 -0.00668341 0.0346957 -0.193841
0.104007 0.0358125 -0.0297446 -0.00454437 0.0300898 -2.98999
0.0830181 0.0721665 0.0140234 0.0154057 0.0208325 0.832332
0.049939 0.0980107 -0.0107474 0.00215508 0.0109614 2.9437
0.00958713 0.109581 0.010927 0.00851925 0.0138556 0.66221
-0.0321609 0.105194 -0.0123281 -0.0451044 0.0467588 -1.8376
-0.0692252 0.0854861 0.0351353 0.132135 0.136727 1.31091
-0.0962082 0.0533291 -0.0447835 -0.299836 0.303162 -1.71906
-0.10918 0.0134056 0.0508883 0.592328 0.59451 1.48509
-0.106252 -0.0284701 0.123307 -0.764904 0.774779 -1.41096
# x y Real Imaginary Modulus Phase <-> f = 0 s = 11
-0.000959919 -0.109996 0.764878 0.191125 0.788396 0.244862
0.0403151 -0.102346 -0.317534 0.109316 0.335824 2.81004
0.075719 -0.0797912 0.0947986 -0.124907 0.156807 -0.921591
0.100096 -0.0456163 -0.000589717 0.0781855 0.0781877 1.57834
0.109895 -0.00479813 -0.0119875 -0.0384376 0.0402635 -1.87311
0.103691 0.0367188 0.00616942 0.0163042 0.0174324 1.20905
0.0823851 0.0728882 -0.0100359 -0.00270048 0.0103929 -2.87874
0.0490818 0.0984428 0.0118843 0.0069585 0.0137716 0.529706
0.0086305 0.109661 -0.00472738 -6.31579e-05 0.0047278 -3.12823
-0.0330776 0.104909 0.00519974 0.00823463 0.00973892 1.00757
-0.0699686 0.0848787 -0.0105574 -0.042786 0.0440693 -1.81271
-0.0966699 0.0524875 0.0307384 0.106112 0.110474 1.28883
-0.109293 0.0124524 -0.0605414 -0.236668 0.244289 -1.82123
-0.105999 -0.0293962 0.0188369 0.420799 0.42122 1.52606
-0.0872689 -0.0669638 0.276431 -0.670216 0.724985 -1.1796
# x y Real Imaginary Modulus Phase <-> f = 0 s = 12
0.0412067 -0.10199 0.815566 0.182366 0.835706 0.219988
0.0764124 -0.0791274 -0.421669 0.112733 0.436479 2.88035
0.10049 -0.044741 0.170891 -0.160793 0.234645 -0.754962
0.109933 -0.00383894 -0.0720191 0.106841 0.128847 2.16391
0.103366 0.0376222 0.0348978 -0.0508432 0.0616675 -0.969269
0.0817459 0.0736044 -0.0152229 0.0150545 0.0214097 2.36176
0.0482208 0.0988673 0.00115638 -0.00324337 0.00344335 -1.22831
0.00767321 0.109732 0.00616036 0.000914694 0.0062279 0.147404
-0.0339919 0.104616 -0.00175814 0.000882152 0.00196704 2.67654
-0.0707066 0.0842649 0.00941035 0.00333065 0.00998239 0.340176
-0.0971242 0.0516419 -0.0279149 -0.0149158 0.03165 -2.65086
-0.109397 0.0114981 0.0656146 0.0411743 0.0774635 0.560408
-0.105739 -0.0303201 -0.0926853 -0.106704 0.141338 -2.286
-0.0866812 -0.0677228 0.0388896 0.281954 0.284623 1.43373
-0.055 -0.0952628 0.260255 -0.515451 0.577427 -1.10323
# x y Real Imaginary Modulus Phase <-> f = 0 s = 13
0.0771 -0.0784575 0.938966 0.0362706 0.939666 0.038609
0.100877 -0.0438624 -0.56854 0.243026 0.618304 2.73764
0.109962 -0.00287946 0.331014 -0.229923 0.403032 -0.607095
0.103034 0.0385228 -0.181304 0.110759 0.212459 2.5932
0.0811005 0.0743149 0.0859172 -0.0321216 0.0917255 -0.357777
0.0473562 0.0992844 -0.0299389 -0.000316369 0.0299406 -3.13103
0.00671534 0.109795 0.00565446 -0.00304951 0.00642436 -0.4946
-0.0349035 0.104316 0.00467262 0.00435979 0.00639071 0.750778
-0.0714393 0.0836447 -0.00501419 0.0124985 0.0134668 1.95232
-0.0975712 0.0507923 0.00591248 -0.0135188 0.0147552 -1.15851
-0.109494 0.010543 -0.0265328 0.0132926 0.0296763 2.67715
-0.10547 -0.0312417 0.0550214 -0.00457467 0.0552113 -0.0829526
-0.0860869 -0.0684766 -0.0779371 -0.0649862 0.101476 -2.44656
-0.0541666 -0.0957391 0.0353635 0.237147 0.239769 1.42277
-0.0143579 -0.109059 0.289691 -0.538359 0.611352 -1.07713
# x y Real Imaginary Modulus Phase <-> f = 0 s = 14
0.101256 -0.0429804 0.74301 -0.0782199 0.747116 -0.104888
0.109983 -0.00191976 -0.566285 0.442702 0.718793 2.47807
0.102694 0.0394205 0.407849 -0.306136 0.509961 -0.643892
0.0804489 0.0750198 -0.207841 0.129097 0.244671 2.58578
0.046488 0.0996939 0.0933795 -0.0503693 0.106098 -0.494672
0.00575696 0.109849 -0.022876 0.0210128 0.031062 2.39862
-0.0358125 0.104007 -0.00178187 -0.0112359 0.0113763 -1.72807
-0.0721665 0.0830181 0.00826957 0.0136746 0.0159806 1.0269
-0.0980107 0.049939 -0.0176221 0.0165379 0.0241669 2.38792
-0.109581 0.00958713 0.00532896 -0.0317102 0.0321549 -1.4043
-0.105194 -0.0321609 -0.0110799 0.0287582 0.0308188 1.93855
-0.0854861 -0.0692252 0.04037 -0.00845017 0.0412449 -0.206339
-0.0533291 -0.0962082 -0.0781789 -0.0759879 0.109023 -2.37041
-0.0134056 -0.10918 0.0100836 0.310375 0.310539 1.53832
0.0284701 -0.106252 0.304832 -0.723076 0.784705 -1.17183
# x y Real Imaginary Modulus Phase <-> f = 0 s = 15
0.109996 -0.000959919 0.67024 0.0171049 0.670458 0.025515
0.102346 0.0403151 -0.524029 0.434244 0.680569 2.44962
0.0797912 0.075719 0.343479 -0.287895 0.448175 -0.697588
0.0456163 0.100096 -0.154286 0.144056 0.211084 2.39047
0.00479813 0.109895 0.0415048 -0.0575332 0.0709416 -0.945848
-0.0367188 0.103691 0.000547361 0.0243965 0.0244027 1.54836
-0.0728882 0.0823851 -0.0143509 -0.00415145 0.0149393 -2.86
-0.0984428 0.0490818 0.00520833 0.011713 0.0128187 1.15239
-0.109661 0.0086305 -0.0243422 0.0168566 0.0296089 2.53593
-0.104909 -0.0330776 0.0049032 -0.0424742 0.0427563 -1.45587
-0.0848787 -0.0699686 -0.00948122 0.0279389 0.0295038 1.89796
-0.0524875 -0.0966699 0.0571699 0.0109808 0.0582149 0.189762
-0.0124524 -0.109293 -0.083685 -0.145347 0.167717 -2.0932
0.0293962 -0.105999 0.0118671 0.475893 0.476041 1.54587
0.0669638 -0.0872689 0.0773104 -0.774575 0.778423 -1.47132
