# x y Real Imaginary Modulus Phase <-> f = 0 s = 0
0.10199 0.0412067 0.731485 -0.0416914 0.732672 -0.0569339
0.0791274 0.0764124 -0.574259 0.326815 0.660744 2.6242
0.044741 0.10049 0.296464 -0.220046 0.369204 -0.638513
0.00383894 0.109933 -0.0915638 0.102779 0.13765 2.29855
-0.0376222 0.103366 0.012063 -0.049346 0.050799 -1.33104
-0.0736044 0.0817459 0.00189911 0.0150466 0.0151659 1.44524
-0.0988673 0.0482208 -0.0199709 0.00272002 0.0201553 3.00623
-0.109732 0.00767321 0.00154692 0.00471102 0.0049585 1.25353
-0.104616 -0.0339919 -0.0206016 0.0105622 0.0231514 2.66785
-0.0842649 -0.0707066 0.0181612 -0.0333766 0.0379977 -1.07247
-0.0516419 -0.0971242 -0.0257643 0.00624211 0.0265096 2.9039
-0.0114981 -0.109397 0.0562877 0.0639473 0.0851914 0.849017
0.0303201 -0.105739 -0.0502046 -0.278109 0.282604 -1.74939
0.0677228 -0.0866812 0.12259 0.642679 0.654266 1.38231
0.0952628 -0.055 -0.0211482 -0.641194 0.641542 -1.60377
# x y Real Imaginary Modulus Phase <-> f = 0 s = 1
0.0784575 0.0771 0.822804 -0.0814554 0.826826 -0.0986758
0.0438624 0.100877 -0.575706 0.266268 0.6343 2.70839
0.00287946 0.109962 0.235217 -0.168761 0.289495 -0.622354
-0.0385228 0.103034 -0.0562928 0.0971607 0.11229 2.09591
-0.0743149 0.0811005 0.000436901 -0.039893 0.0398954 -1.55984
-0.0992844 0.0473562 0.00324706 0.0113684 0.011823 1.29258
-0.109795 0.00671534 -0.020905 0.00481221 0.0214517 2.91534
-0.104316 -0.0349035 0.00336008 0.010106 0.01065 1.24981
-0.0836447 -0.0714393 -0.020628 0.00943669 0.022684 2.71254
-0.0507923 -0.0975712 0.0143168 -0.00982565 0.0173642 -0.601474
-0.010543 -0.109494 -0.0243164 -0.0315676 0.0398473 -2.22716
0.0312417 -0.10547 0.00981679 0.139205 0.139551 1.50039
0.0684766 -0.0860869 -0.0517911 -0.392442 0.395844 -1.70201
0.0957391 -0.0541666 0.187223 0.634992 0.662018 1.28408
0.109059 -0.0143579 0.0306496 -0.692066 0.692744 -1.52654
# x y Real Imaginary Modulus Phase <-> f = 0 s = 2
0.0429804 0.101256 0.876673 -0.0692885 0.879407 -0.0788718
0.00191976 0.109983 -0.52195 0.178729 0.551703 2.81168
-0.0394205 0.102694 0.184625 -0.174347 0.253936 -0.756773
-0.0750198 0.0804489 -0.0417196 0.0968825 0.105483 1.97742
-0.0996939 0.046488 0.00228444 -0.0402922 0.0403569 -1.51416
-0.109849 0.00575696 0.0108392 0.0122741 0.0163751 0.847401
-0.104007 -0.0358125 -0.0138958 -0.000660999 0.0139115 -3.09406
-0.0830181 -0.0721665 0.00948089 0.0131859 0.0162406 0.947421
-0.049939 -0.0980107 -0.0113156 0.00711637 0.0133673 2.58019
-0.00958713 -0.109581 0.00905829 0.00962355 0.0132161 0.815646
0.0321609 -0.105194 0.00613081 -0.0500087 0.0503831 -1.44881
0.0692252 -0.0854861 0.0056697 0.174178 0.17427 1.53826
0.0962082 -0.0533291 -0.0844894 -0.357664 0.367508 -1.80277
0.10918 -0.0134056 0.0977181 0.570078 0.578392 1.40103
0.106252 0.0284701 0.103329 -0.777987 0.784819 -1.43875
# x y Real Imaginary Modulus Phase <-> f = 0 s = 3
0.000959919 0.109996 0.905345 0.0177535 0.905519 0.0196071
-0.0403151 0.102346 -0.476953 0.188808 0.512964 2.76466
-0.075719 0.0797912 0.170487 -0.161445 0.234799 -0.758165
-0.100096 0.0456163 -0.0449024 0.0977339 0.107555 2.00147
-0.109895 0.00479813 0.00197753 -0.0419902 0.0420368 -1.52374
-0.103691 -0.0367188 0.0071852 0.0187589 0.0200879 1.20501
-0.0823851 -0.0728882 -0.00698291 -0.00758728 0.0103115 -2.31474
-0.0490818 -0.0984428 0.00995606 0.005371 0.0113124 0.494723
-0.0086305 -0.109661 -0.00496008 -0.00115228 0.00509217 -2.91333
0.0330776 -0.104909 -0.000793262 0.0103642 0.0103945 1.64719
0.0699686 -0.0848787 0.00453784 -0.0688331 0.0689825 -1.50497
0.0966699 -0.0524875 0.0435861 0.150507 0.156691 1.28891
0.109293 -0.0124524 -0.0754619 -0.282095 0.292014 -1.83218
0.105999 0.0293962 0.0425529 0.52721 0.528925 1.49026
0.0872689 0.0669638 0.153677 -0.786475 0.801348 -1.37783
# x y Real Imaginary Modulus Phase <-> f = 0 s = 4
-0.0412067 0.10199 0.8802 -0.00154275 0.880201 -0.00175272
-0.0764124 0.0791274 -0.475619 0.168502 0.504585 2.80111
-0.10049 0.044741 0.19988 -0.16436 0.258779 -0.688187
-0.109933 0.00383894 -0.0629159 0.100823 0.118843 2.12869
-0.103366 -0.0376222 0.0213673 -0.0479552 0.0525001 -1.15163
-0.0817459 -0.0736044 -0.00760505 0.0156368 0.0173881 2.02347
-0.0482208 -0.0988673 -0.00260714 -0.00300954 0.00398177 -2.28467
-0.00767321 -0.109732 0.0101209 0.00111241 0.0101818 0.109473
0.0339919 -0.104616 -0.00430802 -0.00170133 0.0046318 -2.76547
0.0707066 -0.0842649 0.00611872 0.0194999 0.0204373 1.26674
0.0971242 -0.0516419 -0.0286079 -0.0420844 0.0508873 -2.16782
0.109397 -0.0114981 0.0494021 0.0884784 0.101336 1.06156
0.105739 0.0303201 -0.0629491 -0.209094 0.218364 -1.86322
0.0866812 0.0677228 0.00793301 0.437584 0.437656 1.55267
0.055 0.0952628 0.238522 -0.735244 0.772966 -1.2571
# x y Real Imaginary Modulus Phase <-> f = 0 s = 5
-0.0771 0.0784575 0.907258 -0.0122996 0.907341 -0.0135561
-0.100877 0.0438624 -0.556271 0.216157 0.596793 2.77097
-0.109962 0.00287946 0.263175 -0.207135 0.334912 -0.666803
-0.103034 -0.0385228 -0.126723 0.114297 0.170653 2.4077
-0.0811005 -0.0743149 0.055755 -0.0382758 0.0676288 -0.601608
-0.0473562 -0.0992844 -0.0106309 0.0065025 0.0124619 2.59264
-0.00671534 -0.109795 -0.00440268 -0.00321247 0.0054501 -2.51123
0.0349035 -0.104316 0.0108757 0.00574068 0.0122978 0.485673
0.0714393 -0.0836447 -0.0111414 -0.00178189 0.0112829 -2.983
0.0975712 -0.0507923 0.0170584 0.00602252 0.0180903 0.339393
0.109494 -0.010543 -0.0317519 -0.0193315 0.0371738 -2.59471
0.10547 0.0312417 0.0563331 0.058607 0.0812908 0.805179
0.0860869 0.0684766 -0.0827706 -0.174714 0.193329 -2.01322
0.0541666 0.0957391 0.0337441 0.397689 0.399118 1.48615
0.0143579 0.109059 0.205942 -0.718556 0.747486 -1.29167
# x y Real Imaginary Modulus Phase <-> f = 0 s = 6
-0.101256 0.0429804 0.854313 -0.0443544 0.855464 -0.0518717
-0.109983 0.00191976 -0.553181 0.303118 0.630785 2.64032
-0.102694 -0.0394205 0.324819 -0.23307 0.399786 -0.6224
-0.0804489 -0.0750198 -0.148725 0.105036 0.182076 2.52669
-0.046488 -0.0996939 0.0495838 -0.0335759 0.0598823 -0.595229
-0.00575696 -0.109849 0.00153993 0.0145623 0.0146435 1.46544
0.0358125 -0.104007 -0.0164139 -0.00108515 0.0164497 -3.07558
0.0721665 -0.0830181 0.010624 0.012893 0.0167062 0.881583
0.0980107 -0.049939 -0.0176848 0.00895074 0.0198209 2.67306
0.109581 -0.00958713 0.00816765 -0.00266817 0.00859241 -0.315746
0.105194 0.0321609 -0.0315981 -0.00831142 0.0326729 -2.88438
0.0854861 0.0692252 0.0573999 0.0507647 0.0766277 0.724132
0.0533291 0.0962082 -0.0838976 -0.152762 0.174285 -2.07303
0.0134056 0.10918 0.0256377 0.387932 0.388779 1.5048
-0.0284701 0.106252 0.241315 -0.744012 0.782168 -1.25716
# x y Real Imaginary Modulus Phase <-> f = 0 s = 7
-0.109996 0.000959919 0.77015 -0.0785826 0.774149 -0.101684
-0.102346 -0.0403151 -0.621984 0.354537 0.715934 2.62352
-0.0797912 -0.075719 0.347168 -0.199747 0.40053 -0.522106
-0.0456163 -0.100096 -0.12156 0.0901226 0.151324 2.50363
-0.00479813 -0.109895 0.00817392 -0.041363 0.0421629 -1.3757
0.0367188 -0.103691 0.0143736 0.00551899 0.0153967 0.366609
0.0728882 -0.0823851 -0.0301902 -0.00578091 0.0307387 -2.9524
0.0984428 -0.0490818 0.0059005 0.00586996 0.008323 0.782803
0.109661 -0.0086305 -0.0186728 0.0138909 0.023273 2.502
0.104909 0.0330776 0.00457427 -0.00509541 0.00684742 -0.839241
0.0848787 0.0699686 -0.0277829 -0.0080689 0.0289309 -2.85894
0.0524875 0.0966699 0.0586491 0.0514076 0.0779901 0.719695
0.0124524 0.109293 -0.0763161 -0.173014 0.189098 -1.98622
-0.0293962 0.105999 0.00790686 0.462419 0.462486 1.5537
-0.0669638 0.0872689 0.161046 -0.771496 0.788126 -1.36501
# x y Real Imaginary Modulus Phase <-> f = 0 s = 8
-0.10199 -0.0412067 0.729451 -0.156716 0.746096 -0.211624
-0.0791274 -0.0764124 -0.622171 0.31705 0.698296 2.67031
-0.044741 -0.10049 0.258648 -0.175151 0.312373 -0.595244
-0.00383894 -0.109933 -0.0258761 0.094521 0.0979989 1.83801
0.0376222 -0.103366 -0.0244579 -0.0284727 0.0375352 -2.28049
0.0736044 -0.0817459 0.0322294 -0.00502097 0.0326182 -0.154546
0.0988673 -0.0482208 -0.0351253 -0.00772601 0.035965 -2.92508
0.109732 -0.00767321 0.00431735 0.00249199 0.00498492 0.523489
0.104616 0.0339919 -0.0199662 0.0157165 0.0254098 2.47473
0.0842649 0.0707066 0.0122258 -0.00557841 0.0134383 -0.428067
0.0516419 0.0971242 -0.0304074 -0.00698593 0.0311996 -2.91577
0.0114981 0.109397 0.0584414 0.063111 0.0860139 0.823795
-0.0303201 0.105739 -0.0722233 -0.232861 0.243804 -1.87154
-0.0677228 0.0866812 0.0767683 0.522118 0.527732 1.42481
-0.0952628 0.055 0.0754184 -0.747972 0.751765 -1.47031
# x y Real Imaginary Modulus Phase <-> f = 0 s = 9
-0.0784575 -0.0771 0.867934 -0.047787 0.869249 -0.0550027
-0.0438624 -0.100877 -0.499184 0.147347 0.520476 2.85457
-0.00287946 -0.109962 0.109497 -0.136384 0.174901 -0.894315
0.0385228 -0.103034 0.0200772 0.0627706 0.0659033 1.26123
0.0743149 -0.0811005 -0.0353812 -0.00815474 0.0363088 -2.91507
0.0992844 -0.0473562 0.0388731 -0.015065 0.0416902 -0.369722
0.109795 -0.00671534 -0.0297124 -0.00776559 0.0307104 -2.88595
0.104316 0.0349035 0.00550723 0.00952587 0.0110033 1.04661
0.0836447 0.0714393 -0.0157845 0.0122475 0.0199788 2.48171
0.0507923 0.0975712 0.0179074 -0.000864301 0.0179282 -0.0482276
0.010543 0.109494 -0.0298994 -0.0236465 0.03812 -2.47244
-0.0312417 0.10547 0.0411946 0.109897 0.117365 1.21216
-0.0684766 0.0860869 -0.0711713 -0.297518 0.305913 -1.8056
-0.0957391 0.0541666 0.0719049 0.599673 0.603968 1.45146
-0.109059 0.0143579 0.00230432 -0.804089 0.804092 -1.56793
# x y Real Imaginary Modulus Phase <-> f = 0 s = 10
-0.0429804 -0.101256 0.886818 0.141209 0.89799 0.157906
-0.00191976 -0.109983 -0.344585 0.116645 0.363793 2.81519
0.0394205 -0.102694 0.0711232 -0.115067 0.135273 -1.01717
0.0750198 -0.0804489 0.0120989 0.0534411 0.0547936 1.34815
0.0996939 -0.046488 -0.0317732 -0.0104963 0.0334621 -2.82253
0.109849 -0.00575696 0.0368379 -0.00309186 0.0369674 -0.0837353
0.104007 0.0358125 -0.0249693 -0.0106394 0.0271415 -2.73879
0.0830181 0.0721665 0.010081 0.015054 0.0181177 0.98073
0.049939 0.0980107 -0.00974996 0.00144385 0.00985629 2.99457
0.00958713 0.109581 0.0100205 0.00643705 0.0119099 0.571004
-0.0321609 0.105194 -0.00981574 -0.0405513 0.0417224 -1.80829
-0.0692252 0.0854861 0.0272278 0.130794 0.133598 1.36555
-0.0962082 0.0533291 -0.0368308 -0.298757 0.301019 -1.69346
-0.10918 0.0134056 0.0377511 0.595133 0.596329 1.50745
-0.106252 -0.0284701 0.131034 -0.778529 0.789479 -1.40405
# x y Real Imaginary Modulus Phase <-> f = 0 s = 11
-0.000959919 -0.109996 0.759298 0.214657 0.789057 0.275515
0.0403151 -0.102346 -0.313631 0.0964167 0.328116 2.84334
0.075719 -0.0797912 0.091319 -0.11705 0.148458 -0.908263
0.100096 -0.0456163 -0.00119723 0.0759956 0.076005 1.58655
0.109895 -0.00479813 -0.0116375 -0.0388771 0.0405816 -1.86165
0.103691 0.0367188 0.00821371 0.0148386 0.0169602 1.06524
0.0823851 0.0728882 -0.00958763 -0.00584635 0.0112295 -2.59401
0.0490818 0.0984428 0.00951163 0.00789865 0.0123636 0.693016
0.0086305 0.109661 -0.00473232 -0.000569649 0.00476648 -3.02179
-0.0330776 0.104909 0.00563944 0.00601112 0.00824239 0.81729
-0.0699686 0.0848787 -0.00613681 -0.0369288 0.0374352 -1.73547
-0.0966699 0.0524875 0.0235921 0.102728 0.105403 1.34506
-0.109293 0.0124524 -0.0501766 -0.23191 0.237276 -1.78387
-0.105999 -0.0293962 0.00316366 0.41718 0.417192 1.56321
-0.0872689 -0.0669638 0.298118 -0.670734 0.734002 -1.15255
# x y Real Imaginary Modulus Phase <-> f = 0 s = 12
0.0412067 -0.10199 0.817061 0.200624 0.841331 0.24078
0.0764124 -0.0791274 -0.419662 0.103793 0.432307 2.89913
0.10049 -0.044741 0.17304 -0.157631 0.234074 -0.738831
0.109933 -0.00383894 -0.0720883 0.103377 0.12603 2.17973
0.103366 0.0376222 0.0357393 -0.0481069 0.0599297 -0.931846
0.0817459 0.0736044 -0.0125478 0.0153377 0.0198165 2.25648
0.0482208 0.0988673 0.00216158 -0.00490441 0.00535963 -1.15567
0.00767321 0.109732 0.00590569 0.00199243 0.00623273 0.325383
-0.0339919 0.104616 -0.00295678 0.00133221 0.00324304 2.71827
-0.0707066 0.0842649 0.00926884 0.00275821 0.00967053 0.289234
-0.0971242 0.0516419 -0.0258733 -0.0137893 0.0293185 -2.65193
-0.109397 0.0114981 0.0623293 0.0408658 0.0745316 0.580332
-0.105739 -0.0303201 -0.0867812 -0.104821 0.136083 -2.26232
-0.0866812 -0.0677228 0.0262933 0.277029 0.278274 1.47617
-0.055 -0.0952628 0.276027 -0.50213 0.572997 -1.06817
# x y Real Imaginary Modulus Phase <-> f = 0 s = 13
0.0771 -0.0784575 0.949689 0.0386575 0.950475 0.040683
0.100877 -0.0438624 -0.578248 0.238729 0.625589 2.75006
0.109962 -0.00287946 0.334583 -0.219881 0.400367 -0.581404
0.103034 0.0385228 -0.184636 0.10256 0.211209 2.63456
0.0811005 0.0743149 0.0804679 -0.0259402 0.0845457 -0.311848
0.0473562 0.0992844 -0.026172 0.0004937 0.0261767 3.12273
0.00671534 0.109795 0.00499115 -0.00253241 0.00559685 -0.469533
-0.0349035 0.104316 0.00428481 0.00450895 0.00622015 0.810881
-0.0714393 0.0836447 -0.00906157 0.00994111 0.0134513 2.30994
-0.0975712 0.0507923 0.00751649 -0.0144962 0.016329 -1.09245
-0.109494 0.010543 -0.025733 0.0133558 0.0289925 2.66285
-0.10547 -0.0312417 0.0539854 -0.00393811 0.0541289 -0.0728188
-0.0860869 -0.0684766 -0.0723834 -0.0611237 0.0947389 -2.44033
-0.0541666 -0.0957391 0.0268065 0.229782 0.231341 1.45466
-0.0143579 -0.109059 0.302645 -0.526988 0.607709 -1.04949
# x y Real Imaginary Modulus Phase <-> f = 0 s = 14
0.101256 -0.0429804 0.744896 -0.0925457 0.750623 -0.123606
0.109983 -0.00191976 -0.581548 0.445435 0.732537 2.48796
0.102694 0.0394205 0.416408 -0.299641 0.513011 -0.62375
0.0804489 0.0750198 -0.209557 0.120793 0.241878 2.61869
0.046488 0.0996939 0.0899717 -0.04667 0.101356 -0.47851
0.00575696 0.109849 -0.0231244 0.0198089 0.0304488 2.43326
-0.0358125 0.104007 -0.000884664 -0.00909778 0.00914069 -1.66773
-0.0721665 0.0830181 0.00521207 0.0123303 0.0133866 1.17087
-0.0980107 0.049939 -0.0202928 0.00998273 0.0226153 2.68442
-0.109581 0.00958713 0.00902851 -0.0319661 0.0332167 -1.29553
-0.105194 -0.0321609 -0.0153894 0.0309554 0.0345698 2.03216
-0.0854861 -0.0692252 0.0389495 -0.0112146 0.0405319 -0.280344
-0.0533291 -0.0962082 -0.0750225 -0.0717634 0.103819 -2.37839
-0.0134056 -0.10918 0.00335383 0.305015 0.305033 1.5598
0.0284701 -0.106252 0.314744 -0.722788 0.788344 -1.1601
# x y Real Imaginary Modulus Phase <-> f = 0 s = 15
0.109996 -0.000959919 0.657117 0.0108855 0.657208 0.016564
0.102346 0.0403151 -0.535423 0.439278 0.692563 2.45452
0.0797912 0.075719 0.351261 -0.279034 0.448603 -0.671302
0.0456163 0.100096 -0.151026 0.133785 0.201761 2.41666
0.00479813 0.109895 0.0382194 -0.0548691 0.0668681 -0.962385
-0.0367188 0.103691 -0.00163775 0.0231569 0.0232147 1.6414
-0.0728882 0.0823851 -0.0141541 -0.00381532 0.0146593 -2.87829
-0.0984428 0.0490818 0.00395386 0.00820562 0.00910852 1.12178
-0.109661 0.0086305 -0.0234289 0.00899936 0.0250978 2.77486
-0.104909 -0.0330776 0.0112588 -0.0420337 0.0435154 -1.30909
-0.0848787 -0.0699686 -0.0141826 0.0296684 0.032884 2.01672
-0.0524875 -0.0966699 0.0545436 0.0101307 0.0554764 0.183643
-0.0124524 -0.109293 -0.0782883 -0.145587 0.165301 -2.06418
0.0293962 -0.105999 0.00351832 0.476669 0.476682 1.56342
0.0669638 -0.0872689 0.0736517 -0.784862 0.788311 -1.47723
