# x y Real Imaginary Modulus Phase <-> f = 0 s = 0
0.10199 0.0412067 0.725836 -0.034482 0.726655 -0.0474709
0.0791274 0.0764124 -0.565484 0.331024 0.655247 2.61199
0.044741 0.10049 0.300395 -0.231802 0.379433 -0.657218
0.00383894 0.109933 -0.0976072 0.107286 0.145043 2.30899
-0.0376222 0.103366 0.0159392 -0.0525238 0.0548891 -1.27616
-0.0736044 0.0817459 0.000701247 0.0159076 0.0159231 1.52674
-0.0988673 0.0482208 -0.0211898 0.00372945 0.0215155 2.96738
-0.109732 0.00767321 0.000280749 0.00414307 0.00415257 1.50314
-0.104616 -0.0339919 -0.0199596 0.0137411 0.0242323 2.53866
-0.0842649 -0.0707066 0.0118071 -0.0315992 0.033733 -1.21321
-0.0516419 -0.0971242 -0.0245766 0.00591463 0.0252783 2.90542
-0.0114981 -0.109397 0.0568423 0.0668346 0.0877377 0.866017
0.0303201 -0.105739 -0.0513698 -0.283425 0.288043 -1.7501
0.0677228 -0.0866812 0.134273 0.64239 0.656273 1.36474
0.0952628 -0.055 -0.0112897 -0.632635 0.632736 -1.58864
# x y Real Imaginary Modulus Phase <-> f = 0 s = 1
0.0784575 0.0771 0.81528 -0.0826254 0.819456 -0.101001
0.0438624 0.100877 -0.580342 0.277256 0.64317 2.69591
0.00287946 0.109962 0.242005 -0.175083 0.298698 -0.626303
-0.0385228 0.103034 -0.0588673 0.105291 0.12063 2.08059
-0.0743149 0.0811005 0.00381659 -0.0462433 0.0464005 -1.48845
-0.0992844 0.0473562 0.000349217 0.0139282 0.0139326 1.54573
-0.109795 0.00671534 -0.0225043 0.00569876 0.0232146 2.89358
-0.104316 -0.0349035 0.00362019 0.00898497 0.00968687 1.18778
-0.0836447 -0.0714393 -0.0211325 0.0115705 0.0240927 2.64065
-0.0507923 -0.0975712 0.0104142 -0.00704302 0.0125722 -0.594637
-0.010543 -0.109494 -0.0261535 -0.0342992 0.0431328 -2.22226
0.0312417 -0.10547 0.013252 0.143094 0.143707 1.47845
0.0684766 -0.0860869 -0.0564276 -0.39608 0.40008 -1.71231
0.0957391 -0.0541666 0.193901 0.632982 0.662015 1.27354
0.109059 -0.0143579 0.0308674 -0.681925 0.682624 -1.52556
# x y Real Imaginary Modulus Phase <-> f = 0 s = 2
0.0429804 0.101256 0.871503 -0.0908628 0.876227 -0.103885
0.00191976 0.109983 -0.534473 0.188458 0.566726 2.8026
-0.0394205 0.102694 0.191372 -0.178919 0.261984 -0.751779
-0.0750198 0.0804489 -0.0424782 0.100434 0.109048 1.97093
-0.0996939 0.046488 0.00187744 -0.0479516 0.0479884 -1.53166
-0.109849 0.00575696 0.00655447 0.0146646 0.0160627 1.15047
-0.104007 -0.0358125 -0.0142128 -0.000421478 0.0142191 -3.11195
-0.0830181 -0.0721665 0.010662 0.0121528 0.0161669 0.850648
-0.049939 -0.0980107 -0.0104861 0.00743368 0.0128537 2.52491
-0.00958713 -0.109581 0.00554491 0.011238 0.0125315 1.11244
0.0321609 -0.105194 0.00849447 -0.0560687 0.0567085 -1.42044
0.0692252 -0.0854861 0.00774719 0.181016 0.181182 1.52802
0.0962082 -0.0533291 -0.0913039 -0.363303 0.3746 -1.81701
0.10918 -0.0134056 0.107469 0.566146 0.576256 1.3832
0.106252 0.0284701 0.100028 -0.771314 0.777773 -1.44183
# x y Real Imaginary Modulus Phase <-> f = 0 s = 3
0.000959919 0.109996 0.911709 -0.000764326 0.91171 -0.000838343
-0.0403151 0.102346 -0.488769 0.201119 0.52853 2.75123
-0.075719 0.0797912 0.179035 -0.169101 0.246269 -0.75687
-0.100096 0.0456163 -0.0493231 0.101418 0.112775 2.02345
-0.109895 0.00479813 0.00180455 -0.0459928 0.0460282 -1.53158
-0.103691 -0.0367188 0.00479266 0.0209995 0.0215395 1.34641
-0.0823851 -0.0728882 -0.00653561 -0.0071354 0.00967616 -2.31235
-0.0490818 -0.0984428 0.0105639 0.00479084 0.0115995 0.42577
-0.0086305 -0.109661 -0.00490862 -0.000781028 0.00497037 -2.9838
0.0330776 -0.104909 -0.00267659 0.011208 0.0115232 1.80522
0.0699686 -0.0848787 0.00488856 -0.0686827 0.0688565 -1.49974
0.0966699 -0.0524875 0.0391968 0.155902 0.160754 1.32448
0.109293 -0.0124524 -0.0808663 -0.292656 0.303623 -1.84039
0.105999 0.0293962 0.0493366 0.533719 0.535994 1.47862
0.0872689 0.0669638 0.137946 -0.79596 0.807825 -1.39919
# x y Real Imaginary Modulus Phase <-> f = 0 s = 4
-0.0412067 0.10199 0.888404 -0.0220957 0.888679 -0.0248661
-0.0764124 0.0791274 -0.486992 0.180119 0.519234 2.78734
-0.10049 0.044741 0.206573 -0.172677 0.269239 -0.696257
-0.109933 0.00383894 -0.0684731 0.105537 0.125804 2.14633
-0.103366 -0.0376222 0.0252249 -0.0485681 0.054728 -1.09177
-0.0817459 -0.0736044 -0.00831424 0.0169482 0.0188777 2.02687
-0.0482208 -0.0988673 -0.00152594 -0.00303134 0.00339375 -2.03715
-0.00767321 -0.109732 0.00972446 0.000402379 0.00973278 0.0413545
0.0339919 -0.104616 -0.0040034 -0.00250125 0.00472053 -2.58315
0.0707066 -0.0842649 0.00676512 0.0207926 0.0218655 1.25624
0.0971242 -0.0516419 -0.0271641 -0.0438209 0.0515573 -2.12571
0.109397 -0.0114981 0.0495508 0.094822 0.106988 1.08926
0.105739 0.0303201 -0.0657851 -0.216441 0.226217 -1.86586
0.0866812 0.0677228 0.0100439 0.448826 0.448938 1.54842
0.055 0.0952628 0.227301 -0.750587 0.784249 -1.27674
# x y Real Imaginary Modulus Phase <-> f = 0 s = 5
-0.0771 0.0784575 0.907117 -0.0319866 0.907681 -0.0352472
-0.100877 0.0438624 -0.562974 0.228614 0.607621 2.75585
-0.109962 0.00287946 0.268617 -0.213695 0.34325 -0.672015
-0.103034 -0.0385228 -0.130832 0.118793 0.176716 2.40439
-0.0811005 -0.0743149 0.0584511 -0.0422943 0.0721481 -0.62638
-0.0473562 -0.0992844 -0.0149763 0.00788486 0.0169251 2.65698
-0.00671534 -0.109795 -0.00354328 -0.00280145 0.00451696 -2.47259
0.0349035 -0.104316 0.0119899 0.00588819 0.0133578 0.456497
0.0714393 -0.0836447 -0.0115483 -0.00274477 0.01187 -2.90824
0.0975712 -0.0507923 0.0172411 0.00687742 0.0185622 0.379554
0.109494 -0.010543 -0.0317839 -0.0236542 0.0396199 -2.5018
0.10547 0.0312417 0.061096 0.0651538 0.0893182 0.817528
0.0860869 0.0684766 -0.0864173 -0.178657 0.198459 -2.02132
0.0541666 0.0957391 0.0391531 0.411914 0.413771 1.47603
0.0143579 0.109059 0.19508 -0.736842 0.762229 -1.31198
# x y Real Imaginary Modulus Phase <-> f = 0 s = 6
-0.101256 0.0429804 0.841597 -0.051461 0.843169 -0.0610709
-0.109983 0.00191976 -0.551231 0.313285 0.634037 2.62478
-0.102694 -0.0394205 0.326363 -0.241329 0.405898 -0.636715
-0.0804489 -0.0750198 -0.151808 0.108108 0.186368 2.52276
-0.046488 -0.0996939 0.0520689 -0.0378856 0.0643933 -0.629014
-0.00575696 -0.109849 -0.000818672 0.0143382 0.0143615 1.62783
0.0358125 -0.104007 -0.0144327 0.00141486 0.0145019 3.04387
0.0721665 -0.0830181 0.0130385 0.0133295 0.0186461 0.796434
0.0980107 -0.049939 -0.0179006 0.00957862 0.0203023 2.65026
0.109581 -0.00958713 0.00912513 -0.000805984 0.00916065 -0.0880972
0.105194 0.0321609 -0.0333686 -0.0133515 0.0359406 -2.76098
0.0854861 0.0692252 0.063174 0.0522565 0.081986 0.691098
0.0533291 0.0962082 -0.0857059 -0.161589 0.182911 -2.05846
0.0134056 0.10918 0.0301088 0.401425 0.402553 1.49593
-0.0284701 0.106252 0.229504 -0.75845 0.792413 -1.27696
# x y Real Imaginary Modulus Phase <-> f = 0 s = 7
-0.109996 0.000959919 0.761642 -0.0773463 0.765559 -0.101205
-0.102346 -0.0403151 -0.614171 0.361472 0.712649 2.60963
-0.0797912 -0.075719 0.351719 -0.207336 0.408282 -0.532658
-0.0456163 -0.100096 -0.1242 0.0943269 0.155959 2.49205
-0.00479813 -0.109895 0.0101947 -0.0432432 0.0444286 -1.33927
0.0367188 -0.103691 0.0118972 0.00567806 0.0131827 0.445289
0.0728882 -0.0823851 -0.0294201 -0.00131565 0.0294495 -3.0969
0.0984428 -0.0490818 0.00691862 0.0062956 0.00935424 0.738285
0.109661 -0.0086305 -0.0215737 0.0145256 0.026008 2.54901
0.104909 0.0330776 0.00393351 -0.00201636 0.0044202 -0.473685
0.0848787 0.0699686 -0.0326111 -0.0130237 0.0351155 -2.76164
0.0524875 0.0966699 0.0605621 0.0530849 0.0805343 0.7197
0.0124524 0.109293 -0.0802706 -0.18166 0.198604 -1.98687
-0.0293962 0.105999 0.0129903 0.473309 0.473487 1.54336
-0.0669638 0.0872689 0.145996 -0.772807 0.786476 -1.38408
# x y Real Imaginary Modulus Phase <-> f = 0 s = 8
-0.10199 -0.0412067 0.718628 -0.14795 0.733699 -0.203042
-0.0791274 -0.0764124 -0.62079 0.329389 0.702764 2.65377
-0.044741 -0.10049 0.265024 -0.181423 0.321173 -0.600285
-0.00383894 -0.109933 -0.0294939 0.0935286 0.0980688 1.87627
0.0376222 -0.103366 -0.0213013 -0.027031 0.0344154 -2.2382
0.0736044 -0.0817459 0.0308818 -0.00696617 0.0316577 -0.221862
0.0988673 -0.0482208 -0.034374 -0.00166123 0.0344141 -3.0933
0.109732 -0.00767321 0.00529994 0.001944 0.00564522 0.351559
0.104616 0.0339919 -0.0225924 0.0161364 0.0277633 2.52137
0.0842649 0.0707066 0.010668 -0.0029329 0.0110638 -0.268297
0.0516419 0.0971242 -0.0346044 -0.010155 0.0360637 -2.85615
0.0114981 0.109397 0.0594683 0.0682715 0.0905399 0.854205
-0.0303201 0.105739 -0.076433 -0.239734 0.251623 -1.87943
-0.0677228 0.0866812 0.0857326 0.528731 0.535637 1.41005
-0.0952628 0.055 0.0677949 -0.743838 0.746921 -1.47991
# x y Real Imaginary Modulus Phase <-> f = 0 s = 9
-0.0784575 -0.0771 0.860019 -0.0602613 0.862128 -0.0699554
-0.0438624 -0.100877 -0.509324 0.160752 0.53409 2.83587
-0.00287946 -0.109962 0.118391 -0.13883 0.182457 -0.864691
0.0385228 -0.103034 0.0101133 0.0629986 0.0638052 1.41162
0.0743149 -0.0811005 -0.0266351 -0.00655905 0.0274309 -2.90014
0.0992844 -0.0473562 0.0371208 -0.0166732 0.0406933 -0.422155
0.109795 -0.00671534 -0.0318006 -0.00211116 0.0318706 -3.0753
0.104316 0.0349035 0.00680407 0.0082792 0.0107164 0.882887
0.0836447 0.0714393 -0.0163998 0.0118644 0.0202415 2.5153
0.0507923 0.0975712 0.0174008 0.00156882 0.0174714 0.0899147
0.010543 0.109494 -0.029847 -0.0251991 0.039062 -2.44043
-0.0312417 0.10547 0.0431405 0.115697 0.123478 1.21389
-0.0684766 0.0860869 -0.075821 -0.304124 0.313433 -1.81512
-0.0957391 0.0541666 0.0813551 0.600546 0.606032 1.43615
-0.109059 0.0143579 -0.00116095 -0.793105 0.793106 -1.57226
# x y Real Imaginary Modulus Phase <-> f = 0 s = 10
-0.0429804 -0.101256 0.895197 0.124942 0.903874 0.138673
-0.00191976 -0.109983 -0.353277 0.118301 0.372559 2.81846
0.0394205 -0.102694 0.0783707 -0.118166 0.141793 -0.985181
0.0750198 -0.0804489 0.00457843 0.0559463 0.0561333 1.48914
0.0996939 -0.046488 -0.0233398 -0.00839968 0.0248053 -2.79614
0.109849 -0.00575696 0.0326515 -0.00516338 0.0330572 -0.156837
0.104007 0.0358125 -0.028007 -0.00659729 0.0287736 -2.91025
0.0830181 0.0721665 0.0116285 0.0139397 0.0181532 0.875544
0.049939 0.0980107 -0.00974136 0.00149825 0.0098559 2.98899
0.00958713 0.109581 0.0107251 0.00857537 0.0137319 0.674474
-0.0321609 0.105194 -0.0107294 -0.0446862 0.0459563 -1.80644
-0.0692252 0.0854861 0.0288095 0.13349 0.136564 1.35824
-0.0962082 0.0533291 -0.0395775 -0.305238 0.307794 -1.69974
-0.10918 0.0134056 0.0470177 0.602298 0.604131 1.49289
-0.106252 -0.0284701 0.119526 -0.78065 0.789747 -1.41887
# x y Real Imaginary Modulus Phase <-> f = 0 s = 11
-0.000959919 -0.109996 0.774471 0.208389 0.802017 0.262847
0.0403151 -0.102346 -0.322763 0.0940344 0.336182 2.8581
0.075719 -0.0797912 0.0996768 -0.119646 0.155726 -0.876197
0.100096 -0.0456163 -0.00650411 0.0754745 0.0757542 1.65676
0.109895 -0.00479813 -0.00954819 -0.0361732 0.0374121 -1.82887
0.103691 0.0367188 0.00511279 0.01596 0.016759 1.26078
0.0823851 0.0728882 -0.010014 -0.00361019 0.0106449 -2.79558
0.0490818 0.0984428 0.0108857 0.00701688 0.0129512 0.572569
0.0086305 0.109661 -0.00460051 -0.00110038 0.00473028 -2.90682
-0.0330776 0.104909 0.00419679 0.00849291 0.00947325 1.11184
-0.0699686 0.0848787 -0.00826337 -0.0418147 0.0426234 -1.7659
-0.0966699 0.0524875 0.0265079 0.106942 0.110178 1.32782
-0.109293 0.0124524 -0.0518317 -0.239312 0.244861 -1.78409
-0.105999 -0.0293962 0.00696364 0.430658 0.430714 1.55463
-0.0872689 -0.0669638 0.287409 -0.68346 0.741432 -1.17273
# x y Real Imaginary Modulus Phase <-> f = 0 s = 12
0.0412067 -0.10199 0.827217 0.198134 0.850615 0.23509
0.0764124 -0.0791274 -0.427025 0.103812 0.439463 2.90311
0.10049 -0.044741 0.173439 -0.154276 0.232126 -0.726988
0.109933 -0.00383894 -0.0725753 0.104407 0.127153 2.17824
0.103366 0.0376222 0.0361367 -0.0504145 0.0620281 -0.948889
0.0817459 0.0736044 -0.0167905 0.0141599 0.0219642 2.44098
0.0482208 0.0988673 0.00139011 -0.00371879 0.00397012 -1.21307
0.00767321 0.109732 0.00567372 0.00146326 0.00585937 0.252401
-0.0339919 0.104616 -0.00211114 0.000572035 0.00218727 2.87699
-0.0707066 0.0842649 0.0085276 0.00429062 0.00954617 0.466161
-0.0971242 0.0516419 -0.0259407 -0.0169158 0.0309687 -2.56374
-0.109397 0.0114981 0.0611546 0.0429167 0.0747109 0.611916
-0.105739 -0.0303201 -0.0844008 -0.112413 0.140571 -2.21482
-0.0866812 -0.0677228 0.0271626 0.285098 0.286389 1.47581
-0.055 -0.0952628 0.277685 -0.517694 0.587466 -1.07846
# x y Real Imaginary Modulus Phase <-> f = 0 s = 13
0.0771 -0.0784575 0.952037 0.030691 0.952531 0.032226
0.100877 -0.0438624 -0.57867 0.240287 0.626575 2.74802
0.109962 -0.00287946 0.337357 -0.226424 0.406297 -0.591115
0.103034 0.0385228 -0.184631 0.106919 0.213355 2.61669
0.0811005 0.0743149 0.0874351 -0.0292786 0.092207 -0.323125
0.0473562 0.0992844 -0.028454 6.80733e-05 0.0284541 3.1392
0.00671534 0.109795 0.00605375 -0.00272651 0.00663941 -0.423173
-0.0349035 0.104316 0.00458253 0.00449707 0.00642053 0.775986
-0.0714393 0.0836447 -0.00609912 0.0111636 0.0127211 2.07082
-0.0975712 0.0507923 0.0055482 -0.0120609 0.0132758 -1.13964
-0.109494 0.010543 -0.0239099 0.0110464 0.0263383 2.70881
-0.10547 -0.0312417 0.0494526 0.00219364 0.0495012 0.0443294
-0.0860869 -0.0684766 -0.0729609 -0.0706874 0.101587 -2.37202
-0.0541666 -0.0957391 0.0242282 0.23748 0.238712 1.46913
-0.0143579 -0.109059 0.307736 -0.539346 0.620963 -1.0523
# x y Real Imaginary Modulus Phase <-> f = 0 s = 14
0.101256 -0.0429804 0.736302 -0.0863226 0.741344 -0.116705
0.109983 -0.00191976 -0.5681 0.450771 0.725211 2.47085
0.102694 0.0394205 0.415002 -0.307777 0.516675 -0.638121
0.0804489 0.0750198 -0.213247 0.127385 0.248397 2.60312
0.046488 0.0996939 0.0912129 -0.0444785 0.10148 -0.453706
0.00575696 0.109849 -0.0234868 0.0208739 0.0314221 2.41503
-0.0358125 0.104007 -0.000809792 -0.00973836 0.00977198 -1.65376
-0.0721665 0.0830181 0.00617634 0.0123522 0.0138103 1.10713
-0.0980107 0.049939 -0.0179111 0.0130955 0.0221878 2.51027
-0.109581 0.00958713 0.00639385 -0.0296629 0.0303442 -1.35849
-0.105194 -0.0321609 -0.00824315 0.0273761 0.0285902 1.86327
-0.0854861 -0.0692252 0.0374004 -0.00264684 0.037494 -0.0706525
-0.0533291 -0.0962082 -0.0729972 -0.0804175 0.108607 -2.30786
-0.0134056 -0.10918 0.00135538 0.311919 0.311922 1.56645
0.0284701 -0.106252 0.312632 -0.732089 0.796049 -1.1672
# x y Real Imaginary Modulus Phase <-> f = 0 s = 15
0.109996 -0.000959919 0.66116 0.0198852 0.661459 0.0300672
0.102346 0.0403151 -0.527664 0.443948 0.689579 2.44214
0.0797912 0.075719 0.350087 -0.289381 0.454205 -0.69075
0.0456163 0.100096 -0.160318 0.135752 0.210073 2.43898
0.00479813 0.109895 0.0419093 -0.0545652 0.0688022 -0.915837
-0.0367188 0.103691 -0.00297781 0.0231027 0.0232939 1.69898
-0.0728882 0.0823851 -0.0129167 -0.0034048 0.0133579 -2.88386
-0.0984428 0.0490818 0.00275161 0.00887976 0.00929632 1.27031
-0.109661 0.0086305 -0.0209515 0.0125177 0.0244061 2.60304
-0.104909 -0.0330776 0.00734709 -0.0383572 0.0390545 -1.38154
-0.0848787 -0.0699686 -0.00698181 0.0264715 0.0273767 1.82867
-0.0524875 -0.0966699 0.0518947 0.0143595 0.0538447 0.26995
-0.0124524 -0.109293 -0.078537 -0.14577 0.16558 -2.06498
0.0293962 -0.105999 0.00325669 0.479215 0.479226 1.564
0.0669638 -0.0872689 0.0695126 -0.780999 0.784086 -1.48203
