# x y Real Imaginary Modulus Phase <-> f = 0 s = 0
0.10199 0.0412067 0.73503 -0.0319338 0.735723 -0.0434182
0.0791274 0.0764124 -0.570661 0.318444 0.653499 2.63261
0.044741 0.10049 0.293924 -0.23893 0.378786 -0.682555
0.00383894 0.109933 -0.105014 0.106408 0.149501 2.3496
-0.0376222 0.103366 0.00967681 -0.0489634 0.0499105 -1.37568
-0.0736044 0.0817459 0.00450212 0.0146277 0.0153049 1.27222
-0.0988673 0.0482208 -0.0150382 0.00288055 0.0153116 2.95234
-0.109732 0.00767321 0.00937488 0.00542514 0.0108315 0.524602
-0.104616 -0.0339919 -0.0216395 0.0121559 0.02482 2.62978
-0.0842649 -0.0707066 0.003902 -0.0241029 0.0244167 -1.4103
-0.0516419 -0.0971242 -0.0328229 0.0010767 0.0328405 3.1088
-0.0114981 -0.109397 0.0601541 0.055031 0.0815287 0.74095
0.0303201 -0.105739 -0.0545274 -0.285152 0.290319 -1.75974
0.0677228 -0.0866812 0.124878 0.640481 0.652542 1.37824
0.0952628 -0.055 -0.0255144 -0.651044 0.651543 -1.60997
# x y Real Imaginary Modulus Phase <-> f = 0 s = 1
0.0784575 0.0771 0.818206 -0.0762855 0.821755 -0.0929663
0.0438624 0.100877 -0.57558 0.268531 0.635139 2.70507
0.00287946 0.109962 0.227636 -0.171602 0.285071 -0.645958
-0.0385228 0.103034 -0.0491604 0.107007 0.11776 2.00145
-0.0743149 0.0811005 -0.0127974 -0.0540079 0.0555034 -1.80346
-0.0992844 0.0473562 0.0124363 0.00691179 0.0142279 0.507267
-0.109795 0.00671534 -0.0245683 0.0053753 0.0251495 2.9262
-0.104316 -0.0349035 0.00361143 0.0145644 0.0150055 1.32774
-0.0836447 -0.0714393 -0.0198538 0.0181844 0.026923 2.40005
-0.0507923 -0.0975712 0.0142133 -0.00631158 0.0155516 -0.417905
-0.010543 -0.109494 -0.0209579 -0.0320053 0.0382567 -2.15056
0.0312417 -0.10547 0.00630457 0.143032 0.143171 1.52675
0.0684766 -0.0860869 -0.0465704 -0.387508 0.390296 -1.6904
0.0957391 -0.0541666 0.178561 0.648593 0.672723 1.30215
0.109059 -0.0143579 0.0396573 -0.685687 0.686833 -1.51302
# x y Real Imaginary Modulus Phase <-> f = 0 s = 2
0.0429804 0.101256 0.866379 -0.0815072 0.870205 -0.0938018
0.00191976 0.109983 -0.527387 0.181154 0.557632 2.81073
-0.0394205 0.102694 0.187036 -0.176114 0.256902 -0.755331
-0.0750198 0.0804489 -0.0357369 0.102377 0.108435 1.90664
-0.0996939 0.046488 -0.00473153 -0.0404185 0.0406945 -1.68733
-0.109849 0.00575696 0.00641305 0.00969112 0.0116209 0.986209
-0.104007 -0.0358125 -0.0167105 0.00101198 0.0167411 3.08111
-0.0830181 -0.0721665 0.00407833 0.00860872 0.0095259 1.12837
-0.049939 -0.0980107 -0.00913199 0.00223893 0.00940245 2.90116
-0.00958713 -0.109581 0.00770201 0.00921645 0.012011 0.874675
0.0321609 -0.105194 0.00674934 -0.0579044 0.0582964 -1.45476
0.0692252 -0.0854861 0.0112375 0.167323 0.1677 1.50374
0.0962082 -0.0533291 -0.0741248 -0.361961 0.369473 -1.77279
0.10918 -0.0134056 0.0942721 0.574077 0.581766 1.40803
0.106252 0.0284701 0.10392 -0.761127 0.768188 -1.4351
# x y Real Imaginary Modulus Phase <-> f = 0 s = 3
0.000959919 0.109996 0.902558 0.0122482 0.902641 0.0135697
-0.0403151 0.102346 -0.475831 0.201188 0.516616 2.74157
-0.075719 0.0797912 0.171977 -0.161627 0.236007 -0.754382
-0.100096 0.0456163 -0.0388413 0.102294 0.109419 1.93368
-0.109895 0.00479813 -0.00376683 -0.0371778 0.0373682 -1.67177
-0.103691 -0.0367188 0.00815514 0.0208954 0.0224304 1.19869
-0.0823851 -0.0728882 -0.00968312 -0.0107136 0.0144411 -2.30571
-0.0490818 -0.0984428 0.0106191 0.00212576 0.0108298 0.197572
-0.0086305 -0.109661 -0.00707784 0.00317811 0.00775862 2.71955
0.0330776 -0.104909 -0.00587248 0.00782003 0.00977951 2.21491
0.0699686 -0.0848787 0.00204475 -0.0747281 0.0747561 -1.54344
0.0966699 -0.0524875 0.0449453 0.160009 0.166202 1.29696
0.109293 -0.0124524 -0.0761109 -0.288469 0.298341 -1.82876
0.105999 0.0293962 0.0440071 0.523921 0.525766 1.487
0.0872689 0.0669638 0.147615 -0.793103 0.806724 -1.38678
# x y Real Imaginary Modulus Phase <-> f = 0 s = 4
-0.0412067 0.10199 0.877497 -0.00813898 0.877535 -0.00927495
-0.0764124 0.0791274 -0.474862 0.176677 0.506664 2.7854
-0.10049 0.044741 0.198163 -0.168284 0.259977 -0.70404
-0.109933 0.00383894 -0.0647967 0.102998 0.121685 2.13234
-0.103366 -0.0376222 0.0215269 -0.0497724 0.0542282 -1.16258
-0.0817459 -0.0736044 -0.00838806 0.0163697 0.0183937 2.04433
-0.0482208 -0.0988673 -0.00112864 -0.00189831 0.00220848 -2.1072
-0.00767321 -0.109732 0.0095936 0.000368209 0.00960067 0.0383618
0.0339919 -0.104616 -0.00410955 -0.00407817 0.00578964 -2.36003
0.0707066 -0.0842649 0.00737405 0.0201922 0.0214966 1.22065
0.0971242 -0.0516419 -0.0271925 -0.0409831 0.0491838 -2.15661
0.109397 -0.0114981 0.0489416 0.0919359 0.104151 1.08161
0.105739 0.0303201 -0.067996 -0.211328 0.221997 -1.88209
0.0866812 0.0677228 0.00963765 0.440124 0.440229 1.5489
0.055 0.0952628 0.227459 -0.739485 0.773677 -1.27239
# x y Real Imaginary Modulus Phase <-> f = 0 s = 5
-0.0771 0.0784575 0.902443 -0.0214916 0.902698 -0.0238104
-0.100877 0.0438624 -0.554316 0.220168 0.59644 2.76351
-0.109962 0.00287946 0.26251 -0.210005 0.336175 -0.674733
-0.103034 -0.0385228 -0.126259 0.11528 0.17097 2.40162
-0.0811005 -0.0743149 0.0577234 -0.0401577 0.0703181 -0.607829
-0.0473562 -0.0992844 -0.0125497 0.00683227 0.014289 2.64305
-0.00671534 -0.109795 -0.00453158 -0.00288965 0.00537451 -2.57393
0.0349035 -0.104316 0.0126891 0.00592395 0.0140038 0.436781
0.0714393 -0.0836447 -0.0115358 -0.00260359 0.011826 -2.91962
0.0975712 -0.0507923 0.0193873 0.00536028 0.0201147 0.269745
0.109494 -0.010543 -0.0292004 -0.0178049 0.0342005 -2.59404
0.10547 0.0312417 0.0605127 0.0619523 0.0866018 0.797153
0.0860869 0.0684766 -0.0856507 -0.172635 0.192715 -2.03135
0.0541666 0.0957391 0.0408904 0.40083 0.40291 1.46913
0.0143579 0.109059 0.197834 -0.721086 0.747733 -1.30303
# x y Real Imaginary Modulus Phase <-> f = 0 s = 6
-0.101256 0.0429804 0.845257 -0.0472036 0.846574 -0.0557873
-0.109983 0.00191976 -0.5515 0.304397 0.629928 2.63726
-0.102694 -0.0394205 0.324338 -0.233033 0.399374 -0.623026
-0.0804489 -0.0750198 -0.147587 0.103456 0.180236 2.53021
-0.046488 -0.0996939 0.0484968 -0.0360626 0.0604355 -0.639397
-0.00575696 -0.109849 -0.000645297 0.0164186 0.0164313 1.61008
0.0358125 -0.104007 -0.0158093 0.00108721 0.0158466 3.07293
0.0721665 -0.0830181 0.0146343 0.0155896 0.0213822 0.816994
0.0980107 -0.049939 -0.016532 0.00964242 0.0191385 2.61357
0.109581 -0.00958713 0.0132397 -0.00475973 0.0140693 -0.345117
0.105194 0.0321609 -0.0311052 -0.0108412 0.0329403 -2.80622
0.0854861 0.0692252 0.061163 0.0494897 0.0786775 0.680292
0.0533291 0.0962082 -0.0854576 -0.155095 0.17708 -2.07441
0.0134056 0.10918 0.030073 0.390775 0.39193 1.49399
-0.0284701 0.106252 0.233903 -0.74377 0.779682 -1.26611
# x y Real Imaginary Modulus Phase <-> f = 0 s = 7
-0.109996 0.000959919 0.765678 -0.0782245 0.769663 -0.101811
-0.102346 -0.0403151 -0.616818 0.357921 0.713142 2.61581
-0.0797912 -0.075719 0.351524 -0.202146 0.405502 -0.521876
-0.0456163 -0.100096 -0.122197 0.0923578 0.153174 2.49438
-0.00479813 -0.109895 0.00885767 -0.039039 0.0400312 -1.34768
0.0367188 -0.103691 0.0129778 0.00540036 0.0140566 0.394328
0.0728882 -0.0823851 -0.0268887 -0.00241759 0.0269972 -3.05192
0.0984428 -0.0490818 0.0105091 0.0100717 0.0145561 0.764147
0.109661 -0.0086305 -0.018597 0.0112351 0.0217273 2.59814
0.104909 0.0330776 0.00468837 -0.0113362 0.0122674 -1.17864
0.0848787 0.0699686 -0.0274794 -0.00880793 0.0288565 -2.83141
0.0524875 0.0966699 0.0606301 0.0493783 0.0781936 0.683471
0.0124524 0.109293 -0.0803968 -0.17357 0.191286 -2.00457
-0.0293962 0.105999 0.0105329 0.464338 0.464457 1.54812
-0.0669638 0.0872689 0.152541 -0.769871 0.784838 -1.37519
# x y Real Imaginary Modulus Phase <-> f = 0 s = 8
-0.10199 -0.0412067 0.725968 -0.149491 0.741199 -0.20308
-0.0791274 -0.0764124 -0.620477 0.320717 0.698463 2.66453
-0.044741 -0.10049 0.261083 -0.177067 0.315463 -0.595946
-0.00383894 -0.109933 -0.0307498 0.0949531 0.099808 1.88398
0.0376222 -0.103366 -0.0201564 -0.0324249 0.0381792 -2.12697
0.0736044 -0.0817459 0.0303622 -0.00193098 0.0304236 -0.0635126
0.0988673 -0.0482208 -0.0392868 0.00224259 0.0393508 3.08457
0.109732 -0.00767321 0.00399215 0.00847595 0.00936904 1.13062
0.104616 0.0339919 -0.0209796 0.0116223 0.0239838 2.6357
0.0842649 0.0707066 0.0146133 -0.00927775 0.0173097 -0.565674
0.0516419 0.0971242 -0.0305594 -0.00917151 0.031906 -2.85003
0.0114981 0.109397 0.0576866 0.0621005 0.0847598 0.82223
-0.0303201 0.105739 -0.0756968 -0.231655 0.243709 -1.88662
-0.0677228 0.0866812 0.0807414 0.523576 0.529765 1.41779
-0.0952628 0.055 0.0697745 -0.743982 0.747246 -1.47728
# x y Real Imaginary Modulus Phase <-> f = 0 s = 9
-0.0784575 -0.0771 0.86694 -0.051672 0.868478 -0.0595324
-0.0438624 -0.100877 -0.495947 0.149545 0.518003 2.84873
-0.00287946 -0.109962 0.115038 -0.141162 0.1821 -0.887016
0.0385228 -0.103034 0.0182272 0.06302 0.065603 1.28925
0.0743149 -0.0811005 -0.0311204 -0.00708458 0.0319166 -2.91776
0.0992844 -0.0473562 0.0332887 -0.0137994 0.0360355 -0.392977
0.109795 -0.00671534 -0.0339783 0.00132337 0.0340041 3.10266
0.104316 0.0349035 0.00705373 0.0162692 0.0177325 1.16169
0.0836447 0.0714393 -0.0196992 0.0114976 0.0228091 2.61327
0.0507923 0.0975712 0.0127568 -0.000398015 0.012763 -0.03119
0.010543 0.109494 -0.0329399 -0.0260046 0.0419675 -2.47332
-0.0312417 0.10547 0.0446911 0.114557 0.122966 1.19884
-0.0684766 0.0860869 -0.0726069 -0.299866 0.308531 -1.80836
-0.0957391 0.0541666 0.0764712 0.602614 0.607446 1.44457
-0.109059 0.0143579 -0.001059 -0.797072 0.797073 -1.57212
# x y Real Imaginary Modulus Phase <-> f = 0 s = 10
-0.0429804 -0.101256 0.885804 0.135409 0.896093 0.151691
-0.00191976 -0.109983 -0.346841 0.118932 0.366665 2.81125
0.0394205 -0.102694 0.0682948 -0.121081 0.139014 -1.05724
0.0750198 -0.0804489 0.016655 0.0561541 0.0585719 1.28247
0.0996939 -0.046488 -0.0337607 -0.0143419 0.0366807 -2.73988
0.109849 -0.00575696 0.0295332 -0.00222805 0.0296172 -0.0752996
0.104007 0.0358125 -0.0247587 -0.0070372 0.0257394 -2.86466
0.0830181 0.0721665 0.0102779 0.0173143 0.020135 1.03509
0.049939 0.0980107 -0.0126788 -0.00131496 0.0127468 -3.03825
0.00958713 0.109581 0.0070315 0.00645592 0.00954572 0.742749
-0.0321609 0.105194 -0.0119011 -0.0407322 0.0424352 -1.85506
-0.0692252 0.0854861 0.0297114 0.132691 0.135976 1.35051
-0.0962082 0.0533291 -0.034494 -0.303693 0.305646 -1.68389
-0.10918 0.0134056 0.0416259 0.59538 0.596834 1.501
-0.106252 -0.0284701 0.130501 -0.779026 0.789881 -1.40482
# x y Real Imaginary Modulus Phase <-> f = 0 s = 11
-0.000959919 -0.109996 0.758209 0.209546 0.786632 0.269639
0.0403151 -0.102346 -0.313602 0.100426 0.329289 2.83168
0.075719 -0.0797912 0.0918302 -0.120826 0.151762 -0.920914
0.100096 -0.0456163 0.000368425 0.0737485 0.0737495 1.5658
0.109895 -0.00479813 -0.0112916 -0.0408632 0.0423946 -1.8404
0.103691 0.0367188 0.00399792 0.0157121 0.0162128 1.32164
0.0823851 0.0728882 -0.00829797 0.00212687 0.00856621 2.89068
0.0490818 0.0984428 0.0129297 0.00721427 0.0148062 0.508936
0.0086305 0.109661 -0.00447236 0.000738886 0.00453299 2.97786
-0.0330776 0.104909 0.0061302 0.0042172 0.00744071 0.602585
-0.0699686 0.0848787 -0.00578004 -0.0401548 0.0405687 -1.71376
-0.0966699 0.0524875 0.0258088 0.103125 0.106306 1.32557
-0.109293 0.0124524 -0.0541101 -0.232448 0.238663 -1.79951
-0.105999 -0.0293962 0.00825703 0.416526 0.416608 1.55098
-0.0872689 -0.0669638 0.29165 -0.672173 0.732719 -1.16142
# x y Real Imaginary Modulus Phase <-> f = 0 s = 12
0.0412067 -0.10199 0.820941 0.199833 0.844913 0.238776
0.0764124 -0.0791274 -0.427239 0.113841 0.442146 2.88119
0.10049 -0.044741 0.180112 -0.155787 0.238138 -0.713108
0.109933 -0.00383894 -0.0710549 0.106058 0.12766 2.16108
0.103366 0.0376222 0.0387001 -0.0529486 0.0655839 -0.939632
0.0817459 0.0736044 -0.0182843 0.0190073 0.0263741 2.33681
0.0482208 0.0988673 0.00563734 -0.0027699 0.00628108 -0.456704
0.00767321 0.109732 0.00852503 0.00226195 0.00882001 0.259355
-0.0339919 0.104616 -0.00383608 0.000814622 0.00392162 2.93234
-0.0707066 0.0842649 0.00996453 0.0016536 0.0101008 0.16445
-0.0971242 0.0516419 -0.0322898 -0.0141429 0.0352513 -2.72876
-0.109397 0.0114981 0.0585262 0.0431994 0.0727427 0.635855
-0.105739 -0.0303201 -0.0841808 -0.115512 0.142931 -2.20057
-0.0866812 -0.0677228 0.03033 0.284474 0.286086 1.46458
-0.055 -0.0952628 0.274261 -0.504432 0.574169 -1.0728
# x y Real Imaginary Modulus Phase <-> f = 0 s = 13
0.0771 -0.0784575 0.951496 0.0337877 0.952096 0.0354951
0.100877 -0.0438624 -0.576442 0.246577 0.626966 2.73739
0.109962 -0.00287946 0.335874 -0.2297 0.406907 -0.59983
0.103034 0.0385228 -0.177521 0.11198 0.209889 2.57883
0.0811005 0.0743149 0.0898315 -0.0281929 0.0941517 -0.304107
0.0473562 0.0992844 -0.0265774 -0.00112365 0.0266011 -3.09934
0.00671534 0.109795 0.00778355 -0.00301438 0.00834686 -0.369489
-0.0349035 0.104316 0.0155552 0.00188553 0.0156691 0.120627
-0.0714393 0.0836447 -0.0049332 0.00647829 0.00814277 2.22161
-0.0975712 0.0507923 0.0103236 -0.0147147 0.017975 -0.959007
-0.109494 0.010543 -0.0215915 0.00348176 0.0218704 2.98171
-0.10547 -0.0312417 0.0486544 -0.00345925 0.0487772 -0.070979
-0.0860869 -0.0684766 -0.0748309 -0.0737468 0.105063 -2.36349
-0.0541666 -0.0957391 0.0162794 0.238393 0.238949 1.50261
-0.0143579 -0.109059 0.293794 -0.525141 0.601737 -1.06072
# x y Real Imaginary Modulus Phase <-> f = 0 s = 14
0.101256 -0.0429804 0.752608 -0.0947774 0.758552 -0.125273
0.109983 -0.00191976 -0.56957 0.441739 0.720793 2.48193
0.102694 0.0394205 0.411288 -0.302449 0.510522 -0.634073
0.0804489 0.0750198 -0.204026 0.125715 0.239647 2.58937
0.046488 0.0996939 0.0901632 -0.0532794 0.104729 -0.533717
0.00575696 0.109849 -0.0324962 0.0196387 0.0379695 2.59799
-0.0358125 0.104007 -0.0090696 -0.00527492 0.010492 -2.61481
-0.0721665 0.0830181 0.00143294 0.0152428 0.01531 1.47706
-0.0980107 0.049939 -0.0158484 0.013379 0.0207405 2.44048
-0.109581 0.00958713 0.00897747 -0.0200628 0.0219798 -1.15005
-0.105194 -0.0321609 -0.0147118 0.0291115 0.0326177 2.03872
-0.0854861 -0.0692252 0.0451734 -0.0133934 0.0471171 -0.288233
-0.0533291 -0.0962082 -0.0790247 -0.061694 0.100255 -2.47874
-0.0134056 -0.10918 -0.00099103 0.311519 0.311521 1.57398
0.0284701 -0.106252 0.308326 -0.721321 0.784454 -1.16686
# x y Real Imaginary Modulus Phase <-> f = 0 s = 15
0.109996 -0.000959919 0.656506 -0.00315525 0.656514 -0.00480609
0.102346 0.0403151 -0.524166 0.449435 0.690465 2.4328
0.0797912 0.075719 0.354604 -0.286864 0.456108 -0.680186
0.0456163 0.100096 -0.158201 0.139058 0.210629 2.42051
0.00479813 0.109895 0.0315183 -0.0508672 0.0598404 -1.01608
-0.0367188 0.103691 0.00239416 0.0213802 0.0215138 1.45928
-0.0728882 0.0823851 -0.0174439 -0.00264673 0.0176436 -2.99101
-0.0984428 0.0490818 0.00908861 0.0146793 0.0172651 1.01642
-0.109661 0.0086305 -0.0217961 0.0236952 0.0321952 2.31447
-0.104909 -0.0330776 0.00916433 -0.0351783 0.0363524 -1.31595
-0.0848787 -0.0699686 -0.0165553 0.0279416 0.0324778 2.10568
-0.0524875 -0.0966699 0.0622576 0.00953509 0.0629835 0.151975
-0.0124524 -0.109293 -0.0711528 -0.150487 0.16646 -2.01246
0.0293962 -0.105999 0.00588282 0.47714 0.477176 1.55847
0.0669638 -0.0872689 0.0755287 -0.781527 0.785168 -1.47445
