# x y Real Imaginary Modulus Phase <-> f = 0 s = 0
0.10199 0.0412067 0.732733 -0.0427387 0.733979 -0.0582618
0.0791274 0.0764124 -0.574513 0.32738 0.661243 2.62365
0.044741 0.10049 0.297423 -0.221075 0.370587 -0.6392
0.00383894 0.109933 -0.0907266 0.102263 0.136708 2.29649
-0.0376222 0.103366 0.0121222 -0.0493587 0.0508255 -1.32997
-0.0736044 0.0817459 0.000140572 0.0156858 0.0156864 1.56183
-0.0988673 0.0482208 -0.0190287 0.00308787 0.0192776 2.98072
-0.109732 0.00767321 0.000517898 0.00404089 0.00407394 1.44333
-0.104616 -0.0339919 -0.0209569 0.0114052 0.0238594 2.6432
-0.0842649 -0.0707066 0.0183765 -0.0339795 0.0386303 -1.07503
-0.0516419 -0.0971242 -0.0256369 0.00545963 0.0262118 2.93177
-0.0114981 -0.109397 0.056346 0.0645863 0.0857103 0.853433
0.0303201 -0.105739 -0.0519048 -0.279121 0.283906 -1.75465
0.0677228 -0.0866812 0.122619 0.640566 0.652197 1.38166
0.0952628 -0.055 -0.0226652 -0.640515 0.640916 -1.60617
# x y Real Imaginary Modulus Phase <-> f = 0 s = 1
0.0784575 0.0771 0.823076 -0.0827254 0.827223 -0.100171
0.0438624 0.100877 -0.576238 0.265646 0.634522 2.70963
0.00287946 0.109962 0.234731 -0.169431 0.289492 -0.625216
-0.0385228 0.103034 -0.0570801 0.0975588 0.11303 2.10018
-0.0743149 0.0811005 0.000473895 -0.0394666 0.0394694 -1.55879
-0.0992844 0.0473562 0.00484311 0.0110368 0.0120527 1.15728
-0.109795 0.00671534 -0.0207749 0.00537987 0.0214602 2.8882
-0.104316 -0.0349035 0.004414 0.0100774 0.0110017 1.15796
-0.0836447 -0.0714393 -0.0209566 0.0118049 0.0240527 2.62859
-0.0507923 -0.0975712 0.0142912 -0.00935869 0.0170828 -0.579783
-0.010543 -0.109494 -0.0242315 -0.0305592 0.0390004 -2.24122
0.0312417 -0.10547 0.0100815 0.139854 0.140217 1.49884
0.0684766 -0.0860869 -0.0512239 -0.392087 0.395419 -1.7007
0.0957391 -0.0541666 0.187265 0.634937 0.661977 1.28399
0.109059 -0.0143579 0.0307795 -0.693682 0.694365 -1.52645
# x y Real Imaginary Modulus Phase <-> f = 0 s = 2
0.0429804 0.101256 0.875882 -0.0694884 0.878634 -0.0791696
0.00191976 0.109983 -0.52394 0.179717 0.553906 2.81116
-0.0394205 0.102694 0.18647 -0.172999 0.254362 -0.747941
-0.0750198 0.0804489 -0.0429163 0.0967921 0.10588 1.98814
-0.0996939 0.046488 0.00204189 -0.0397651 0.0398175 -1.51949
-0.109849 0.00575696 0.0115703 0.0124352 0.0169855 0.821412
-0.104007 -0.0358125 -0.0149397 -0.00126602 0.0149932 -3.05705
-0.0830181 -0.0721665 0.0110215 0.0144667 0.0181868 0.919753
-0.049939 -0.0980107 -0.0107323 0.00597304 0.0122824 2.63373
-0.00958713 -0.109581 0.00864897 0.00808194 0.0118373 0.75152
0.0321609 -0.105194 0.00656188 -0.0505715 0.0509955 -1.44176
0.0692252 -0.0854861 0.00693145 0.172723 0.172862 1.53069
0.0962082 -0.0533291 -0.0854055 -0.357271 0.367337 -1.80544
0.10918 -0.0134056 0.0974933 0.57133 0.579589 1.40178
0.106252 0.0284701 0.103757 -0.77921 0.786088 -1.43842
# x y Real Imaginary Modulus Phase <-> f = 0 s = 3
0.000959919 0.109996 0.90479 0.0163552 0.904937 0.0180743
-0.0403151 0.102346 -0.476629 0.18867 0.512612 2.76468
-0.075719 0.0797912 0.170181 -0.160992 0.234265 -0.757658
-0.100096 0.0456163 -0.0456694 0.0993171 0.109314 2.0018
-0.109895 0.00479813 0.00233419 -0.0418198 0.0418849 -1.51504
-0.103691 -0.0367188 0.0062617 0.0186071 0.0196324 1.24618
-0.0823851 -0.0728882 -0.00811154 -0.00919569 0.012262 -2.29363
-0.0490818 -0.0984428 0.0101555 0.00533739 0.0114727 0.483891
-0.0086305 -0.109661 -0.00465014 -0.00171799 0.00495735 -2.7877
0.0330776 -0.104909 1.88539e-05 0.00905372 0.00905374 1.56871
0.0699686 -0.0848787 0.00414981 -0.0697699 0.0698932 -1.51139
0.0966699 -0.0524875 0.0437055 0.150267 0.156494 1.28775
0.109293 -0.0124524 -0.0747685 -0.281407 0.29117 -1.83049
0.105999 0.0293962 0.042521 0.528118 0.529827 1.49046
0.0872689 0.0669638 0.152662 -0.786798 0.801472 -1.37915
# x y Real Imaginary Modulus Phase <-> f = 0 s = 4
-0.0412067 0.10199 0.880841 -0.00142141 0.880842 -0.0016137
-0.0764124 0.0791274 -0.475545 0.169006 0.504684 2.80012
-0.10049 0.044741 0.200055 -0.164268 0.258856 -0.687484
-0.109933 0.00383894 -0.0622631 0.101338 0.118938 2.12174
-0.103366 -0.0376222 0.0215739 -0.047851 0.0524895 -1.14723
-0.0817459 -0.0736044 -0.00793124 0.0153414 0.0172703 2.04794
-0.0482208 -0.0988673 -0.00220605 -0.00315295 0.00384809 -2.18131
-0.00767321 -0.109732 0.00989603 0.00049187 0.00990825 0.0496629
0.0339919 -0.104616 -0.00427824 -0.00253271 0.00497171 -2.60708
0.0707066 -0.0842649 0.00547689 0.0188183 0.0195991 1.28758
0.0971242 -0.0516419 -0.0282515 -0.0414144 0.0501328 -2.16945
0.109397 -0.0114981 0.0491515 0.088134 0.100913 1.06207
0.105739 0.0303201 -0.0628562 -0.210317 0.219509 -1.86121
0.0866812 0.0677228 0.00857575 0.43773 0.437814 1.55121
0.055 0.0952628 0.238938 -0.735788 0.773611 -1.2568
# x y Real Imaginary Modulus Phase <-> f = 0 s = 5
-0.0771 0.0784575 0.907481 -0.0112854 0.907551 -0.0124353
-0.100877 0.0438624 -0.556233 0.215249 0.596429 2.77236
-0.109962 0.00287946 0.263535 -0.206204 0.334621 -0.66395
-0.103034 -0.0385228 -0.126783 0.115054 0.171205 2.40466
-0.0811005 -0.0743149 0.0557724 -0.038549 0.0677981 -0.604784
-0.0473562 -0.0992844 -0.0103988 0.00693253 0.0124978 2.55359
-0.00671534 -0.109795 -0.00384789 -0.00249783 0.00458753 -2.56582
0.0349035 -0.104316 0.011692 0.00604013 0.01316 0.476842
0.0714393 -0.0836447 -0.0115322 -0.00132416 0.011608 -3.02727
0.0975712 -0.0507923 0.0162005 0.00515281 0.0170002 0.307947
0.109494 -0.010543 -0.030876 -0.0188317 0.0361658 -2.59391
0.10547 0.0312417 0.0574496 0.0586798 0.0821205 0.795991
0.0860869 0.0684766 -0.0825286 -0.173643 0.192257 -2.01447
0.0541666 0.0957391 0.0344137 0.397217 0.398705 1.48438
0.0143579 0.109059 0.206379 -0.717179 0.746283 -1.2906
# x y Real Imaginary Modulus Phase <-> f = 0 s = 6
-0.101256 0.0429804 0.854136 -0.0437499 0.855256 -0.0511765
-0.109983 0.00191976 -0.553527 0.303505 0.631274 2.64005
-0.102694 -0.0394205 0.32433 -0.233902 0.399875 -0.624804
-0.0804489 -0.0750198 -0.148436 0.105263 0.181971 2.52475
-0.046488 -0.0996939 0.0497767 -0.0336408 0.0600785 -0.594323
-0.00575696 -0.109849 0.00135233 0.0143502 0.0144138 1.47684
0.0358125 -0.104007 -0.0159316 -0.00153073 0.016005 -3.04581
0.0721665 -0.0830181 0.00983087 0.0131994 0.0164582 0.930634
0.0980107 -0.049939 -0.0182163 0.0101467 0.0208516 2.63338
0.109581 -0.00958713 0.00811134 -0.00253986 0.00849969 -0.303454
0.105194 0.0321609 -0.0315648 -0.00765851 0.0324806 -2.90356
0.0854861 0.0692252 0.0579079 0.0498219 0.0763908 0.710481
0.0533291 0.0962082 -0.0842654 -0.153731 0.175311 -2.07221
0.0134056 0.10918 0.0263791 0.386896 0.387794 1.50272
-0.0284701 0.106252 0.241066 -0.743847 0.781935 -1.2574
# x y Real Imaginary Modulus Phase <-> f = 0 s = 7
-0.109996 0.000959919 0.769089 -0.0778128 0.773016 -0.100832
-0.102346 -0.0403151 -0.621354 0.354712 0.715473 2.62287
-0.0797912 -0.075719 0.347722 -0.198862 0.40057 -0.519501
-0.0456163 -0.100096 -0.121679 0.0899941 0.151343 2.50478
-0.00479813 -0.109895 0.0073987 -0.0424066 0.0430472 -1.39806
0.0367188 -0.103691 0.0158456 0.00601381 0.0169484 0.362733
0.0728882 -0.0823851 -0.0297392 -0.00526701 0.030202 -2.9663
0.0984428 -0.0490818 0.00667329 0.00511664 0.0084091 0.654125
0.109661 -0.0086305 -0.0182824 0.0142281 0.0231665 2.48026
0.104909 0.0330776 0.00431038 -0.00594148 0.00734034 -0.943178
0.0848787 0.0699686 -0.0278812 -0.00645361 0.0286184 -2.91413
0.0524875 0.0966699 0.0590795 0.0510201 0.0780605 0.712328
0.0124524 0.109293 -0.0757723 -0.171619 0.187602 -1.98657
-0.0293962 0.105999 0.00876599 0.462254 0.462337 1.55184
-0.0669638 0.0872689 0.160956 -0.77178 0.788386 -1.36519
# x y Real Imaginary Modulus Phase <-> f = 0 s = 8
-0.10199 -0.0412067 0.728956 -0.157518 0.745781 -0.212815
-0.0791274 -0.0764124 -0.621774 0.316214 0.697563 2.67112
-0.044741 -0.10049 0.259142 -0.175219 0.31282 -0.594541
-0.00383894 -0.109933 -0.0252471 0.0955403 0.0988198 1.82915
0.0376222 -0.103366 -0.0251121 -0.0289452 0.0383202 -2.2854
0.0736044 -0.0817459 0.0321162 -0.00535535 0.0325596 -0.165229
0.0988673 -0.0482208 -0.0356873 -0.00823479 0.036625 -2.91481
0.109732 -0.00767321 0.00387443 0.00251225 0.00461764 0.575262
0.104616 0.0339919 -0.0201842 0.0160163 0.0257667 2.47083
0.0842649 0.0707066 0.0122777 -0.0055065 0.013456 -0.421604
0.0516419 0.0971242 -0.029582 -0.00778187 0.0305884 -2.88436
0.0114981 0.109397 0.0583435 0.0628181 0.0857326 0.822312
-0.0303201 0.105739 -0.0725347 -0.234118 0.245097 -1.87124
-0.0677228 0.0866812 0.0773599 0.522486 0.528182 1.4238
-0.0952628 0.055 0.0757176 -0.746913 0.750742 -1.46977
# x y Real Imaginary Modulus Phase <-> f = 0 s = 9
-0.0784575 -0.0771 0.867562 -0.0467876 0.868823 -0.0538778
-0.0438624 -0.100877 -0.499486 0.146742 0.520595 2.85585
-0.00287946 -0.109962 0.109247 -0.136638 0.174943 -0.896337
0.0385228 -0.103034 0.0189438 0.0622373 0.0650565 1.27533
0.0743149 -0.0811005 -0.0348528 -0.00825003 0.035816 -2.90916
0.0992844 -0.0473562 0.0385099 -0.0141859 0.0410396 -0.352945
0.109795 -0.00671534 -0.0296413 -0.00764837 0.0306122 -2.88907
0.104316 0.0349035 0.00628465 0.00827364 0.0103899 0.92118
0.0836447 0.0714393 -0.0155287 0.0125431 0.0199617 2.46215
0.0507923 0.0975712 0.0175656 -0.000623777 0.0175767 -0.0354964
0.010543 0.109494 -0.0298962 -0.0226357 0.0374987 -2.49354
-0.0312417 0.10547 0.040746 0.109975 0.117281 1.21598
-0.0684766 0.0860869 -0.0712057 -0.297173 0.305585 -1.80597
-0.0957391 0.0541666 0.072186 0.598829 0.603164 1.45083
-0.109059 0.0143579 0.00238716 -0.802975 0.802978 -1.56782
# x y Real Imaginary Modulus Phase <-> f = 0 s = 10
-0.0429804 -0.101256 0.887856 0.140982 0.898979 0.157474
-0.00191976 -0.109983 -0.345758 0.116684 0.364917 2.81612
0.0394205 -0.102694 0.0707915 -0.115035 0.135072 -1.01914
0.0750198 -0.0804489 0.0131754 0.0540572 0.0556396 1.33173
0.0996939 -0.046488 -0.0313402 -0.0103857 0.0330162 -2.82159
0.109849 -0.00575696 0.0366082 -0.00316086 0.0367444 -0.0861293
0.104007 0.0358125 -0.0251222 -0.0104076 0.0271927 -2.74884
0.0830181 0.0721665 0.0101973 0.0150145 0.01815 0.974191
0.049939 0.0980107 -0.00923693 0.001702 0.00939243 2.95938
0.00958713 0.109581 0.00973671 0.00665012 0.011791 0.599222
-0.0321609 0.105194 -0.00997428 -0.0405618 0.0417702 -1.81192
-0.0692252 0.0854861 0.0269298 0.130455 0.133206 1.36723
-0.0962082 0.0533291 -0.0367331 -0.299216 0.301462 -1.69295
-0.10918 0.0134056 0.0375764 0.59472 0.595906 1.5077
-0.106252 -0.0284701 0.132154 -0.777927 0.789072 -1.40252
# x y Real Imaginary Modulus Phase <-> f = 0 s = 11
-0.000959919 -0.109996 0.758927 0.214671 0.788704 0.27566
0.0403151 -0.102346 -0.31346 0.0963555 0.327936 2.84337
0.075719 -0.0797912 0.0910263 -0.116948 0.148198 -0.909398
0.100096 -0.0456163 -0.000909975 0.0761869 0.0761923 1.58274
0.109895 -0.00479813 -0.0110153 -0.0388705 0.0404011 -1.84694
0.103691 0.0367188 0.00824326 0.0143465 0.0165461 1.04928
0.0823851 0.0728882 -0.00970326 -0.00584872 0.0113296 -2.59915
0.0490818 0.0984428 0.00997819 0.00828557 0.0129698 0.692986
0.0086305 0.109661 -0.00494488 -0.000376886 0.00495922 -3.06552
-0.0330776 0.104909 0.00598255 0.00613752 0.00857088 0.798184
-0.0699686 0.0848787 -0.0059839 -0.036186 0.0366774 -1.73468
-0.0966699 0.0524875 0.0237281 0.102621 0.105328 1.34357
-0.109293 0.0124524 -0.0504085 -0.232531 0.237932 -1.78428
-0.105999 -0.0293962 0.00332001 0.417294 0.417308 1.56284
-0.0872689 -0.0669638 0.297776 -0.670567 0.73371 -1.15289
# x y Real Imaginary Modulus Phase <-> f = 0 s = 12
0.0412067 -0.10199 0.817189 0.200771 0.84149 0.240913
0.0764124 -0.0791274 -0.419443 0.103915 0.432123 2.89874
0.10049 -0.044741 0.173143 -0.157666 0.234173 -0.738647
0.109933 -0.00383894 -0.0719345 0.103547 0.126081 2.17796
0.103366 0.0376222 0.0357663 -0.0484072 0.0601871 -0.93446
0.0817459 0.0736044 -0.0128226 0.0153455 0.0199976 2.26687
0.0482208 0.0988673 0.00174032 -0.00455382 0.00487504 -1.20576
0.00767321 0.109732 0.00608086 0.00185131 0.00635643 0.295533
-0.0339919 0.104616 -0.00269935 0.00127829 0.00298672 2.69933
-0.0707066 0.0842649 0.00937927 0.00251009 0.00970933 0.261493
-0.0971242 0.0516419 -0.0258574 -0.0135497 0.0291925 -2.65892
-0.109397 0.0114981 0.0625275 0.0411212 0.0748375 0.581734
-0.105739 -0.0303201 -0.0864513 -0.10458 0.135686 -2.26158
-0.0866812 -0.0677228 0.026157 0.276825 0.278058 1.47659
-0.055 -0.0952628 0.276041 -0.501948 0.572844 -1.068
# x y Real Imaginary Modulus Phase <-> f = 0 s = 13
0.0771 -0.0784575 0.950074 0.0379026 0.95083 0.0398732
0.100877 -0.0438624 -0.579142 0.238779 0.626434 2.75053
0.109962 -0.00287946 0.333285 -0.220247 0.399484 -0.583955
0.103034 0.0385228 -0.183601 0.10216 0.21011 2.63383
0.0811005 0.0743149 0.0803179 -0.0253289 0.084217 -0.305486
0.0473562 0.0992844 -0.025491 6.42437e-05 0.0254911 3.13907
0.00671534 0.109795 0.00531514 -0.00149121 0.00552036 -0.273527
-0.0349035 0.104316 0.00505022 0.00442025 0.00671144 0.718977
-0.0714393 0.0836447 -0.00932353 0.00989398 0.0135948 2.32652
-0.0975712 0.0507923 0.00765326 -0.0137499 0.0157363 -1.0629
-0.109494 0.010543 -0.0264344 0.0135517 0.0297057 2.66787
-0.10547 -0.0312417 0.0545719 -0.00437801 0.0547472 -0.0800532
-0.0860869 -0.0684766 -0.0722185 -0.0615062 0.0948606 -2.43613
-0.0541666 -0.0957391 0.02684 0.229798 0.23136 1.45452
-0.0143579 -0.109059 0.303017 -0.526843 0.607769 -1.04884
# x y Real Imaginary Modulus Phase <-> f = 0 s = 14
0.101256 -0.0429804 0.745137 -0.0911406 0.75069 -0.121709
0.109983 -0.00191976 -0.582459 0.445421 0.733252 2.48873
0.102694 0.0394205 0.415906 -0.300367 0.513028 -0.625471
0.0804489 0.0750198 -0.210127 0.121478 0.242715 2.61742
0.046488 0.0996939 0.0908971 -0.04739 0.102509 -0.480588
0.00575696 0.109849 -0.0232221 0.0207105 0.0311158 2.4133
-0.0358125 0.104007 -0.000350687 -0.00939937 0.00940591 -1.60809
-0.0721665 0.0830181 0.00414199 0.0119386 0.0126367 1.23685
-0.0980107 0.049939 -0.0200159 0.00984234 0.0223049 2.68459
-0.109581 0.00958713 0.0102696 -0.0319512 0.0335611 -1.25981
-0.105194 -0.0321609 -0.0147535 0.0315168 0.034799 2.00861
-0.0854861 -0.0692252 0.0379635 -0.0122868 0.0399023 -0.313008
-0.0533291 -0.0962082 -0.0750806 -0.0710063 0.103339 -2.38408
-0.0134056 -0.10918 0.00348298 0.304891 0.304911 1.55937
0.0284701 -0.106252 0.314996 -0.722197 0.787903 -1.15951
# x y Real Imaginary Modulus Phase <-> f = 0 s = 15
0.109996 -0.000959919 0.657486 0.0103869 0.657568 0.0157966
0.102346 0.0403151 -0.535796 0.438507 0.692362 2.45572
0.0797912 0.075719 0.351118 -0.280075 0.449139 -0.673317
0.0456163 0.100096 -0.149842 0.131284 0.199219 2.42211
0.00479813 0.109895 0.0382078 -0.0538987 0.0660675 -0.954135
-0.0367188 0.103691 -0.00222849 0.0220821 0.0221943 1.67137
-0.0728882 0.0823851 -0.0146481 -0.00470842 0.0153862 -2.83059
-0.0984428 0.0490818 0.00439711 0.00747779 0.00867479 1.03923
-0.109661 0.0086305 -0.0240865 0.0103922 0.0262327 2.73427
-0.104909 -0.0330776 0.0111513 -0.0416013 0.0430699 -1.3089
-0.0848787 -0.0699686 -0.013848 0.0290673 0.0321974 2.01539
-0.0524875 -0.0966699 0.0549208 0.00890053 0.0556373 0.160664
-0.0124524 -0.109293 -0.0773431 -0.145226 0.164537 -2.06016
0.0293962 -0.105999 0.00404043 0.475536 0.475553 1.5623
0.0669638 -0.0872689 0.0732196 -0.783421 0.786835 -1.47761
