# x y Real Imaginary Modulus Phase <-> f = 0 s = 0
0.10199 0.0412067 0.740156 -0.022449 0.740497 -0.0303208
0.0791274 0.0764124 -0.556012 0.327676 0.645384 2.60905
0.044741 0.10049 0.289778 -0.23735 0.374575 -0.686264
0.00383894 0.109933 -0.0942159 0.11447 0.148256 2.25944
-0.0376222 0.103366 0.0135565 -0.0531137 0.0548165 -1.3209
-0.0736044 0.0817459 0.00617921 0.0155696 0.0167509 1.19298
-0.0988673 0.0482208 -0.0282344 -0.00126722 0.0282629 -3.09674
-0.109732 0.00767321 -0.000805903 0.0024503 0.00257943 1.88855
-0.104616 -0.0339919 -0.0205398 0.0194814 0.0283091 2.38263
-0.0842649 -0.0707066 0.00802921 -0.0311563 0.0321743 -1.31858
-0.0516419 -0.0971242 -0.0265548 0.00137397 0.0265903 3.0899
-0.0114981 -0.109397 0.0654652 0.0696584 0.0955928 0.81642
0.0303201 -0.105739 -0.0640125 -0.276881 0.284185 -1.798
0.0677228 -0.0866812 0.130198 0.63879 0.651924 1.36973
0.0952628 -0.055 -0.00122872 -0.635602 0.635603 -1.57273
# x y Real Imaginary Modulus Phase <-> f = 0 s = 1
0.0784575 0.0771 0.806244 -0.073951 0.809628 -0.0914669
0.0438624 0.100877 -0.56739 0.285869 0.635337 2.67488
0.00287946 0.109962 0.23525 -0.188025 0.301158 -0.674288
-0.0385228 0.103034 -0.0547723 0.112476 0.125104 2.02396
-0.0743149 0.0811005 0.00208207 -0.0481535 0.0481985 -1.52759
-0.0992844 0.0473562 0.00608833 0.0102814 0.0119488 1.03615
-0.109795 0.00671534 -0.0283907 0.00246105 0.0284972 3.05512
-0.104316 -0.0349035 0.00131102 0.00846571 0.00856662 1.41715
-0.0836447 -0.0714393 -0.019673 0.0157995 0.0252319 2.46496
-0.0507923 -0.0975712 0.00879499 -0.00572801 0.0104958 -0.577276
-0.010543 -0.109494 -0.0285913 -0.0383674 0.0478489 -2.21122
0.0312417 -0.10547 0.0228297 0.142778 0.144592 1.41224
0.0684766 -0.0860869 -0.0598015 -0.392019 0.396554 -1.72218
0.0957391 -0.0541666 0.193498 0.617539 0.647145 1.26715
0.109059 -0.0143579 0.0492801 -0.678226 0.680014 -1.49826
# x y Real Imaginary Modulus Phase <-> f = 0 s = 2
0.0429804 0.101256 0.852965 -0.0950318 0.858242 -0.110956
0.00191976 0.109983 -0.524481 0.208434 0.56438 2.76332
-0.0394205 0.102694 0.186483 -0.194177 0.269222 -0.805609
-0.0750198 0.0804489 -0.0393438 0.108772 0.115669 1.91786
-0.0996939 0.046488 0.00127967 -0.0503003 0.0503166 -1.54536
-0.109849 0.00575696 0.0124765 0.0118032 0.0171749 0.757673
-0.104007 -0.0358125 -0.0188003 -0.00148582 0.0188589 -3.06273
-0.0830181 -0.0721665 0.00858675 0.0126597 0.0152971 0.974801
-0.049939 -0.0980107 -0.00861149 0.00910239 0.0125304 2.32849
-0.00958713 -0.109581 0.00566498 0.0137616 0.014882 1.18029
0.0321609 -0.105194 0.00136884 -0.0581272 0.0581434 -1.54725
0.0692252 -0.0854861 0.0102803 0.178314 0.17861 1.51321
0.0962082 -0.0533291 -0.0979469 -0.355422 0.368671 -1.8397
0.10918 -0.0134056 0.110728 0.558153 0.56903 1.37496
0.106252 0.0284701 0.101296 -0.761876 0.768581 -1.43861
# x y Real Imaginary Modulus Phase <-> f = 0 s = 3
0.000959919 0.109996 0.889526 -0.0202143 0.889755 -0.0227209
-0.0403151 0.102346 -0.481182 0.227001 0.532039 2.70079
-0.075719 0.0797912 0.173607 -0.18382 0.252843 -0.813963
-0.100096 0.0456163 -0.0450668 0.108844 0.117805 1.96336
-0.109895 0.00479813 -0.00206739 -0.0493915 0.0494347 -1.61263
-0.103691 -0.0367188 0.0082028 0.0223744 0.0238306 1.2194
-0.0823851 -0.0728882 -0.00911137 -0.00685817 0.011404 -2.49636
-0.0490818 -0.0984428 0.0103019 0.00514205 0.0115139 0.462955
-0.0086305 -0.109661 -0.00437192 0.000336497 0.00438485 3.06478
0.0330776 -0.104909 -0.000535764 0.013409 0.0134197 1.61073
0.0699686 -0.0848787 0.00310101 -0.0693426 0.0694119 -1.52611
0.0966699 -0.0524875 0.0505199 0.156552 0.164502 1.25864
0.109293 -0.0124524 -0.091398 -0.287825 0.301988 -1.87827
0.105999 0.0293962 0.0609698 0.527663 0.531174 1.45576
0.0872689 0.0669638 0.124975 -0.783528 0.793433 -1.41263
# x y Real Imaginary Modulus Phase <-> f = 0 s = 4
-0.0412067 0.10199 0.867056 -0.0497352 0.868482 -0.0572982
-0.0764124 0.0791274 -0.476246 0.20088 0.516878 2.74244
-0.10049 0.044741 0.198888 -0.183402 0.270541 -0.744911
-0.109933 0.00383894 -0.0610611 0.112423 0.127936 2.06835
-0.103366 -0.0376222 0.0206681 -0.0539253 0.0577504 -1.20479
-0.0817459 -0.0736044 -0.00773783 0.0187106 0.0202475 1.96293
-0.0482208 -0.0988673 -0.0026387 -0.00192566 0.00326664 -2.51116
-0.00767321 -0.109732 0.0111642 0.000337762 0.0111693 0.0302447
0.0339919 -0.104616 -0.00561208 -0.00355526 0.00664344 -2.5769
0.0707066 -0.0842649 0.00973624 0.0194847 0.0217818 1.1074
0.0971242 -0.0516419 -0.033258 -0.0437687 0.0549708 -2.22058
0.109397 -0.0114981 0.0558084 0.094089 0.109395 1.03543
0.105739 0.0303201 -0.0775715 -0.216817 0.230276 -1.91438
0.0866812 0.0677228 0.0285569 0.449163 0.450069 1.5073
0.055 0.0952628 0.200056 -0.745358 0.771739 -1.30857
# x y Real Imaginary Modulus Phase <-> f = 0 s = 5
-0.0771 0.0784575 0.889884 -0.0428617 0.890916 -0.0481282
-0.100877 0.0438624 -0.55156 0.239093 0.601152 2.73256
-0.109962 0.00287946 0.261348 -0.224444 0.344497 -0.709575
-0.103034 -0.0385228 -0.128218 0.125387 0.179337 2.36736
-0.0811005 -0.0743149 0.0583668 -0.0446147 0.0734653 -0.652645
-0.0473562 -0.0992844 -0.0134556 0.00867213 0.0160081 2.56909
-0.00671534 -0.109795 -0.00530033 -0.00327636 0.00623122 -2.58794
0.0349035 -0.104316 0.014426 0.00602589 0.015634 0.39568
0.0714393 -0.0836447 -0.0150303 -0.00421842 0.015611 -2.86797
0.0975712 -0.0507923 0.0220123 0.00430262 0.0224289 0.19303
0.109494 -0.010543 -0.0333081 -0.0191332 0.0384124 -2.62019
0.10547 0.0312417 0.0675212 0.0646942 0.0935117 0.76402
0.0860869 0.0684766 -0.098633 -0.180618 0.205794 -2.07063
0.0541666 0.0957391 0.0612154 0.416048 0.420528 1.42471
0.0143579 0.109059 0.162237 -0.73685 0.754499 -1.35408
# x y Real Imaginary Modulus Phase <-> f = 0 s = 6
-0.101256 0.0429804 0.825681 -0.0403123 0.826664 -0.0487844
-0.109983 0.00191976 -0.537497 0.319739 0.625409 2.60496
-0.102694 -0.0394205 0.32059 -0.247637 0.405095 -0.657709
-0.0804489 -0.0750198 -0.14771 0.112859 0.185891 2.48915
-0.046488 -0.0996939 0.0503692 -0.0403314 0.0645266 -0.675177
-0.00575696 -0.109849 0.00130948 0.013135 0.0132001 1.47143
0.0358125 -0.104007 -0.0144823 0.00146657 0.0145563 3.04067
0.0721665 -0.0830181 0.0166116 0.0135839 0.0214585 0.685461
0.0980107 -0.049939 -0.0242251 0.00909341 0.0258756 2.7825
0.109581 -0.00958713 0.0109362 -0.00562954 0.0123001 -0.475386
0.105194 0.0321609 -0.0339694 -0.0112322 0.0357783 -2.82225
0.0854861 0.0692252 0.0688055 0.0524088 0.0864921 0.650944
0.0533291 0.0962082 -0.0986555 -0.161702 0.189422 -2.11861
0.0134056 0.10918 0.0515217 0.402047 0.405335 1.44334
-0.0284701 0.106252 0.208993 -0.752534 0.781016 -1.2999
# x y Real Imaginary Modulus Phase <-> f = 0 s = 7
-0.109996 0.000959919 0.758063 -0.0651228 0.760855 -0.0856964
-0.102346 -0.0403151 -0.60426 0.359512 0.703121 2.60488
-0.0797912 -0.075719 0.345439 -0.21054 0.404543 -0.547366
-0.0456163 -0.100096 -0.122758 0.0968657 0.156373 2.47355
-0.00479813 -0.109895 0.0095721 -0.0430156 0.0440678 -1.35184
0.0367188 -0.103691 0.0143133 0.007191 0.0160182 0.465564
0.0728882 -0.0823851 -0.0297264 0.00348929 0.0299305 3.02475
0.0984428 -0.0490818 0.00999939 0.00569058 0.0115052 0.517383
0.109661 -0.0086305 -0.0279992 0.0119787 0.030454 2.73733
0.104909 0.0330776 0.0059106 -0.00916619 0.0109066 -0.998067
0.0848787 0.0699686 -0.0310741 -0.0121483 0.0333644 -2.76892
0.0524875 0.0966699 0.0673929 0.0517263 0.0849554 0.654628
0.0124524 0.109293 -0.0928497 -0.179191 0.201818 -2.04887
-0.0293962 0.105999 0.0271334 0.470171 0.470953 1.51315
-0.0669638 0.0872689 0.137743 -0.75653 0.768968 -1.3907
# x y Real Imaginary Modulus Phase <-> f = 0 s = 8
-0.10199 -0.0412067 0.720755 -0.138678 0.733975 -0.190083
-0.0791274 -0.0764124 -0.612681 0.329005 0.695429 2.64879
-0.044741 -0.10049 0.260891 -0.186471 0.32068 -0.620554
-0.00383894 -0.109933 -0.0265035 0.0992638 0.102741 1.83171
0.0376222 -0.103366 -0.0283261 -0.0280551 0.039868 -2.361
0.0736044 -0.0817459 0.0279205 -0.00837799 0.0291504 -0.291517
0.0988673 -0.0482208 -0.0376256 0.00424598 0.0378644 3.02922
0.109732 -0.00767321 0.00592882 0.00145482 0.0061047 0.240627
0.104616 0.0339919 -0.0282064 0.0149567 0.0319265 2.65403
0.0842649 0.0707066 0.0134933 -0.00841039 0.0158998 -0.557377
0.0516419 0.0971242 -0.0375546 -0.0082167 0.038443 -2.92619
0.0114981 0.109397 0.068467 0.0651905 0.0945385 0.760889
-0.0303201 0.105739 -0.0869219 -0.238784 0.254112 -1.91991
-0.0677228 0.0866812 0.0981755 0.522277 0.531424 1.38499
-0.0952628 0.055 0.0691558 -0.728548 0.731823 -1.47616
# x y Real Imaginary Modulus Phase <-> f = 0 s = 9
-0.0784575 -0.0771 0.850716 -0.0518143 0.852293 -0.0608315
-0.0438624 -0.100877 -0.501502 0.166429 0.528396 2.82117
-0.00287946 -0.109962 0.112195 -0.145534 0.18376 -0.914043
0.0385228 -0.103034 0.0179166 0.0585274 0.0612083 1.27373
0.0743149 -0.0811005 -0.0302524 -0.0112193 0.0322658 -2.78646
0.0992844 -0.0473562 0.0333719 -0.0210021 0.0394306 -0.56171
0.109795 -0.00671534 -0.0349817 0.00362784 0.0351693 3.03826
0.104316 0.0349035 0.00633391 0.00836158 0.0104897 0.922512
0.0836447 0.0714393 -0.0229286 0.0129879 0.0263516 2.62621
0.0507923 0.0975712 0.0205084 -0.000599107 0.0205172 -0.0292044
0.010543 0.109494 -0.0351891 -0.0244431 0.0428455 -2.53449
-0.0312417 0.10547 0.0491918 0.115069 0.125143 1.16681
-0.0684766 0.0860869 -0.0836138 -0.301316 0.312702 -1.84148
-0.0957391 0.0541666 0.0882814 0.591872 0.59842 1.42273
-0.109059 0.0143579 0.0052772 -0.784871 0.784889 -1.56407
# x y Real Imaginary Modulus Phase <-> f = 0 s = 10
-0.0429804 -0.101256 0.88367 0.117178 0.891405 0.131834
-0.00191976 -0.109983 -0.346048 0.130173 0.369722 2.7818
0.0394205 -0.102694 0.0750664 -0.115688 0.137908 -0.995216
0.0750198 -0.0804489 0.0156215 0.0599358 0.0619381 1.31583
0.0996939 -0.046488 -0.0240766 -0.0140692 0.0278859 -2.61276
0.109849 -0.00575696 0.0283562 -0.00779827 0.029409 -0.268377
0.104007 0.0358125 -0.0282077 -0.00214662 0.0282893 -3.06564
0.0830181 0.0721665 0.0127188 0.0137219 0.0187099 0.823318
0.049939 0.0980107 -0.0142763 0.00342827 0.0146822 2.90592
0.00958713 0.109581 0.0121747 0.00740916 0.014252 0.546697
-0.0321609 0.105194 -0.0135117 -0.0439797 0.0460085 -1.86887
-0.0692252 0.0854861 0.0356519 0.133717 0.138389 1.31024
-0.0962082 0.0533291 -0.0447866 -0.301933 0.305237 -1.71806
-0.10918 0.0134056 0.0513827 0.594793 0.597009 1.48462
-0.106252 -0.0284701 0.117724 -0.768346 0.777312 -1.41876
# x y Real Imaginary Modulus Phase <-> f = 0 s = 11
-0.000959919 -0.109996 0.772199 0.196389 0.796781 0.249045
0.0403151 -0.102346 -0.321295 0.101841 0.337049 2.83464
0.075719 -0.0797912 0.0912291 -0.120681 0.151284 -0.923498
0.100096 -0.0456163 0.00252992 0.0829686 0.0830071 1.54031
0.109895 -0.00479813 -0.00796843 -0.04184 0.042592 -1.75899
0.103691 0.0367188 0.00162062 0.0159807 0.0160626 1.46973
0.0823851 0.0728882 -0.00890384 -0.00161789 0.00904964 -2.96185
0.0490818 0.0984428 0.0122869 0.00699789 0.0141399 0.517723
0.0086305 0.109661 -0.00627375 0.000205302 0.00627711 3.10888
-0.0330776 0.104909 0.00583278 0.00824007 0.0100955 0.954817
-0.0699686 0.0848787 -0.0101312 -0.0420025 0.043207 -1.80748
-0.0966699 0.0524875 0.0280149 0.105238 0.108903 1.31063
-0.109293 0.0124524 -0.0576321 -0.238011 0.244889 -1.80836
-0.105999 -0.0293962 0.0145404 0.426853 0.427101 1.53675
-0.0872689 -0.0669638 0.275711 -0.679232 0.733057 -1.1852
# x y Real Imaginary Modulus Phase <-> f = 0 s = 12
0.0412067 -0.10199 0.825782 0.184023 0.846038 0.219264
0.0764124 -0.0791274 -0.421068 0.107289 0.434522 2.8921
0.10049 -0.044741 0.165048 -0.16265 0.231724 -0.77808
0.109933 -0.00383894 -0.0702451 0.114306 0.134165 2.12183
0.103366 0.0376222 0.0377366 -0.0567827 0.0681786 -0.98424
0.0817459 0.0736044 -0.0187662 0.0168315 0.0252085 2.41049
0.0482208 0.0988673 0.00289934 -0.00239034 0.00375764 -0.689468
0.00767321 0.109732 0.00621295 0.00198294 0.00652171 0.308943
-0.0339919 0.104616 -0.00269093 0.000641061 0.00276623 2.90772
-0.0707066 0.0842649 0.00835239 0.00159362 0.00850306 0.188532
-0.0971242 0.0516419 -0.0250542 -0.0150664 0.0292354 -2.60018
-0.109397 0.0114981 0.0642031 0.0432273 0.0773992 0.592575
-0.105739 -0.0303201 -0.091328 -0.11053 0.14338 -2.26135
-0.0866812 -0.0677228 0.0396823 0.283443 0.286207 1.4317
-0.055 -0.0952628 0.267248 -0.517503 0.582435 -1.0941
# x y Real Imaginary Modulus Phase <-> f = 0 s = 13
0.0771 -0.0784575 0.948539 0.0378229 0.949293 0.0398538
0.100877 -0.0438624 -0.569612 0.236328 0.616692 2.74831
0.109962 -0.00287946 0.323069 -0.227307 0.395022 -0.613129
0.103034 0.0385228 -0.175904 0.112888 0.209011 2.57103
0.0811005 0.0743149 0.083398 -0.0366565 0.0910984 -0.414119
0.0473562 0.0992844 -0.0295519 0.004309 0.0298644 2.9968
0.00671534 0.109795 0.00676985 -0.00539547 0.0086569 -0.6729
-0.0349035 0.104316 0.00538897 0.00535245 0.00759538 0.781999
-0.0714393 0.0836447 -0.00378951 0.0115545 0.01216 1.88771
-0.0975712 0.0507923 0.00684032 -0.0126573 0.0143874 -1.07533
-0.109494 0.010543 -0.0280065 0.0148692 0.0317089 2.65352
-0.10547 -0.0312417 0.0515928 -0.00840674 0.0522732 -0.161525
-0.0860869 -0.0684766 -0.0714151 -0.0632622 0.0954056 -2.41666
-0.0541666 -0.0957391 0.0280773 0.238304 0.239953 1.45352
-0.0143579 -0.109059 0.299025 -0.543929 0.620705 -1.06815
# x y Real Imaginary Modulus Phase <-> f = 0 s = 14
0.101256 -0.0429804 0.737972 -0.0805617 0.742357 -0.108736
0.109983 -0.00191976 -0.565054 0.447105 0.720548 2.4722
0.102694 0.0394205 0.40712 -0.310768 0.512175 -0.651979
0.0804489 0.0750198 -0.211212 0.131392 0.248746 2.58509
0.046488 0.0996939 0.0935585 -0.0487485 0.105497 -0.480344
0.00575696 0.109849 -0.0226311 0.0225396 0.0319406 2.35822
-0.0358125 0.104007 -0.00184148 -0.0138452 0.0139671 -1.70302
-0.0721665 0.0830181 0.0066827 0.0129913 0.0146093 1.0957
-0.0980107 0.049939 -0.0146812 0.0177066 0.0230013 2.26305
-0.109581 0.00958713 0.00148538 -0.0296084 0.0296456 -1.52067
-0.105194 -0.0321609 -0.0121568 0.0250878 0.0278781 2.02202
-0.0854861 -0.0692252 0.0450786 -0.00723264 0.0456551 -0.159089
-0.0533291 -0.0962082 -0.0770771 -0.0706787 0.104577 -2.39947
-0.0134056 -0.10918 0.00594119 0.305986 0.306044 1.55138
0.0284701 -0.106252 0.314772 -0.722822 0.788386 -1.16009
# x y Real Imaginary Modulus Phase <-> f = 0 s = 15
0.109996 -0.000959919 0.673139 0.0191958 0.673413 0.0285091
0.102346 0.0403151 -0.518397 0.430976 0.674148 2.44802
0.0797912 0.075719 0.341302 -0.289539 0.447571 -0.703527
0.0456163 0.100096 -0.153069 0.145383 0.211108 2.38194
0.00479813 0.109895 0.0370435 -0.0600688 0.0705725 -1.0182
-0.0367188 0.103691 0.00162247 0.0260762 0.0261267 1.50866
-0.0728882 0.0823851 -0.0186631 -0.00675988 0.0198496 -2.79409
-0.0984428 0.0490818 0.00269094 0.00846489 0.00888231 1.263
-0.109661 0.0086305 -0.0203084 0.0192614 0.0279898 2.38265
-0.104909 -0.0330776 0.00137108 -0.0397615 0.0397851 -1.53633
-0.0848787 -0.0699686 -0.00941481 0.02299 0.024843 1.95948
-0.0524875 -0.0966699 0.0627285 0.011934 0.0638536 0.188001
-0.0124524 -0.109293 -0.0895166 -0.142299 0.168113 -2.13232
0.0293962 -0.105999 0.00974095 0.467444 0.467546 1.54996
0.0669638 -0.0872689 0.0732109 -0.779242 0.782673 -1.47712
