# x y Real Imaginary Modulus Phase <-> f = 0 s = 0
0.10199 0.0412067 0.729426 -0.0380136 0.730416 -0.0520672
0.0791274 0.0764124 -0.571967 0.332329 0.661505 2.61524
0.044741 0.10049 0.298214 -0.225135 0.373654 -0.646658
0.00383894 0.109933 -0.096784 0.104738 0.142609 2.31674
-0.0376222 0.103366 0.0156796 -0.0476729 0.0501852 -1.25304
-0.0736044 0.0817459 0.00354527 0.0140519 0.0144922 1.32366
-0.0988673 0.0482208 -0.0225249 0.00171553 0.0225902 3.06558
-0.109732 0.00767321 -0.000529744 0.00818638 0.0082035 1.63542
-0.104616 -0.0339919 -0.0242472 0.0164488 0.0293 2.54552
-0.0842649 -0.0707066 0.0101451 -0.031525 0.0331172 -1.25945
-0.0516419 -0.0971242 -0.0241222 0.00383359 0.0244249 2.98399
-0.0114981 -0.109397 0.0540738 0.0672852 0.0863207 0.893833
0.0303201 -0.105739 -0.0500602 -0.284346 0.288719 -1.74506
0.0677228 -0.0866812 0.13021 0.646566 0.659547 1.37207
0.0952628 -0.055 -0.0180889 -0.636366 0.636623 -1.59921
# x y Real Imaginary Modulus Phase <-> f = 0 s = 1
0.0784575 0.0771 0.819303 -0.0857551 0.823779 -0.104289
0.0438624 0.100877 -0.580247 0.265631 0.638159 2.71228
0.00287946 0.109962 0.23932 -0.170157 0.293645 -0.61807
-0.0385228 0.103034 -0.0586338 0.100545 0.116392 2.09874
-0.0743149 0.0811005 0.00373653 -0.0419961 0.042162 -1.48206
-0.0992844 0.0473562 0.00318779 0.0103854 0.0108637 1.27298
-0.109795 0.00671534 -0.0229662 0.00355958 0.0232404 2.98782
-0.104316 -0.0349035 0.00252711 0.0134518 0.0136871 1.3851
-0.0836447 -0.0714393 -0.0221325 0.0153033 0.026908 2.53663
-0.0507923 -0.0975712 0.00956509 -0.00640106 0.0115093 -0.589762
-0.010543 -0.109494 -0.0245167 -0.0332084 0.0412779 -2.20675
0.0312417 -0.10547 0.0114515 0.142863 0.143321 1.49081
0.0684766 -0.0860869 -0.0529623 -0.395946 0.399472 -1.70377
0.0957391 -0.0541666 0.192345 0.634831 0.66333 1.2766
0.109059 -0.0143579 0.0315934 -0.686107 0.686834 -1.52478
# x y Real Imaginary Modulus Phase <-> f = 0 s = 2
0.0429804 0.101256 0.882073 -0.0780658 0.885521 -0.0882726
0.00191976 0.109983 -0.531089 0.178203 0.560189 2.81786
-0.0394205 0.102694 0.189781 -0.171398 0.255722 -0.734545
-0.0750198 0.0804489 -0.0425978 0.09604 0.105063 1.98827
-0.0996939 0.046488 0.00309183 -0.0448791 0.0449855 -1.50201
-0.109849 0.00575696 0.00806327 0.0119114 0.014384 0.975719
-0.104007 -0.0358125 -0.0146171 -0.00148787 0.0146926 -3.04015
-0.0830181 -0.0721665 0.0107685 0.0145676 0.0181156 0.934237
-0.049939 -0.0980107 -0.00906713 0.00945355 0.0130989 2.33533
-0.00958713 -0.109581 0.00550029 0.011297 0.0125649 1.1177
0.0321609 -0.105194 0.0090557 -0.0546586 0.0554037 -1.40661
0.0692252 -0.0854861 0.00556048 0.17809 0.178176 1.53958
0.0962082 -0.0533291 -0.0853025 -0.363462 0.373338 -1.80132
0.10918 -0.0134056 0.103161 0.572184 0.581409 1.39242
0.106252 0.0284701 0.098728 -0.776906 0.783154 -1.4444
# x y Real Imaginary Modulus Phase <-> f = 0 s = 3
0.000959919 0.109996 0.913719 0.0149449 0.913841 0.0163547
-0.0403151 0.102346 -0.48405 0.188293 0.519383 2.77061
-0.075719 0.0797912 0.17628 -0.161381 0.238995 -0.741302
-0.100096 0.0456163 -0.0471405 0.0981362 0.108871 2.01861
-0.109895 0.00479813 0.00219603 -0.0444719 0.0445261 -1.52146
-0.103691 -0.0367188 0.0044106 0.0200519 0.0205312 1.35428
-0.0823851 -0.0728882 -0.00731649 -0.00704051 0.0101538 -2.37542
-0.0490818 -0.0984428 0.0108408 0.00540225 0.0121123 0.462309
-0.0086305 -0.109661 -0.00435748 0.00043556 0.0043792 3.04197
0.0330776 -0.104909 -0.00366505 0.00994826 0.0106019 1.92378
0.0699686 -0.0848787 0.00662767 -0.0690334 0.0693509 -1.47508
0.0966699 -0.0524875 0.0396813 0.154904 0.159906 1.32002
0.109293 -0.0124524 -0.0780597 -0.28803 0.29842 -1.83545
0.105999 0.0293962 0.0420258 0.528792 0.530459 1.49149
0.0872689 0.0669638 0.153652 -0.796076 0.810769 -1.38013
# x y Real Imaginary Modulus Phase <-> f = 0 s = 4
-0.0412067 0.10199 0.891727 -0.00109675 0.891728 -0.00122992
-0.0764124 0.0791274 -0.483992 0.167387 0.51212 2.80862
-0.10049 0.044741 0.202025 -0.164591 0.260584 -0.683644
-0.109933 0.00383894 -0.0661061 0.102916 0.122318 2.14176
-0.103366 -0.0376222 0.024041 -0.0480618 0.0537393 -1.10698
-0.0817459 -0.0736044 -0.00947093 0.0166476 0.0191531 2.08804
-0.0482208 -0.0988673 -0.00127986 -0.00174827 0.00216668 -2.20272
-0.00767321 -0.109732 0.010595 0.000250432 0.0105979 0.0236324
0.0339919 -0.104616 -0.00480658 -0.00241356 0.00537853 -2.67624
0.0707066 -0.0842649 0.00659734 0.0188679 0.0199881 1.23443
0.0971242 -0.0516419 -0.0251755 -0.0433792 0.0501554 -2.09665
0.109397 -0.0114981 0.0479681 0.0938594 0.105406 1.09834
0.105739 0.0303201 -0.0632891 -0.213764 0.222936 -1.85864
0.0866812 0.0677228 0.00361998 0.443701 0.443716 1.56264
0.055 0.0952628 0.239403 -0.744455 0.782002 -1.25966
# x y Real Imaginary Modulus Phase <-> f = 0 s = 5
-0.0771 0.0784575 0.913259 -0.019511 0.913468 -0.0213609
-0.100877 0.0438624 -0.560444 0.21499 0.600265 2.7753
-0.109962 0.00287946 0.265322 -0.206698 0.336333 -0.661834
-0.103034 -0.0385228 -0.127978 0.116083 0.172782 2.40489
-0.0811005 -0.0743149 0.0585352 -0.0414513 0.0717257 -0.61617
-0.0473562 -0.0992844 -0.0150921 0.00643643 0.0164073 2.73847
-0.00671534 -0.109795 -0.00263774 -0.00298384 0.00398258 -2.29471
0.0349035 -0.104316 0.0128915 0.00689836 0.0146212 0.491337
0.0714393 -0.0836447 -0.0121307 -0.00321034 0.0125483 -2.88288
0.0975712 -0.0507923 0.0181318 0.00594418 0.0190813 0.316791
0.109494 -0.010543 -0.0285674 -0.0202534 0.0350185 -2.52487
0.10547 0.0312417 0.0573582 0.0642454 0.0861245 0.841974
0.0860869 0.0684766 -0.0809264 -0.175285 0.193064 -2.00333
0.0541666 0.0957391 0.0305566 0.404243 0.405396 1.49535
0.0143579 0.109059 0.211743 -0.726211 0.75645 -1.28709
# x y Real Imaginary Modulus Phase <-> f = 0 s = 6
-0.101256 0.0429804 0.850374 -0.0524496 0.85199 -0.0616003
-0.109983 0.00191976 -0.560007 0.307828 0.639035 2.63899
-0.102694 -0.0394205 0.328387 -0.235193 0.403923 -0.62152
-0.0804489 -0.0750198 -0.150929 0.104288 0.183454 2.53695
-0.046488 -0.0996939 0.0509522 -0.0365921 0.0627304 -0.622814
-0.00575696 -0.109849 -7.05094e-05 0.0137883 0.0137885 1.57591
0.0358125 -0.104007 -0.0146503 0.00285058 0.0149251 2.94942
0.0721665 -0.0830181 0.0143829 0.0152811 0.0209852 0.815669
0.0980107 -0.049939 -0.0191669 0.00847366 0.0209564 2.72533
0.109581 -0.00958713 0.00986926 -0.00291884 0.0102918 -0.287553
0.105194 0.0321609 -0.0306164 -0.0111218 0.0325739 -2.79315
0.0854861 0.0692252 0.0590924 0.0501936 0.0775326 0.704151
0.0533291 0.0962082 -0.0811405 -0.156591 0.176365 -2.04887
0.0134056 0.10918 0.021781 0.393306 0.393908 1.51547
-0.0284701 0.106252 0.241324 -0.754615 0.792263 -1.26128
# x y Real Imaginary Modulus Phase <-> f = 0 s = 7
-0.109996 0.000959919 0.765893 -0.0793867 0.769997 -0.103284
-0.102346 -0.0403151 -0.617928 0.359446 0.714868 2.61474
-0.0797912 -0.075719 0.353764 -0.202085 0.407415 -0.519004
-0.0456163 -0.100096 -0.123466 0.092863 0.15449 2.49673
-0.00479813 -0.109895 0.0109984 -0.0409759 0.0424263 -1.30856
0.0367188 -0.103691 0.00994049 0.00405264 0.0107349 0.387118
0.0728882 -0.0823851 -0.0299087 0.000567742 0.0299141 3.12261
0.0984428 -0.0490818 0.00642515 0.0117108 0.0133576 1.06899
0.109661 -0.0086305 -0.0228031 0.0146572 0.0271074 2.57032
0.104909 0.0330776 0.00358475 -0.00523735 0.00634668 -0.970578
0.0848787 0.0699686 -0.0282827 -0.0125453 0.0309402 -2.7241
0.0524875 0.0966699 0.0602228 0.0507514 0.0787559 0.700257
0.0124524 0.109293 -0.0767198 -0.176804 0.192732 -1.9802
-0.0293962 0.105999 0.00598036 0.465095 0.465134 1.55794
-0.0669638 0.0872689 0.155934 -0.779244 0.794693 -1.3733
# x y Real Imaginary Modulus Phase <-> f = 0 s = 8
-0.10199 -0.0412067 0.722414 -0.152777 0.738392 -0.208411
-0.0791274 -0.0764124 -0.628873 0.322637 0.706807 2.66757
-0.044741 -0.10049 0.264377 -0.176983 0.318148 -0.589915
-0.00383894 -0.109933 -0.0326388 0.0921606 0.0977695 1.91116
0.0376222 -0.103366 -0.020321 -0.0280094 0.0346045 -2.19844
0.0736044 -0.0817459 0.0277358 -0.00759815 0.0287578 -0.267387
0.0988673 -0.0482208 -0.0393144 -0.00132213 0.0393367 -3.10798
0.109732 -0.00767321 0.00322901 0.00759395 0.00825195 1.16875
0.104616 0.0339919 -0.023028 0.0157175 0.0278806 2.54268
0.0842649 0.0707066 0.0116377 -0.00657893 0.0133685 -0.514524
0.0516419 0.0971242 -0.0323936 -0.0103312 0.0340012 -2.83286
0.0114981 0.109397 0.0583326 0.0657484 0.0878951 0.845093
-0.0303201 0.105739 -0.0738219 -0.234996 0.246318 -1.87518
-0.0677228 0.0866812 0.0749966 0.528337 0.533634 1.42979
-0.0952628 0.055 0.0695105 -0.74868 0.751899 -1.47822
# x y Real Imaginary Modulus Phase <-> f = 0 s = 9
-0.0784575 -0.0771 0.869465 -0.0605815 0.871573 -0.0695644
-0.0438624 -0.100877 -0.507743 0.154139 0.530624 2.84686
-0.00287946 -0.109962 0.119158 -0.136704 0.181347 -0.853869
0.0385228 -0.103034 0.0118834 0.0636767 0.064776 1.3863
0.0743149 -0.0811005 -0.0258857 -0.0100185 0.0277568 -2.77232
0.0992844 -0.0473562 0.0335434 -0.0186797 0.0383939 -0.50811
0.109795 -0.00671534 -0.0357738 -0.00226603 0.0358455 -3.07833
0.104316 0.0349035 0.00500906 0.0134387 0.0143419 1.21401
0.0836447 0.0714393 -0.017187 0.012441 0.0212172 2.51503
0.0507923 0.0975712 0.0164514 0.000678652 0.0164654 0.0412285
0.010543 0.109494 -0.0289762 -0.0257645 0.0387741 -2.4148
-0.0312417 0.10547 0.0426777 0.113539 0.121295 1.21125
-0.0684766 0.0860869 -0.0703531 -0.300604 0.308727 -1.8007
-0.0957391 0.0541666 0.0781518 0.602739 0.607784 1.44185
-0.109059 0.0143579 -0.000653099 -0.799242 0.799243 -1.57161
# x y Real Imaginary Modulus Phase <-> f = 0 s = 10
-0.0429804 -0.101256 0.891951 0.134467 0.90203 0.14963
-0.00191976 -0.109983 -0.349806 0.117205 0.368919 2.81829
0.0394205 -0.102694 0.0763155 -0.117824 0.14038 -0.996034
0.0750198 -0.0804489 0.00665051 0.0575865 0.0579692 1.45582
0.0996939 -0.046488 -0.0234696 -0.0121105 0.0264099 -2.66522
0.109849 -0.00575696 0.0312309 -0.00542878 0.0316993 -0.172107
0.104007 0.0358125 -0.0287573 -0.00422665 0.0290662 -2.99566
0.0830181 0.0721665 0.012461 0.0177265 0.0216681 0.958088
0.049939 0.0980107 -0.00981817 0.00175096 0.00997308 2.96511
0.00958713 0.109581 0.00916294 0.00887262 0.0127547 0.769302
-0.0321609 0.105194 -0.00994343 -0.0437027 0.0448196 -1.79451
-0.0692252 0.0854861 0.0270513 0.130648 0.133419 1.36663
-0.0962082 0.0533291 -0.0350936 -0.304917 0.30693 -1.68538
-0.10918 0.0134056 0.0385902 0.603366 0.604599 1.50693
-0.106252 -0.0284701 0.124227 -0.788335 0.798063 -1.4145
# x y Real Imaginary Modulus Phase <-> f = 0 s = 11
-0.000959919 -0.109996 0.767555 0.213908 0.796805 0.271791
0.0403151 -0.102346 -0.320979 0.0951985 0.334799 2.85327
0.075719 -0.0797912 0.0987669 -0.119102 0.154726 -0.878467
0.100096 -0.0456163 -0.00584984 0.0750087 0.0752365 1.64863
0.109895 -0.00479813 -0.00853777 -0.0374695 0.0384299 -1.79483
0.103691 0.0367188 0.00413247 0.0154951 0.0160367 1.31017
0.0823851 0.0728882 -0.00905857 -0.00213412 0.00930657 -2.91022
0.0490818 0.0984428 0.0116529 0.00778232 0.0140127 0.588816
0.0086305 0.109661 -0.00395482 -1.4042e-05 0.00395485 -3.13804
-0.0330776 0.104909 0.00412364 0.0083508 0.00931344 1.11212
-0.0699686 0.0848787 -0.00704978 -0.0411302 0.04173 -1.74055
-0.0966699 0.0524875 0.023864 0.105969 0.108623 1.34929
-0.109293 0.0124524 -0.0489327 -0.236834 0.241836 -1.77454
-0.105999 -0.0293962 0.00291984 0.426447 0.426457 1.56395
-0.0872689 -0.0669638 0.29297 -0.677338 0.737983 -1.16256
# x y Real Imaginary Modulus Phase <-> f = 0 s = 12
0.0412067 -0.10199 0.824836 0.202367 0.849298 0.24059
0.0764124 -0.0791274 -0.426637 0.102966 0.438887 2.90478
0.10049 -0.044741 0.176482 -0.153447 0.233863 -0.715694
0.109933 -0.00383894 -0.0754934 0.10251 0.127309 2.20557
0.103366 0.0376222 0.0368132 -0.0477538 0.0602962 -0.914056
0.0817459 0.0736044 -0.015708 0.01354 0.0207382 2.43018
0.0482208 0.0988673 0.000927384 -0.00259508 0.00275581 -1.22758
0.00767321 0.109732 0.00613253 0.00174103 0.00637488 0.276622
-0.0339919 0.104616 -0.000573769 0.000817283 0.000998581 2.18289
-0.0707066 0.0842649 0.00778736 0.00382896 0.00867778 0.456977
-0.0971242 0.0516419 -0.0240219 -0.016482 0.0291326 -2.54024
-0.109397 0.0114981 0.0578856 0.0439373 0.072672 0.64926
-0.105739 -0.0303201 -0.0825738 -0.112586 0.139621 -2.20361
-0.0866812 -0.0677228 0.0265653 0.284086 0.285325 1.47756
-0.055 -0.0952628 0.280307 -0.509712 0.581703 -1.06801
# x y Real Imaginary Modulus Phase <-> f = 0 s = 13
0.0771 -0.0784575 0.952069 0.032734 0.952632 0.0343685
0.100877 -0.0438624 -0.581387 0.23921 0.628675 2.75126
0.109962 -0.00287946 0.33864 -0.224154 0.406106 -0.584713
0.103034 0.0385228 -0.184769 0.104674 0.212359 2.62616
0.0811005 0.0743149 0.0861522 -0.0278293 0.0905355 -0.312444
0.0473562 0.0992844 -0.028394 -0.00153858 0.0284356 -3.08746
0.00671534 0.109795 0.00543712 -0.00284749 0.00613763 -0.482438
-0.0349035 0.104316 0.00432957 0.0051211 0.00670603 0.868957
-0.0714393 0.0836447 -0.00384937 0.0124355 0.0130176 1.87099
-0.0975712 0.0507923 0.00386585 -0.0119908 0.0125986 -1.25892
-0.109494 0.010543 -0.023631 0.00877708 0.0252084 2.78596
-0.10547 -0.0312417 0.0516859 0.00249764 0.0517463 0.0482858
-0.0860869 -0.0684766 -0.0737772 -0.0699057 0.101636 -2.38313
-0.0541666 -0.0957391 0.0235286 0.236831 0.237997 1.47177
-0.0143579 -0.109059 0.308227 -0.533804 0.616401 -1.04715
# x y Real Imaginary Modulus Phase <-> f = 0 s = 14
0.101256 -0.0429804 0.738074 -0.0922024 0.743811 -0.124279
0.109983 -0.00191976 -0.574716 0.452339 0.731375 2.47479
0.102694 0.0394205 0.417467 -0.304883 0.516945 -0.630785
0.0804489 0.0750198 -0.213189 0.1228 0.246027 2.619
0.046488 0.0996939 0.0920601 -0.0440683 0.102064 -0.446455
0.00575696 0.109849 -0.0229881 0.0189787 0.0298102 2.45144
-0.0358125 0.104007 -0.00140707 -0.0108038 0.0108951 -1.70031
-0.0721665 0.0830181 0.00637452 0.0141463 0.0155162 1.14743
-0.0980107 0.049939 -0.0175584 0.0161518 0.0238574 2.3979
-0.109581 0.00958713 0.00307316 -0.0300937 0.0302502 -1.46903
-0.105194 -0.0321609 -0.00960912 0.0244052 0.0262287 1.94589
-0.0854861 -0.0692252 0.0396661 -0.00314432 0.0397905 -0.0791045
-0.0533291 -0.0962082 -0.072911 -0.0783395 0.107019 -2.32032
-0.0134056 -0.10918 0.000915795 0.309778 0.309779 1.56784
0.0284701 -0.106252 0.312512 -0.729915 0.794002 -1.16626
# x y Real Imaginary Modulus Phase <-> f = 0 s = 15
0.109996 -0.000959919 0.656251 0.0136335 0.656393 0.0207719
0.102346 0.0403151 -0.530724 0.443142 0.691407 2.44589
0.0797912 0.075719 0.354918 -0.285421 0.455447 -0.67729
0.0456163 0.100096 -0.157873 0.134822 0.207607 2.43479
0.00479813 0.109895 0.0421705 -0.0536546 0.0682434 -0.904673
-0.0367188 0.103691 -0.00032381 0.0223379 0.0223402 1.58529
-0.0728882 0.0823851 -0.01377 -0.00505433 0.0146683 -2.78981
-0.0984428 0.0490818 0.00264477 0.0126654 0.0129386 1.36494
-0.109661 0.0086305 -0.0246082 0.015312 0.0289831 2.58499
-0.104909 -0.0330776 0.00387384 -0.0403687 0.0405542 -1.47513
-0.0848787 -0.0699686 -0.00937324 0.0233908 0.025199 1.95193
-0.0524875 -0.0966699 0.0536325 0.0139158 0.0554085 0.253868
-0.0124524 -0.109293 -0.0764835 -0.146632 0.16538 -2.05158
0.0293962 -0.105999 0.00240784 0.480421 0.480427 1.56578
0.0669638 -0.0872689 0.0683013 -0.78609 0.789051 -1.48413
