# x y Real Imaginary Modulus Phase <-> f = 0 s = 0
0.10199 0.0412067 0.730802 -0.0435058 0.732096 -0.0594613
0.0791274 0.0764124 -0.567026 0.323821 0.652976 2.6227
0.044741 0.10049 0.289563 -0.233913 0.372239 -0.679488
0.00383894 0.109933 -0.0962552 0.109212 0.145576 2.29322
-0.0376222 0.103366 0.0141621 -0.0499486 0.0519175 -1.29451
-0.0736044 0.0817459 -0.00154587 0.0137286 0.0138154 1.68293
-0.0988673 0.0482208 -0.0167634 0.0113354 0.0202362 2.54702
-0.109732 0.00767321 0.0092712 0.00692115 0.0115697 0.641271
-0.104616 -0.0339919 -0.0160292 0.0204822 0.0260088 2.23483
-0.0842649 -0.0707066 0.00792157 -0.0352464 0.0361256 -1.34972
-0.0516419 -0.0971242 -0.0257216 0.00352314 0.0259618 3.00547
-0.0114981 -0.109397 0.0613409 0.0646379 0.0891109 0.811563
0.0303201 -0.105739 -0.0557126 -0.282429 0.287871 -1.76556
0.0677228 -0.0866812 0.124346 0.63878 0.65077 1.37854
0.0952628 -0.055 -0.014177 -0.640864 0.641021 -1.59291
# x y Real Imaginary Modulus Phase <-> f = 0 s = 1
0.0784575 0.0771 0.825845 -0.0780312 0.829524 -0.0942068
0.0438624 0.100877 -0.575836 0.274267 0.637816 2.69709
0.00287946 0.109962 0.234792 -0.175501 0.293135 -0.641883
-0.0385228 0.103034 -0.0607944 0.104299 0.120724 2.09854
-0.0743149 0.0811005 0.00508244 -0.0473562 0.0476282 -1.46388
-0.0992844 0.0473562 0.00195407 0.015603 0.0157249 1.44621
-0.109795 0.00671534 -0.0156638 0.0118528 0.0196429 2.49382
-0.104316 -0.0349035 0.00994992 0.0130852 0.0164385 0.920674
-0.0836447 -0.0714393 -0.017154 0.0148521 0.0226902 2.42799
-0.0507923 -0.0975712 0.0114086 -0.00735193 0.0135723 -0.572443
-0.010543 -0.109494 -0.0238136 -0.026386 0.035543 -2.305
0.0312417 -0.10547 0.0166805 0.142835 0.143806 1.45454
0.0684766 -0.0860869 -0.0556458 -0.391766 0.395698 -1.71189
0.0957391 -0.0541666 0.185214 0.631028 0.657648 1.2853
0.109059 -0.0143579 0.0375822 -0.691932 0.692952 -1.51653
# x y Real Imaginary Modulus Phase <-> f = 0 s = 2
0.0429804 0.101256 0.867876 -0.0870893 0.872234 -0.100013
0.00191976 0.109983 -0.525527 0.197723 0.561492 2.78174
-0.0394205 0.102694 0.188202 -0.182329 0.262038 -0.769551
-0.0750198 0.0804489 -0.0408265 0.102116 0.109975 1.95113
-0.0996939 0.046488 0.00347769 -0.0415478 0.0416931 -1.48729
-0.109849 0.00575696 0.00676438 0.0135008 0.0151006 1.10632
-0.104007 -0.0358125 -0.00883208 0.00452118 0.00992203 2.66847
-0.0830181 -0.0721665 0.0232014 0.00950097 0.0250713 0.388669
-0.049939 -0.0980107 -0.0118419 0.00669224 0.0136021 2.62721
-0.00958713 -0.109581 0.00732568 0.00936712 0.0118915 0.907088
0.0321609 -0.105194 0.0102801 -0.0562266 0.0571587 -1.38996
0.0692252 -0.0854861 0.0114503 0.174837 0.175212 1.5054
0.0962082 -0.0533291 -0.0894249 -0.361069 0.371978 -1.81358
0.10918 -0.0134056 0.0988526 0.560361 0.569013 1.39618
0.106252 0.0284701 0.106769 -0.774303 0.78163 -1.43377
# x y Real Imaginary Modulus Phase <-> f = 0 s = 3
0.000959919 0.109996 0.899231 -0.0027944 0.899235 -0.00310754
-0.0403151 0.102346 -0.483331 0.213003 0.528185 2.7265
-0.075719 0.0797912 0.174165 -0.173972 0.24617 -0.784843
-0.100096 0.0456163 -0.0484513 0.106133 0.11667 1.99905
-0.109895 0.00479813 0.00117607 -0.0454118 0.045427 -1.5449
-0.103691 -0.0367188 0.00603179 0.0169958 0.0180344 1.22976
-0.0823851 -0.0728882 -0.005771 -0.00450933 0.00732383 -2.47831
-0.0490818 -0.0984428 0.0111331 -0.0025624 0.0114242 -0.226221
-0.0086305 -0.109661 -0.00225549 -0.000941359 0.00244405 -2.74621
0.0330776 -0.104909 -0.00777392 0.00957647 0.0123346 2.25267
0.0699686 -0.0848787 0.00475897 -0.070426 0.0705866 -1.50332
0.0966699 -0.0524875 0.0411792 0.151227 0.156733 1.30494
0.109293 -0.0124524 -0.088382 -0.288532 0.301765 -1.86804
0.105999 0.0293962 0.0529649 0.524709 0.527375 1.4702
0.0872689 0.0669638 0.136605 -0.788166 0.799917 -1.39918
# x y Real Imaginary Modulus Phase <-> f = 0 s = 4
-0.0412067 0.10199 0.8725 -0.0277835 0.872943 -0.0318328
-0.0764124 0.0791274 -0.478645 0.18624 0.513601 2.77052
-0.10049 0.044741 0.200984 -0.177865 0.268385 -0.724449
-0.109933 0.00383894 -0.0632364 0.105116 0.122671 2.11238
-0.103366 -0.0376222 0.0236884 -0.0479739 0.0535036 -1.11214
-0.0817459 -0.0736044 -0.0111275 0.0143523 0.0181606 2.2303
-0.0482208 -0.0988673 -0.00202173 0.000859416 0.00219682 2.73965
-0.00767321 -0.109732 0.00921566 -0.00385284 0.00998863 -0.395991
0.0339919 -0.104616 -0.00319525 -0.000619287 0.00325471 -2.95015
0.0707066 -0.0842649 0.00690912 0.0187847 0.020015 1.21835
0.0971242 -0.0516419 -0.0258147 -0.0392285 0.0469604 -2.15282
0.109397 -0.0114981 0.0496802 0.0936467 0.106009 1.08304
0.105739 0.0303201 -0.0706168 -0.215192 0.226482 -1.88788
0.0866812 0.0677228 0.0195131 0.443732 0.44416 1.52685
0.055 0.0952628 0.215441 -0.741134 0.771813 -1.2879
# x y Real Imaginary Modulus Phase <-> f = 0 s = 5
-0.0771 0.0784575 0.900694 -0.0303555 0.901206 -0.0336896
-0.100877 0.0438624 -0.556822 0.230584 0.602677 2.74898
-0.109962 0.00287946 0.261929 -0.217101 0.340205 -0.692088
-0.103034 -0.0385228 -0.131013 0.120656 0.178108 2.39732
-0.0811005 -0.0743149 0.0586601 -0.0413733 0.0717827 -0.614278
-0.0473562 -0.0992844 -0.016179 0.00525675 0.0170116 2.82744
-0.00671534 -0.109795 -0.000718266 -0.00165837 0.00180723 -1.97952
0.0349035 -0.104316 0.0125508 0.00209613 0.0127246 0.165484
0.0714393 -0.0836447 -0.00626818 -0.000441848 0.00628374 -3.07122
0.0975712 -0.0507923 0.0190891 0.00409343 0.0195231 0.211239
0.109494 -0.010543 -0.0291064 -0.0195353 0.0350544 -2.55048
0.10547 0.0312417 0.0595915 0.0671734 0.0897965 0.845138
0.0860869 0.0684766 -0.0950166 -0.179765 0.203332 -2.05703
0.0541666 0.0957391 0.0516424 0.409881 0.413122 1.44546
0.0143579 0.109059 0.180514 -0.731749 0.753686 -1.32894
# x y Real Imaginary Modulus Phase <-> f = 0 s = 6
-0.101256 0.0429804 0.843185 -0.0436452 0.844313 -0.0517162
-0.109983 0.00191976 -0.543094 0.306403 0.623565 2.62793
-0.102694 -0.0394205 0.321218 -0.236147 0.398681 -0.633937
-0.0804489 -0.0750198 -0.146963 0.107094 0.181844 2.51185
-0.046488 -0.0996939 0.0520704 -0.0356806 0.0631224 -0.600749
-0.00575696 -0.109849 -0.0021522 0.0145458 0.0147042 1.71769
0.0358125 -0.104007 -0.0133891 0.0035704 0.013857 2.88099
0.0721665 -0.0830181 0.0197403 0.0146104 0.024559 0.637156
0.0980107 -0.049939 -0.0106734 0.0130237 0.0168386 2.25734
0.109581 -0.00958713 0.0104561 0.000758066 0.0104835 0.0723733
0.105194 0.0321609 -0.0324767 -0.01127 0.0343766 -2.80758
0.0854861 0.0692252 0.067775 0.0522681 0.0855886 0.656932
0.0533291 0.0962082 -0.0910595 -0.163999 0.187584 -2.07766
0.0134056 0.10918 0.0381727 0.397841 0.399668 1.47514
-0.0284701 0.106252 0.226774 -0.755634 0.788929 -1.27924
# x y Real Imaginary Modulus Phase <-> f = 0 s = 7
-0.109996 0.000959919 0.763767 -0.0732474 0.767271 -0.0956104
-0.102346 -0.0403151 -0.613716 0.357954 0.710477 2.61358
-0.0797912 -0.075719 0.34745 -0.201426 0.401614 -0.52538
-0.0456163 -0.100096 -0.120603 0.0956976 0.153958 2.47083
-0.00479813 -0.109895 0.00874446 -0.0448433 0.0456879 -1.37821
0.0367188 -0.103691 0.00960118 0.00615845 0.0114065 0.570325
0.0728882 -0.0823851 -0.033301 6.13041e-05 0.0333011 3.13975
0.0984428 -0.0490818 0.0105146 0.00467424 0.0115067 0.418311
0.109661 -0.0086305 -0.0136221 0.0233882 0.027066 2.0982
0.104909 0.0330776 0.00385739 0.00133308 0.00408124 0.332741
0.0848787 0.0699686 -0.0271966 -0.00983133 0.028919 -2.79472
0.0524875 0.0966699 0.0648924 0.0535144 0.0841119 0.689599
0.0124524 0.109293 -0.0824613 -0.181846 0.19967 -1.99653
-0.0293962 0.105999 0.0153116 0.470546 0.470795 1.53827
-0.0669638 0.0872689 0.149726 -0.765419 0.779926 -1.37762
# x y Real Imaginary Modulus Phase <-> f = 0 s = 8
-0.10199 -0.0412067 0.722606 -0.148956 0.737799 -0.20329
-0.0791274 -0.0764124 -0.617222 0.324825 0.697478 2.65715
-0.044741 -0.10049 0.25623 -0.181012 0.313718 -0.615036
-0.00383894 -0.109933 -0.020161 0.0916302 0.0938219 1.78737
0.0376222 -0.103366 -0.026239 -0.0288489 0.0389968 -2.30885
0.0736044 -0.0817459 0.0301228 -0.00979421 0.031675 -0.314362
0.0988673 -0.0482208 -0.0393193 0.0016327 0.0393532 3.10009
0.109732 -0.00767321 0.0104314 0.00246663 0.010719 0.232198
0.104616 0.0339919 -0.0140861 0.021441 0.0256541 2.15205
0.0842649 0.0707066 0.0106881 -0.00209748 0.010892 -0.193781
0.0516419 0.0971242 -0.0317306 -0.00638471 0.0323665 -2.94303
0.0114981 0.109397 0.0623399 0.0625474 0.0883088 0.78706
-0.0303201 0.105739 -0.0794762 -0.238137 0.251049 -1.89291
-0.0677228 0.0866812 0.085337 0.520639 0.527587 1.40833
-0.0952628 0.055 0.072644 -0.744101 0.747638 -1.47348
# x y Real Imaginary Modulus Phase <-> f = 0 s = 9
-0.0784575 -0.0771 0.863364 -0.0510306 0.864871 -0.059038
-0.0438624 -0.100877 -0.496128 0.158037 0.520691 2.83321
-0.00287946 -0.109962 0.11423 -0.140592 0.181149 -0.888484
0.0385228 -0.103034 0.0212697 0.0631081 0.066596 1.24572
0.0743149 -0.0811005 -0.031846 -0.00994825 0.0333636 -2.83881
0.0992844 -0.0473562 0.0366695 -0.0195244 0.0415434 -0.489265
0.109795 -0.00671534 -0.0317161 -0.00440963 0.0320212 -3.00344
0.104316 0.0349035 0.0142804 0.0146847 0.0204834 0.799353
0.0836447 0.0714393 -0.0101104 0.0153614 0.01839 2.15289
0.0507923 0.0975712 0.0182608 -0.00128824 0.0183062 -0.07043
0.010543 0.109494 -0.0316954 -0.0221891 0.0386905 -2.53082
-0.0312417 0.10547 0.0425412 0.114372 0.122027 1.2147
-0.0684766 0.0860869 -0.0781177 -0.296048 0.306181 -1.82878
-0.0957391 0.0541666 0.0767543 0.597074 0.601987 1.44295
-0.109059 0.0143579 0.00435512 -0.796816 0.796827 -1.56533
# x y Real Imaginary Modulus Phase <-> f = 0 s = 10
-0.0429804 -0.101256 0.880202 0.133796 0.890313 0.150851
-0.00191976 -0.109983 -0.340581 0.12625 0.363228 2.78661
0.0394205 -0.102694 0.0680421 -0.120366 0.138267 -1.05629
0.0750198 -0.0804489 0.0127792 0.0563659 0.0577964 1.34785
0.0996939 -0.046488 -0.0287364 -0.0110413 0.0307845 -2.77476
0.109849 -0.00575696 0.0316166 -0.00746848 0.0324867 -0.231968
0.104007 0.0358125 -0.028836 -0.00456598 0.0291952 -2.98455
0.0830181 0.0721665 0.0174383 0.0125661 0.0214942 0.624421
0.049939 0.0980107 -0.00690765 0.00198143 0.00718622 2.86225
0.00958713 0.109581 0.00779058 0.00969336 0.012436 0.893802
-0.0321609 0.105194 -0.0108581 -0.044599 0.0459017 -1.80961
-0.0692252 0.0854861 0.0329644 0.129147 0.133287 1.32089
-0.0962082 0.0533291 -0.0389902 -0.299618 0.302145 -1.7002
-0.10918 0.0134056 0.0429512 0.597385 0.598927 1.49902
-0.106252 -0.0284701 0.129196 -0.77627 0.786948 -1.40588
# x y Real Imaginary Modulus Phase <-> f = 0 s = 11
-0.000959919 -0.109996 0.759034 0.200294 0.785016 0.257999
0.0403151 -0.102346 -0.31308 0.10699 0.330856 2.8123
0.075719 -0.0797912 0.0931469 -0.12225 0.153693 -0.9197
0.100096 -0.0456163 -0.000674788 0.0781523 0.0781552 1.57943
0.109895 -0.00479813 -0.0126278 -0.0387955 0.0407989 -1.88548
0.103691 0.0367188 0.00734529 0.0148304 0.0165497 1.11093
0.0823851 0.0728882 -0.00792082 -0.00357849 0.00869167 -2.71726
0.0490818 0.0984428 0.0126303 0.00274876 0.0129259 0.214291
0.0086305 0.109661 -0.00345703 0.000810936 0.00355087 2.91118
-0.0330776 0.104909 0.00237018 0.00791663 0.00826382 1.2799
-0.0699686 0.0848787 -0.00914648 -0.0426739 0.0436431 -1.78194
-0.0966699 0.0524875 0.0279478 0.105778 0.109408 1.31249
-0.109293 0.0124524 -0.0554746 -0.232394 0.238923 -1.80512
-0.105999 -0.0293962 0.010306 0.419442 0.419569 1.54623
-0.0872689 -0.0669638 0.285629 -0.668664 0.727114 -1.1671
# x y Real Imaginary Modulus Phase <-> f = 0 s = 12
0.0412067 -0.10199 0.813686 0.18732 0.834969 0.226269
0.0764124 -0.0791274 -0.42017 0.110594 0.434481 2.88422
0.10049 -0.044741 0.171385 -0.159624 0.234206 -0.749884
0.109933 -0.00383894 -0.0718244 0.105752 0.127836 2.16741
0.103366 0.0376222 0.0363157 -0.0507568 0.0624106 -0.949753
0.0817459 0.0736044 -0.0144298 0.0127694 0.0192686 2.41717
0.0482208 0.0988673 0.00190161 -0.00269409 0.00329761 -0.956158
0.00767321 0.109732 0.00611586 -0.001431 0.00628104 -0.229847
-0.0339919 0.104616 -0.00135787 0.0012576 0.00185077 2.39451
-0.0707066 0.0842649 0.00784815 0.00357974 0.00862601 0.427936
-0.0971242 0.0516419 -0.027135 -0.0159375 0.0314692 -2.61053
-0.109397 0.0114981 0.0639805 0.0403005 0.075615 0.562106
-0.105739 -0.0303201 -0.0881167 -0.10714 0.138721 -2.25907
-0.0866812 -0.0677228 0.0377609 0.278503 0.281051 1.43603
-0.055 -0.0952628 0.267287 -0.50793 0.573965 -1.08639
# x y Real Imaginary Modulus Phase <-> f = 0 s = 13
0.0771 -0.0784575 0.941613 0.0390351 0.942422 0.0414318
0.100877 -0.0438624 -0.567135 0.242396 0.616764 2.73769
0.109962 -0.00287946 0.329395 -0.225672 0.399286 -0.600663
0.103034 0.0385228 -0.179938 0.111992 0.211943 2.58487
0.0811005 0.0743149 0.0864787 -0.0301727 0.0915912 -0.335698
0.0473562 0.0992844 -0.0292566 -7.54142e-05 0.0292567 -3.13901
0.00671534 0.109795 0.0021602 -0.00416082 0.00468816 -1.09193
-0.0349035 0.104316 0.00477715 0.00357227 0.00596509 0.64208
-0.0714393 0.0836447 -0.00470401 0.010481 0.0114882 1.99266
-0.0975712 0.0507923 0.00414252 -0.0114346 0.0121618 -1.22322
-0.109494 0.010543 -0.0261531 0.0148681 0.030084 2.62466
-0.10547 -0.0312417 0.0536357 -0.00336094 0.0537409 -0.0625805
-0.0860869 -0.0684766 -0.0760871 -0.0644563 0.0997189 -2.43876
-0.0541666 -0.0957391 0.0329897 0.232463 0.234792 1.42982
-0.0143579 -0.109059 0.292673 -0.532215 0.60738 -1.06802
# x y Real Imaginary Modulus Phase <-> f = 0 s = 14
0.101256 -0.0429804 0.740184 -0.0824147 0.744758 -0.110887
0.109983 -0.00191976 -0.575281 0.444159 0.726791 2.48411
0.102694 0.0394205 0.41112 -0.301643 0.50991 -0.632993
0.0804489 0.0750198 -0.2111 0.123745 0.244696 2.61139
0.046488 0.0996939 0.0910987 -0.046269 0.102175 -0.469948
0.00575696 0.109849 -0.018432 0.0253433 0.0313372 2.19961
-0.0358125 0.104007 0.00160513 -0.010685 0.0108049 -1.42169
-0.0721665 0.0830181 0.0138897 0.0120677 0.0183998 0.715321
-0.0980107 0.049939 -0.0162939 0.0113228 0.0198418 2.53429
-0.109581 0.00958713 0.00339897 -0.0340984 0.0342674 -1.47144
-0.105194 -0.0321609 -0.00873434 0.0265563 0.0279558 1.88855
-0.0854861 -0.0692252 0.0404023 -0.0117321 0.0420713 -0.28261
-0.0533291 -0.0962082 -0.0750942 -0.0760989 0.106912 -2.34955
-0.0134056 -0.10918 0.0101659 0.307593 0.307761 1.53776
0.0284701 -0.106252 0.306588 -0.720302 0.782835 -1.16839
# x y Real Imaginary Modulus Phase <-> f = 0 s = 15
0.109996 -0.000959919 0.660245 0.0117086 0.660349 0.0177319
0.102346 0.0403151 -0.531854 0.435908 0.687666 2.45501
0.0797912 0.075719 0.344818 -0.282939 0.446043 -0.687145
0.0456163 0.100096 -0.158497 0.140109 0.211546 2.41769
0.00479813 0.109895 0.0392784 -0.0549334 0.0675313 -0.950062
-0.0367188 0.103691 0.00165517 0.0261389 0.0261913 1.50756
-0.0728882 0.0823851 -0.0126964 0.00221319 0.0128879 2.96901
-0.0984428 0.0490818 0.0143945 0.0125795 0.0191166 0.718214
-0.109661 0.0086305 -0.0227221 0.0163194 0.0279753 2.51874
-0.104909 -0.0330776 0.00337893 -0.0470988 0.0472199 -1.49918
-0.0848787 -0.0699686 -0.0134018 0.0280485 0.0310858 2.01653
-0.0524875 -0.0966699 0.0574975 0.0106054 0.0584674 0.182401
-0.0124524 -0.109293 -0.0815747 -0.144995 0.166367 -2.08326
0.0293962 -0.105999 0.00973331 0.477652 0.477751 1.55042
0.0669638 -0.0872689 0.0785237 -0.77726 0.781216 -1.47011
