# x y Real Imaginary Modulus Phase <-> f = 0 s = 0
0.10199 0.0412067 0.738363 -0.0277557 0.738885 -0.0375732
0.0791274 0.0764124 -0.559044 0.326694 0.647502 2.61274
0.044741 0.10049 0.289137 -0.236111 0.373294 -0.684785
0.00383894 0.109933 -0.0950044 0.113161 0.147754 2.26919
-0.0376222 0.103366 0.0140505 -0.0528569 0.0546925 -1.31098
-0.0736044 0.0817459 0.00363799 0.0158672 0.0162789 1.34541
-0.0988673 0.0482208 -0.0216679 0.00367605 0.0219775 2.97354
-0.109732 0.00767321 0.00164556 0.00694967 0.00714184 1.3383
-0.104616 -0.0339919 -0.022835 0.0173831 0.0286986 2.49093
-0.0842649 -0.0707066 0.0111219 -0.0339031 0.0356808 -1.25381
-0.0516419 -0.0971242 -0.0261523 0.00655591 0.0269615 2.89597
-0.0114981 -0.109397 0.0582313 0.0657787 0.0878506 0.846184
0.0303201 -0.105739 -0.0569576 -0.282649 0.288331 -1.76965
0.0677228 -0.0866812 0.131828 0.634999 0.648538 1.3661
0.0952628 -0.055 -0.00438477 -0.63875 0.638765 -1.57766
# x y Real Imaginary Modulus Phase <-> f = 0 s = 1
0.0784575 0.0771 0.812389 -0.0721106 0.815584 -0.0885316
0.0438624 0.100877 -0.565669 0.279717 0.631049 2.68236
0.00287946 0.109962 0.235299 -0.184526 0.299024 -0.665043
-0.0385228 0.103034 -0.0556704 0.110457 0.123693 2.03764
-0.0743149 0.0811005 0.0021158 -0.0469873 0.0470349 -1.5258
-0.0992844 0.0473562 0.0039909 0.0127415 0.0133519 1.26726
-0.109795 0.00671534 -0.02212 0.00627663 0.0229932 2.86511
-0.104316 -0.0349035 0.00514011 0.011509 0.0126047 1.15076
-0.0836447 -0.0714393 -0.021832 0.0153278 0.0266754 2.52947
-0.0507923 -0.0975712 0.0107292 -0.00815197 0.0134748 -0.649741
-0.010543 -0.109494 -0.027138 -0.0325581 0.0423851 -2.26565
0.0312417 -0.10547 0.0166194 0.143336 0.144297 1.45536
0.0684766 -0.0860869 -0.0599325 -0.390499 0.395072 -1.72308
0.0957391 -0.0541666 0.191053 0.624657 0.653221 1.27398
0.109059 -0.0143579 0.0437579 -0.682616 0.684017 -1.50678
# x y Real Imaginary Modulus Phase <-> f = 0 s = 2
0.0429804 0.101256 0.85612 -0.0846034 0.86029 -0.0985021
0.00191976 0.109983 -0.522433 0.200967 0.559753 2.77437
-0.0394205 0.102694 0.185968 -0.189833 0.265745 -0.795683
-0.0750198 0.0804489 -0.0391134 0.105641 0.11265 1.92539
-0.0996939 0.046488 0.000551919 -0.0493126 0.0493157 -1.5596
-0.109849 0.00575696 0.00980843 0.0133884 0.0165968 0.938519
-0.104007 -0.0358125 -0.0151998 -0.000470952 0.0152071 -3.11062
-0.0830181 -0.0721665 0.0125188 0.0130839 0.0181083 0.807467
-0.049939 -0.0980107 -0.00976323 0.00931141 0.0134916 2.37988
-0.00958713 -0.109581 0.00708997 0.0107408 0.0128698 0.987356
0.0321609 -0.105194 0.00632586 -0.0563345 0.0566886 -1.45897
0.0692252 -0.0854861 0.0127728 0.178152 0.178609 1.49922
0.0962082 -0.0533291 -0.0939638 -0.356812 0.368977 -1.82829
0.10918 -0.0134056 0.10706 0.55899 0.56915 1.38156
0.106252 0.0284701 0.104592 -0.763152 0.770286 -1.43459
# x y Real Imaginary Modulus Phase <-> f = 0 s = 3
0.000959919 0.109996 0.890629 -0.00653168 0.890653 -0.00733365
-0.0403151 0.102346 -0.47796 0.218337 0.525468 2.71309
-0.075719 0.0797912 0.173397 -0.179333 0.249453 -0.802226
-0.100096 0.0456163 -0.0451006 0.107299 0.116392 1.9687
-0.109895 0.00479813 -0.000292885 -0.0475177 0.0475186 -1.57696
-0.103691 -0.0367188 0.00598233 0.0216142 0.0224268 1.30078
-0.0823851 -0.0728882 -0.00807748 -0.00708244 0.0107427 -2.42174
-0.0490818 -0.0984428 0.0112533 0.00460594 0.0121594 0.388494
-0.0086305 -0.109661 -0.00510094 0.000196993 0.00510474 3.10299
0.0330776 -0.104909 -0.00323087 0.0107518 0.0112268 1.86271
0.0699686 -0.0848787 0.00367632 -0.0723778 0.0724711 -1.52005
0.0966699 -0.0524875 0.0479964 0.156845 0.164024 1.27383
0.109293 -0.0124524 -0.0910292 -0.286558 0.300668 -1.87838
0.105999 0.0293962 0.0588531 0.524138 0.527432 1.45898
0.0872689 0.0669638 0.133053 -0.780839 0.792094 -1.40202
# x y Real Imaginary Modulus Phase <-> f = 0 s = 4
-0.0412067 0.10199 0.867105 -0.0309966 0.867659 -0.035732
-0.0764124 0.0791274 -0.475406 0.192125 0.51276 2.75753
-0.10049 0.044741 0.198842 -0.180768 0.268729 -0.737821
-0.109933 0.00383894 -0.0627396 0.110175 0.126786 2.08845
-0.103366 -0.0376222 0.0228114 -0.0522272 0.0569916 -1.159
-0.0817459 -0.0736044 -0.00859188 0.0177992 0.0197644 2.02052
-0.0482208 -0.0988673 -0.00146077 -0.00205266 0.00251938 -2.1893
-0.00767321 -0.109732 0.010423 -0.000523617 0.0104361 -0.0501945
0.0339919 -0.104616 -0.00457441 -0.00197422 0.00498225 -2.73416
0.0707066 -0.0842649 0.00790444 0.0197931 0.021313 1.19085
0.0971242 -0.0516419 -0.0287451 -0.0438711 0.0524496 -2.15083
0.109397 -0.0114981 0.0542855 0.0952078 0.109597 1.05259
0.105739 0.0303201 -0.075391 -0.215467 0.228275 -1.90738
0.0866812 0.0677228 0.0243528 0.445361 0.446026 1.51617
0.055 0.0952628 0.209854 -0.739031 0.768248 -1.29412
# x y Real Imaginary Modulus Phase <-> f = 0 s = 5
-0.0771 0.0784575 0.891206 -0.0330014 0.891816 -0.0370132
-0.100877 0.0438624 -0.549003 0.236553 0.597798 2.73476
-0.109962 0.00287946 0.259232 -0.222913 0.341894 -0.710214
-0.103034 -0.0385228 -0.127793 0.125843 0.179353 2.36388
-0.0811005 -0.0743149 0.0589862 -0.0451097 0.0742581 -0.652875
-0.0473562 -0.0992844 -0.0147796 0.00801902 0.0168149 2.64447
-0.00671534 -0.109795 -0.00359173 -0.00272535 0.00450866 -2.49249
0.0349035 -0.104316 0.0131702 0.00541529 0.01424 0.390106
0.0714393 -0.0836447 -0.0133298 -0.00266246 0.0135931 -2.94445
0.0975712 -0.0507923 0.019968 0.00519043 0.0206316 0.254309
0.109494 -0.010543 -0.0327568 -0.0205395 0.0386636 -2.58154
0.10547 0.0312417 0.0653622 0.0646534 0.0919362 0.779947
0.0860869 0.0684766 -0.0957084 -0.178527 0.202564 -2.06291
0.0541666 0.0957391 0.0560926 0.410996 0.414806 1.43515
0.0143579 0.109059 0.173612 -0.726883 0.747329 -1.33634
# x y Real Imaginary Modulus Phase <-> f = 0 s = 6
-0.101256 0.0429804 0.832609 -0.03734 0.833446 -0.0448169
-0.109983 0.00191976 -0.536745 0.312232 0.620954 2.61473
-0.102694 -0.0394205 0.319306 -0.24431 0.402049 -0.653113
-0.0804489 -0.0750198 -0.146545 0.111772 0.184305 2.49
-0.046488 -0.0996939 0.0509182 -0.0413292 0.0655802 -0.681822
-0.00575696 -0.109849 0.000469382 0.0148754 0.0148828 1.53925
0.0358125 -0.104007 -0.0148172 0.00206871 0.0149609 3.00287
0.0721665 -0.0830181 0.0163785 0.0145796 0.0219277 0.727357
0.0980107 -0.049939 -0.018679 0.0109756 0.0216649 2.61035
0.109581 -0.00958713 0.0106767 -0.00332029 0.0111811 -0.301503
0.105194 0.0321609 -0.0339013 -0.0110767 0.035665 -2.82579
0.0854861 0.0692252 0.0676633 0.0515084 0.0850379 0.650659
0.0533291 0.0962082 -0.0950239 -0.160509 0.186528 -2.10532
0.0134056 0.10918 0.0455004 0.398014 0.400607 1.45697
-0.0284701 0.106252 0.216856 -0.748939 0.779703 -1.28895
# x y Real Imaginary Modulus Phase <-> f = 0 s = 7
-0.109996 0.000959919 0.762257 -0.0637389 0.764918 -0.0834245
-0.102346 -0.0403151 -0.607246 0.356283 0.704049 2.611
-0.0797912 -0.075719 0.34354 -0.208313 0.401764 -0.545093
-0.0456163 -0.100096 -0.120961 0.09877 0.156163 2.45684
-0.00479813 -0.109895 0.00778547 -0.0442807 0.04496 -1.39675
0.0367188 -0.103691 0.0133893 0.00560447 0.014515 0.396418
0.0728882 -0.0823851 -0.0311255 0.000899708 0.0311385 3.11269
0.0984428 -0.0490818 0.00883498 0.00959542 0.0130433 0.826635
0.109661 -0.0086305 -0.0210102 0.0168051 0.0269043 2.46694
0.104909 0.0330776 0.00611583 -0.00504278 0.00792673 -0.689529
0.0848787 0.0699686 -0.0327575 -0.0116445 0.0347656 -2.80005
0.0524875 0.0966699 0.0658826 0.0522362 0.0840782 0.670377
0.0124524 0.109293 -0.0899963 -0.17875 0.200128 -2.03722
-0.0293962 0.105999 0.0261235 0.468379 0.469106 1.51508
-0.0669638 0.0872689 0.144368 -0.755884 0.769547 -1.38208
# x y Real Imaginary Modulus Phase <-> f = 0 s = 8
-0.10199 -0.0412067 0.725091 -0.139928 0.738469 -0.190637
-0.0791274 -0.0764124 -0.609031 0.325779 0.690689 2.65041
-0.044741 -0.10049 0.25671 -0.18891 0.318727 -0.634408
-0.00383894 -0.109933 -0.0248443 0.098695 0.101774 1.8174
0.0376222 -0.103366 -0.0255627 -0.0289958 0.038655 -2.29335
0.0736044 -0.0817459 0.0319175 -0.00808044 0.0329244 -0.247957
0.0988673 -0.0482208 -0.0392723 0.00034218 0.0392738 3.13288
0.109732 -0.00767321 0.00523278 0.00496136 0.0072109 0.75878
0.104616 0.0339919 -0.0214668 0.0189122 0.0286093 2.41937
0.0842649 0.0707066 0.0126888 -0.00612857 0.0140913 -0.449946
0.0516419 0.0971242 -0.0360926 -0.00819263 0.0370107 -2.91839
0.0114981 0.109397 0.0658216 0.0659037 0.0931438 0.786021
-0.0303201 0.105739 -0.086327 -0.23777 0.252956 -1.91907
-0.0677228 0.0866812 0.0947215 0.51684 0.525448 1.38954
-0.0952628 0.055 0.0742988 -0.730265 0.734035 -1.4694
# x y Real Imaginary Modulus Phase <-> f = 0 s = 9
-0.0784575 -0.0771 0.851836 -0.0444985 0.852997 -0.0521909
-0.0438624 -0.100877 -0.494375 0.165473 0.521333 2.8186
-0.00287946 -0.109962 0.10965 -0.144546 0.181429 -0.921823
0.0385228 -0.103034 0.0195203 0.0637987 0.0667182 1.27387
0.0743149 -0.0811005 -0.0318617 -0.00867701 0.0330221 -2.87571
0.0992844 -0.0473562 0.0370214 -0.0198481 0.0420063 -0.492127
0.109795 -0.00671534 -0.0358033 -0.000442084 0.0358061 -3.12925
0.104316 0.0349035 0.00762452 0.0110205 0.0134009 0.965563
0.0836447 0.0714393 -0.0164986 0.013773 0.0214919 2.44599
0.0507923 0.0975712 0.0180908 3.27653e-05 0.0180908 0.00181116
0.010543 0.109494 -0.0333008 -0.0250864 0.0416925 -2.49597
-0.0312417 0.10547 0.0485702 0.116242 0.125981 1.17501
-0.0684766 0.0860869 -0.0827968 -0.299322 0.310562 -1.84066
-0.0957391 0.0541666 0.0836613 0.59212 0.598001 1.43043
-0.109059 0.0143579 0.00719817 -0.789164 0.789197 -1.56168
# x y Real Imaginary Modulus Phase <-> f = 0 s = 10
-0.0429804 -0.101256 0.876981 0.123453 0.885627 0.139852
-0.00191976 -0.109983 -0.344594 0.130461 0.368463 2.77968
0.0394205 -0.102694 0.0712889 -0.122723 0.141926 -1.04454
0.0750198 -0.0804489 0.0106494 0.0572295 0.0582119 1.38682
0.0996939 -0.046488 -0.0273408 -0.00988105 0.0290715 -2.79479
0.109849 -0.00575696 0.0339511 -0.00657837 0.0345825 -0.191389
0.104007 0.0358125 -0.029895 -0.00452366 0.0302353 -2.99141
0.0830181 0.0721665 0.014017 0.0153739 0.0208047 0.831531
0.049939 0.0980107 -0.0107815 0.00220431 0.0110045 2.93992
0.00958713 0.109581 0.0109653 0.00847077 0.0138561 0.657749
-0.0321609 0.105194 -0.01243 -0.0451766 0.0468555 -1.8393
-0.0692252 0.0854861 0.0350772 0.132175 0.136751 1.31139
-0.0962082 0.0533291 -0.0447765 -0.299846 0.303171 -1.71903
-0.10918 0.0134056 0.0509033 0.592243 0.594426 1.48506
-0.106252 -0.0284701 0.123306 -0.764843 0.774719 -1.41095
# x y Real Imaginary Modulus Phase <-> f = 0 s = 11
-0.000959919 -0.109996 0.764867 0.19114 0.788388 0.244885
0.0403151 -0.102346 -0.317528 0.109267 0.335803 2.81017
0.075719 -0.0797912 0.0947164 -0.124908 0.156758 -0.922011
0.100096 -0.0456163 -0.000568391 0.078232 0.0782341 1.57806
0.109895 -0.00479813 -0.0119832 -0.0384866 0.040309 -1.87264
0.103691 0.0367188 0.00619292 0.016303 0.0174397 1.20777
0.0823851 0.0728882 -0.0100835 -0.00271046 0.0104414 -2.879
0.0490818 0.0984428 0.0119076 0.00695815 0.0137916 0.528828
0.0086305 0.109661 -0.00469242 -7.39156e-05 0.004693 -3.12584
-0.0330776 0.104909 0.00521879 0.00820317 0.00972254 1.00419
-0.0699686 0.0848787 -0.0105563 -0.0428255 0.0441073 -1.81247
-0.0966699 0.0524875 0.0307606 0.106134 0.110502 1.2887
-0.109293 0.0124524 -0.0605726 -0.236664 0.244293 -1.82136
-0.105999 -0.0293962 0.0188431 0.420796 0.421217 1.52605
-0.0872689 -0.0669638 0.27636 -0.670283 0.72502 -1.17973
# x y Real Imaginary Modulus Phase <-> f = 0 s = 12
0.0412067 -0.10199 0.815541 0.182335 0.835675 0.219958
0.0764124 -0.0791274 -0.421678 0.112766 0.436496 2.88029
0.10049 -0.044741 0.170874 -0.160764 0.234612 -0.754923
0.109933 -0.00383894 -0.0719868 0.106821 0.128813 2.16379
0.103366 0.0376222 0.0349631 -0.0508423 0.0617037 -0.968389
0.0817459 0.0736044 -0.0151927 0.0150318 0.0213723 2.36152
0.0482208 0.0988673 0.0011916 -0.00328946 0.00349864 -1.22325
0.00767321 0.109732 0.0061412 0.000963417 0.00621631 0.155609
-0.0339919 0.104616 -0.00176924 0.000889764 0.00198038 2.67562
-0.0707066 0.0842649 0.00937173 0.00334339 0.00995026 0.342678
-0.0971242 0.0516419 -0.0279027 -0.0148895 0.0316268 -2.65141
-0.109397 0.0114981 0.0656162 0.0411546 0.0774544 0.560181
-0.105739 -0.0303201 -0.092705 -0.106787 0.141413 -2.28572
-0.0866812 -0.0677228 0.0389241 0.282011 0.284685 1.43364
-0.055 -0.0952628 0.260273 -0.515533 0.577509 -1.10327
# x y Real Imaginary Modulus Phase <-> f = 0 s = 13
0.0771 -0.0784575 0.93893 0.0361967 0.939628 0.0385319
0.100877 -0.0438624 -0.568585 0.243043 0.618352 2.73765
0.109962 -0.00287946 0.330983 -0.229944 0.403019 -0.607181
0.103034 0.0385228 -0.181337 0.110798 0.212507 2.59312
0.0811005 0.0743149 0.0859721 -0.0321298 0.0917798 -0.357652
0.0473562 0.0992844 -0.0299795 -0.000279771 0.0299808 -3.13226
0.00671534 0.109795 0.00557963 -0.00309485 0.00638047 -0.506421
-0.0349035 0.104316 0.00471415 0.00437532 0.00643169 0.748138
-0.0714393 0.0836447 -0.00496968 0.0124623 0.0134166 1.95025
-0.0975712 0.0507923 0.00589075 -0.0135489 0.0147741 -1.16067
-0.109494 0.010543 -0.0264734 0.0132804 0.0296177 2.67663
-0.10547 -0.0312417 0.0550168 -0.00456608 0.055206 -0.0828045
-0.0860869 -0.0684766 -0.0779807 -0.0649811 0.101506 -2.44688
-0.0541666 -0.0957391 0.0353592 0.237122 0.239744 1.42277
-0.0143579 -0.109059 0.289663 -0.538348 0.61133 -1.07717
# x y Real Imaginary Modulus Phase <-> f = 0 s = 14
0.101256 -0.0429804 0.742946 -0.0781491 0.747045 -0.104803
0.109983 -0.00191976 -0.566322 0.442684 0.718811 2.47812
0.102694 0.0394205 0.407815 -0.306157 0.509946 -0.643965
0.0804489 0.0750198 -0.207864 0.129302 0.244798 2.58512
0.046488 0.0996939 0.0934187 -0.0502944 0.106097 -0.493875
0.00575696 0.109849 -0.0229875 0.0210606 0.0311766 2.39991
-0.0358125 0.104007 -0.00186759 -0.0111826 0.0113375 -1.73628
-0.0721665 0.0830181 0.00825808 0.0135826 0.015896 1.02452
-0.0980107 0.049939 -0.0176783 0.0166106 0.0242577 2.38732
-0.109581 0.00958713 0.00534801 -0.0318149 0.0322612 -1.40426
-0.105194 -0.0321609 -0.0111602 0.0288139 0.0308997 1.94032
-0.0854861 -0.0692252 0.0402969 -0.00847145 0.0411777 -0.207209
-0.0533291 -0.0962082 -0.0782777 -0.0759271 0.109052 -2.37144
-0.0134056 -0.10918 0.0100318 0.310401 0.310563 1.53849
0.0284701 -0.106252 0.3049 -0.723003 0.784664 -1.17171
# x y Real Imaginary Modulus Phase <-> f = 0 s = 15
0.109996 -0.000959919 0.670202 0.0170665 0.670419 0.0254593
0.102346 0.0403151 -0.523943 0.434244 0.680503 2.44954
0.0797912 0.075719 0.343556 -0.287942 0.448265 -0.697557
0.0456163 0.100096 -0.154316 0.144022 0.211082 2.39069
0.00479813 0.109895 0.0414283 -0.0574656 0.0708421 -0.946165
-0.0367188 0.103691 0.000516926 0.0243888 0.0243943 1.5496
-0.0728882 0.0823851 -0.0144047 -0.00413168 0.0149856 -2.86226
-0.0984428 0.0490818 0.00514114 0.0117247 0.0128023 1.15756
-0.109661 0.0086305 -0.0242653 0.016792 0.0295089 2.53624
-0.104909 -0.0330776 0.00490568 -0.0424597 0.0427422 -1.45577
-0.0848787 -0.0699686 -0.00960353 0.0278917 0.0294987 1.9024
-0.0524875 -0.0966699 0.0571497 0.0109837 0.0581956 0.189877
-0.0124524 -0.109293 -0.0835058 -0.145386 0.167662 -2.09216
0.0293962 -0.105999 0.011817 0.475994 0.476141 1.54598
0.0669638 -0.0872689 0.0773609 -0.774571 0.778424 -1.47125
