# x y Real Imaginary Modulus Phase <-> f = 0 s = 0
0.10199 0.0412067 0.73023 -0.0446049 0.731591 -0.0610075
0.0791274 0.0764124 -0.578343 0.330617 0.666174 2.62227
0.044741 0.10049 0.29898 -0.219611 0.370969 -0.633529
0.00383894 0.109933 -0.0956964 0.102706 0.140379 2.32088
-0.0376222 0.103366 0.0145859 -0.0471623 0.0493663 -1.27086
-0.0736044 0.0817459 0.00411297 0.0120232 0.0127073 1.24119
-0.0988673 0.0482208 -0.0184867 0.00239707 0.0186415 3.01265
-0.109732 0.00767321 0.00212553 0.00936044 0.00959874 1.34751
-0.104616 -0.0339919 -0.0161617 0.0186651 0.0246898 2.28443
-0.0842649 -0.0707066 0.00627421 -0.03058 0.031217 -1.36843
-0.0516419 -0.0971242 -0.0195557 0.00149859 0.019613 3.06511
-0.0114981 -0.109397 0.051577 0.0654482 0.0833286 0.90338
0.0303201 -0.105739 -0.0449965 -0.282528 0.286089 -1.72873
0.0677228 -0.0866812 0.124346 0.65073 0.662504 1.38198
0.0952628 -0.055 -0.0234712 -0.638098 0.638529 -1.60756
# x y Real Imaginary Modulus Phase <-> f = 0 s = 1
0.0784575 0.0771 0.82424 -0.0878521 0.828909 -0.106185
0.0438624 0.100877 -0.581963 0.258713 0.636878 2.72328
0.00287946 0.109962 0.235683 -0.166646 0.288647 -0.615462
-0.0385228 0.103034 -0.057219 0.097472 0.113026 2.10162
-0.0743149 0.0811005 0.00381345 -0.0429842 0.043153 -1.48231
-0.0992844 0.0473562 0.00545844 0.0091959 0.0106939 1.03512
-0.109795 0.00671534 -0.0181806 0.00489242 0.0188274 2.87872
-0.104316 -0.0349035 0.00589722 0.0122352 0.0135823 1.12166
-0.0836447 -0.0714393 -0.0152148 0.015461 0.0216918 2.34817
-0.0507923 -0.0975712 0.00611693 -0.00746253 0.00964915 -0.884166
-0.010543 -0.109494 -0.0237041 -0.0321432 0.0399383 -2.20622
0.0312417 -0.10547 0.00870597 0.140886 0.141155 1.50908
0.0684766 -0.0860869 -0.0474819 -0.395221 0.398063 -1.69036
0.0957391 -0.0541666 0.188373 0.638993 0.666181 1.28412
0.109059 -0.0143579 0.028357 -0.691227 0.691808 -1.5298
# x y Real Imaginary Modulus Phase <-> f = 0 s = 2
0.0429804 0.101256 0.888913 -0.0719449 0.891819 -0.0807599
0.00191976 0.109983 -0.528005 0.172907 0.555595 2.82513
-0.0394205 0.102694 0.187726 -0.16619 0.250719 -0.724623
-0.0750198 0.0804489 -0.0408688 0.0931137 0.101688 1.98439
-0.0996939 0.046488 0.0037666 -0.0440239 0.0441847 -1.48545
-0.109849 0.00575696 0.0101843 0.0112587 0.0151815 0.835459
-0.104007 -0.0358125 -0.0111792 -0.00128265 0.0112525 -3.02736
-0.0830181 -0.0721665 0.0122285 0.0112614 0.016624 0.744251
-0.049939 -0.0980107 -0.00604046 0.00855749 0.0104746 2.18545
-0.00958713 -0.109581 0.00353093 0.0110685 0.0116181 1.26199
0.0321609 -0.105194 0.00945467 -0.0537239 0.0545495 -1.39659
0.0692252 -0.0854861 0.00315624 0.175752 0.175781 1.55284
0.0962082 -0.0533291 -0.0817631 -0.361627 0.370756 -1.79316
0.10918 -0.0134056 0.0978219 0.574708 0.582974 1.4022
0.106252 0.0284701 0.0997828 -0.782323 0.78866 -1.44393
# x y Real Imaginary Modulus Phase <-> f = 0 s = 3
0.000959919 0.109996 0.911882 0.022008 0.912147 0.02413
-0.0403151 0.102346 -0.482069 0.181378 0.515062 2.78173
-0.075719 0.0797912 0.174189 -0.157455 0.234806 -0.734984
-0.100096 0.0456163 -0.0465711 0.0950769 0.10587 2.02627
-0.109895 0.00479813 0.00253584 -0.042023 0.0420994 -1.51053
-0.103691 -0.0367188 0.00612074 0.0199866 0.0209028 1.27362
-0.0823851 -0.0728882 -0.00537319 -0.00686692 0.00871928 -2.23476
-0.0490818 -0.0984428 0.0100466 0.00294062 0.0104681 0.284745
-0.0086305 -0.109661 -0.00392867 0.000535809 0.00396504 3.00604
0.0330776 -0.104909 -0.00590385 0.00961886 0.0112862 2.12129
0.0699686 -0.0848787 0.00644029 -0.0668811 0.0671904 -1.4748
0.0966699 -0.0524875 0.0363821 0.152281 0.156567 1.33628
0.109293 -0.0124524 -0.0738387 -0.285812 0.295196 -1.82362
0.105999 0.0293962 0.036032 0.527178 0.528408 1.50255
0.0872689 0.0669638 0.162417 -0.797306 0.813681 -1.36984
# x y Real Imaginary Modulus Phase <-> f = 0 s = 4
-0.0412067 0.10199 0.888592 0.00812877 0.888629 0.00914766
-0.0764124 0.0791274 -0.479717 0.161495 0.506171 2.81686
-0.10049 0.044741 0.200699 -0.160887 0.257225 -0.675737
-0.109933 0.00383894 -0.0648735 0.0991083 0.118453 2.15038
-0.103366 -0.0376222 0.0236401 -0.0459098 0.0516388 -1.09528
-0.0817459 -0.0736044 -0.00750082 0.0159731 0.0176466 2.00982
-0.0482208 -0.0988673 -0.000345797 -0.00208991 0.00211833 -1.73477
-0.00767321 -0.109732 0.00865517 -0.00141923 0.00877076 -0.162529
0.0339919 -0.104616 -0.00439071 -0.00216891 0.00489719 -2.68278
0.0707066 -0.0842649 0.0055862 0.0180767 0.0189202 1.27108
0.0971242 -0.0516419 -0.0255769 -0.042173 0.0493228 -2.11596
0.109397 -0.0114981 0.0461147 0.0915015 0.102465 1.10397
0.105739 0.0303201 -0.0623408 -0.210048 0.219104 -1.85931
0.0866812 0.0677228 0.000613699 0.438366 0.438366 1.5694
0.055 0.0952628 0.244521 -0.739275 0.778665 -1.25137
# x y Real Imaginary Modulus Phase <-> f = 0 s = 5
-0.0771 0.0784575 0.916507 -0.010686 0.916569 -0.0116589
-0.100877 0.0438624 -0.56113 0.209505 0.598965 2.78426
-0.109962 0.00287946 0.266173 -0.201598 0.333901 -0.648218
-0.103034 -0.0385228 -0.129099 0.111992 0.170906 2.42703
-0.0811005 -0.0743149 0.0565398 -0.037779 0.068 -0.589053
-0.0473562 -0.0992844 -0.0143661 0.00657511 0.0157992 2.71237
-0.00671534 -0.109795 -0.00193505 -0.00259386 0.00323613 -2.21174
0.0349035 -0.104316 0.0116934 0.00367435 0.0122571 0.304454
0.0714393 -0.0836447 -0.0120159 -0.00388088 0.012627 -2.82919
0.0975712 -0.0507923 0.0177701 0.00419425 0.0182584 0.231786
0.109494 -0.010543 -0.0285511 -0.0200033 0.0348611 -2.53046
0.10547 0.0312417 0.0554611 0.0611194 0.0825319 0.833896
0.0860869 0.0684766 -0.077621 -0.171934 0.188643 -1.99486
0.0541666 0.0957391 0.025649 0.399827 0.400648 1.50673
0.0143579 0.109059 0.216865 -0.720249 0.752189 -1.27833
# x y Real Imaginary Modulus Phase <-> f = 0 s = 6
-0.101256 0.0429804 0.857181 -0.0516328 0.858735 -0.0601628
-0.109983 0.00191976 -0.562193 0.302342 0.638335 2.64817
-0.102694 -0.0394205 0.328553 -0.233497 0.403074 -0.61786
-0.0804489 -0.0750198 -0.152006 0.100832 0.182409 2.55589
-0.046488 -0.0996939 0.0500729 -0.0349942 0.0610892 -0.609963
-0.00575696 -0.109849 0.000450414 0.0121567 0.0121651 1.53376
0.0358125 -0.104007 -0.00883061 0.00328819 0.00942294 2.78514
0.0721665 -0.0830181 0.0173101 0.0124802 0.02134 0.624668
0.0980107 -0.049939 -0.0158151 0.00813553 0.0177849 2.66648
0.109581 -0.00958713 0.0110023 -0.00496561 0.0120709 -0.423956
0.105194 0.0321609 -0.028533 -0.0125529 0.0311723 -2.72713
0.0854861 0.0692252 0.0582795 0.0483177 0.075704 0.692216
0.0533291 0.0962082 -0.0780397 -0.154314 0.172925 -2.03901
0.0134056 0.10918 0.0189695 0.388692 0.389154 1.52203
-0.0284701 0.106252 0.248968 -0.748744 0.789052 -1.24978
# x y Real Imaginary Modulus Phase <-> f = 0 s = 7
-0.109996 0.000959919 0.770803 -0.0854474 0.775525 -0.110404
-0.102346 -0.0403151 -0.622869 0.355608 0.717233 2.62283
-0.0797912 -0.075719 0.35263 -0.2013 0.406041 -0.518711
-0.0456163 -0.100096 -0.124405 0.089622 0.153326 2.5173
-0.00479813 -0.109895 0.0116306 -0.0376388 0.0393948 -1.2711
0.0367188 -0.103691 0.00964248 0.00465104 0.0107056 0.449427
0.0728882 -0.0823851 -0.0251134 0.00555768 0.025721 2.9238
0.0984428 -0.0490818 0.0105467 0.0115651 0.015652 0.831421
0.109661 -0.0086305 -0.0187138 0.0157393 0.0244527 2.44231
0.104909 0.0330776 0.00720917 -0.00602069 0.00939259 -0.695806
0.0848787 0.0699686 -0.0261015 -0.0122114 0.0288168 -2.704
0.0524875 0.0966699 0.0571333 0.0500193 0.0759351 0.719104
0.0124524 0.109293 -0.0738525 -0.17325 0.188334 -1.97375
-0.0293962 0.105999 0.00149175 0.461683 0.461685 1.56757
-0.0669638 0.0872689 0.162129 -0.780037 0.796708 -1.36587
# x y Real Imaginary Modulus Phase <-> f = 0 s = 8
-0.10199 -0.0412067 0.730825 -0.160292 0.748197 -0.215911
-0.0791274 -0.0764124 -0.62825 0.315959 0.703227 2.67561
-0.044741 -0.10049 0.262146 -0.174065 0.314673 -0.586153
-0.00383894 -0.109933 -0.0304299 0.0893283 0.0943691 1.89912
0.0376222 -0.103366 -0.0161104 -0.0236003 0.0285748 -2.16977
0.0736044 -0.0817459 0.026063 -0.00934916 0.0276891 -0.344417
0.0988673 -0.0482208 -0.0337426 0.00597433 0.0342674 2.96635
0.109732 -0.00767321 0.00734218 0.00745591 0.0104641 0.793083
0.104616 0.0339919 -0.0186333 0.0175995 0.0256309 2.38472
0.0842649 0.0707066 0.0133721 -0.00600535 0.0146587 -0.422102
0.0516419 0.0971242 -0.0305303 -0.00824856 0.0316249 -2.87772
0.0114981 0.109397 0.056547 0.0642877 0.0856182 0.849371
-0.0303201 0.105739 -0.068425 -0.23254 0.242398 -1.85697
-0.0677228 0.0866812 0.0700762 0.527249 0.531885 1.43866
-0.0952628 0.055 0.0725084 -0.755283 0.758756 -1.47509
# x y Real Imaginary Modulus Phase <-> f = 0 s = 9
-0.0784575 -0.0771 0.874455 -0.0603796 0.876537 -0.0689388
-0.0438624 -0.100877 -0.508382 0.14701 0.52921 2.8601
-0.00287946 -0.109962 0.117816 -0.129283 0.174914 -0.83177
0.0385228 -0.103034 0.0087126 0.0591164 0.0597549 1.42447
0.0743149 -0.0811005 -0.0204358 -0.00429662 0.0208826 -2.93436
0.0992844 -0.0473562 0.0302759 -0.0205155 0.036572 -0.595546
0.109795 -0.00671534 -0.0302834 0.00363336 0.0305006 3.02219
0.104316 0.0349035 0.0098778 0.0118668 0.0154399 0.876614
0.0836447 0.0714393 -0.013211 0.0117077 0.0176522 2.41645
0.0507923 0.0975712 0.0180178 0.000597117 0.0180277 0.0331282
0.010543 0.109494 -0.0278978 -0.023009 0.0361621 -2.45193
-0.0312417 0.10547 0.0389832 0.111004 0.11765 1.23306
-0.0684766 0.0860869 -0.0687384 -0.301281 0.309023 -1.79511
-0.0957391 0.0541666 0.0731906 0.602033 0.606466 1.44982
-0.109059 0.0143579 0.00181433 -0.806624 0.806626 -1.56855
# x y Real Imaginary Modulus Phase <-> f = 0 s = 10
-0.0429804 -0.101256 0.895861 0.14228 0.907089 0.157504
-0.00191976 -0.109983 -0.349397 0.108659 0.365903 2.84008
0.0394205 -0.102694 0.0795658 -0.111456 0.136942 -0.950816
0.0750198 -0.0804489 0.000847408 0.0551978 0.0552043 1.55545
0.0996939 -0.046488 -0.0160805 -0.00707012 0.0175662 -2.72736
0.109849 -0.00575696 0.0279313 -0.0106237 0.0298835 -0.363454
0.104007 0.0358125 -0.0248984 -0.00140827 0.0249382 -3.08509
0.0830181 0.0721665 0.0147729 0.0132021 0.0198125 0.729308
0.049939 0.0980107 -0.00850847 0.00106279 0.00857459 3.01733
0.00958713 0.109581 0.0104562 0.00793984 0.0131291 0.649454
-0.0321609 0.105194 -0.00879653 -0.0409802 0.0419137 -1.78224
-0.0692252 0.0854861 0.0237437 0.129708 0.131863 1.38975
-0.0962082 0.0533291 -0.0335113 -0.304357 0.306197 -1.68046
-0.10918 0.0134056 0.0359847 0.598928 0.600008 1.51079
-0.106252 -0.0284701 0.130022 -0.791918 0.802521 -1.40806
# x y Real Imaginary Modulus Phase <-> f = 0 s = 11
-0.000959919 -0.109996 0.764619 0.223832 0.796707 0.28478
0.0403151 -0.102346 -0.318374 0.0870009 0.330048 2.87484
0.075719 -0.0797912 0.0999905 -0.113669 0.151389 -0.849331
0.100096 -0.0456163 -0.00702457 0.0708832 0.0712305 1.66957
0.109895 -0.00479813 -0.00570958 -0.0345092 0.0349783 -1.73476
0.103691 0.0367188 0.00258311 0.0118816 0.0121591 1.35672
0.0823851 0.0728882 -0.00829921 -0.000768183 0.00833469 -3.04929
0.0490818 0.0984428 0.0115371 0.00475597 0.012479 0.391007
0.0086305 0.109661 -0.00356952 -0.000650893 0.00362838 -2.96123
-0.0330776 0.104909 0.00369621 0.00750794 0.00836846 1.11332
-0.0699686 0.0848787 -0.00705475 -0.0400181 0.0406351 -1.74529
-0.0966699 0.0524875 0.0219431 0.104948 0.107217 1.36468
-0.109293 0.0124524 -0.0478382 -0.235899 0.2407 -1.77087
-0.105999 -0.0293962 -0.00255985 0.423723 0.423731 1.57684
-0.0872689 -0.0669638 0.300867 -0.676559 0.740441 -1.15236
# x y Real Imaginary Modulus Phase <-> f = 0 s = 12
0.0412067 -0.10199 0.823481 0.212447 0.850443 0.252481
0.0764124 -0.0791274 -0.424649 0.0948883 0.435121 2.92175
0.10049 -0.044741 0.174252 -0.147186 0.228095 -0.701393
0.109933 -0.00383894 -0.073455 0.0978598 0.122361 2.21469
0.103366 0.0376222 0.0346255 -0.0457076 0.057342 -0.922484
0.0817459 0.0736044 -0.0159997 0.0130238 0.0206303 2.45837
0.0482208 0.0988673 0.000451846 -0.00145351 0.00152212 -1.2694
0.00767321 0.109732 0.00495173 9.98702e-05 0.00495274 0.020166
-0.0339919 0.104616 -0.000357888 -0.000351607 0.000501708 -2.36505
-0.0707066 0.0842649 0.00867202 0.00334849 0.00929604 0.368489
-0.0971242 0.0516419 -0.0213682 -0.014654 0.0259103 -2.54047
-0.109397 0.0114981 0.0564645 0.0438025 0.0714625 0.659781
-0.105739 -0.0303201 -0.0777123 -0.10831 0.133305 -2.19317
-0.0866812 -0.0677228 0.0190734 0.280109 0.280758 1.50281
-0.055 -0.0952628 0.286019 -0.503993 0.579496 -1.05461
# x y Real Imaginary Modulus Phase <-> f = 0 s = 13
0.0771 -0.0784575 0.95918 0.0358662 0.959851 0.0373751
0.100877 -0.0438624 -0.585462 0.234115 0.630536 2.76119
0.109962 -0.00287946 0.339766 -0.218984 0.404222 -0.572508
0.103034 0.0385228 -0.184003 0.101704 0.21024 2.63666
0.0811005 0.0743149 0.0846103 -0.0268331 0.0887632 -0.307104
0.0473562 0.0992844 -0.0294406 -0.00199922 0.0295084 -3.07379
0.00671534 0.109795 0.00453608 -0.0029603 0.00541659 -0.578208
-0.0349035 0.104316 0.00304288 0.00338964 0.00455508 0.839253
-0.0714393 0.0836447 0.000412847 0.0107539 0.0107618 1.53242
-0.0975712 0.0507923 0.00338805 -0.00927633 0.00987569 -1.22061
-0.109494 0.010543 -0.0189707 0.00949702 0.0212151 2.67745
-0.10547 -0.0312417 0.0469645 0.00408754 0.0471421 0.0868158
-0.0860869 -0.0684766 -0.067018 -0.0704514 0.0972359 -2.33122
-0.0541666 -0.0957391 0.0181424 0.2343 0.235002 1.49352
-0.0143579 -0.109059 0.315244 -0.528549 0.615421 -1.033
# x y Real Imaginary Modulus Phase <-> f = 0 s = 14
0.101256 -0.0429804 0.74147 -0.102318 0.748496 -0.137127
0.109983 -0.00191976 -0.582072 0.454218 0.738324 2.47895
0.102694 0.0394205 0.42151 -0.300949 0.51792 -0.620046
0.0804489 0.0750198 -0.212899 0.119747 0.244265 2.62923
0.046488 0.0996939 0.0902873 -0.042095 0.0996182 -0.436271
0.00575696 0.109849 -0.0228257 0.0183718 0.0293008 2.46389
-0.0358125 0.104007 -0.00132873 -0.0111385 0.0112175 -1.68953
-0.0721665 0.0830181 0.00810542 0.0110295 0.0136875 0.937037
-0.0980107 0.049939 -0.0105988 0.0181865 0.0210496 2.09846
-0.109581 0.00958713 0.00107003 -0.025849 0.0258711 -1.52942
-0.105194 -0.0321609 -0.00317249 0.023246 0.0234615 1.70643
-0.0854861 -0.0692252 0.0335022 0.00243387 0.0335905 0.0725205
-0.0533291 -0.0962082 -0.0678879 -0.0786516 0.103898 -2.28287
-0.0134056 -0.10918 -0.00375072 0.305939 0.305962 1.58306
0.0284701 -0.106252 0.320402 -0.731367 0.798471 -1.15789
# x y Real Imaginary Modulus Phase <-> f = 0 s = 15
0.109996 -0.000959919 0.653367 0.00942901 0.653435 0.0144304
0.102346 0.0403151 -0.537049 0.444083 0.696872 2.45067
0.0797912 0.075719 0.356593 -0.280561 0.453733 -0.666629
0.0456163 0.100096 -0.157834 0.13091 0.205058 2.44917
0.00479813 0.109895 0.0399416 -0.0526316 0.0660712 -0.92163
-0.0367188 0.103691 -0.000521212 0.0212892 0.0212956 1.59527
-0.0728882 0.0823851 -0.0113319 -0.0059889 0.0128171 -2.6554
-0.0984428 0.0490818 0.00532257 0.0129959 0.0140437 1.18208
-0.109661 0.0086305 -0.0177525 0.0191367 0.0261029 2.31869
-0.104909 -0.0330776 -6.27525e-05 -0.0360025 0.0360026 -1.57254
-0.0848787 -0.0699686 -0.00162662 0.0211376 0.0212001 1.6476
-0.0524875 -0.0966699 0.050763 0.0153479 0.0530324 0.293606
-0.0124524 -0.109293 -0.0733942 -0.144 0.161625 -2.04216
0.0293962 -0.105999 -0.00391056 0.479843 0.479859 1.57895
0.0669638 -0.0872689 0.0697495 -0.795124 0.798178 -1.4833
