# x y Real Imaginary Modulus Phase <-> f = 0 s = 0
0.10199 0.0412067 0.732678 -0.037078 0.733616 -0.0505629
0.0791274 0.0764124 -0.573249 0.330353 0.661625 2.61879
0.044741 0.10049 0.295504 -0.224037 0.370831 -0.648698
0.00383894 0.109933 -0.0950458 0.105226 0.141796 2.30541
-0.0376222 0.103366 0.0147518 -0.0487771 0.050959 -1.27711
-0.0736044 0.0817459 0.00387084 0.0118515 0.0124677 1.25511
-0.0988673 0.0482208 -0.0201595 0.00353287 0.0204667 2.96811
-0.109732 0.00767321 -2.9851e-05 0.00673295 0.00673301 1.57523
-0.104616 -0.0339919 -0.016554 0.0186853 0.0249635 2.29579
-0.0842649 -0.0707066 0.00326396 -0.0370922 0.0372355 -1.48303
-0.0516419 -0.0971242 -0.0176379 0.00302311 0.0178951 2.97184
-0.0114981 -0.109397 0.0537554 0.0651609 0.0844723 0.881018
0.0303201 -0.105739 -0.0466605 -0.281721 0.285559 -1.73493
0.0677228 -0.0866812 0.124853 0.64555 0.657513 1.37975
0.0952628 -0.055 -0.015949 -0.638983 0.639182 -1.59575
# x y Real Imaginary Modulus Phase <-> f = 0 s = 1
0.0784575 0.0771 0.819716 -0.0857535 0.824189 -0.104235
0.0438624 0.100877 -0.578844 0.265403 0.636789 2.71169
0.00287946 0.109962 0.235702 -0.170532 0.290924 -0.62633
-0.0385228 0.103034 -0.057841 0.101274 0.116627 2.08972
-0.0743149 0.0811005 0.00357043 -0.0441823 0.0443263 -1.49016
-0.0992844 0.0473562 0.00629623 0.00960505 0.0114848 0.990556
-0.109795 0.00671534 -0.0206445 0.00639227 0.0216115 2.84132
-0.104316 -0.0349035 0.00353709 0.00963827 0.0102668 1.21907
-0.0836447 -0.0714393 -0.018369 0.0163216 0.0245727 2.41515
-0.0507923 -0.0975712 0.00287908 -0.00880313 0.00926198 -1.25471
-0.010543 -0.109494 -0.0244429 -0.0315555 0.039915 -2.22986
0.0312417 -0.10547 0.0114214 0.141034 0.141496 1.48999
0.0684766 -0.0860869 -0.0507638 -0.393858 0.397116 -1.69898
0.0957391 -0.0541666 0.190194 0.634129 0.662037 1.2794
0.109059 -0.0143579 0.0336429 -0.685805 0.68663 -1.52178
# x y Real Imaginary Modulus Phase <-> f = 0 s = 2
0.0429804 0.101256 0.882474 -0.0780099 0.885915 -0.0881699
0.00191976 0.109983 -0.527392 0.179702 0.557167 2.81319
-0.0394205 0.102694 0.188244 -0.172181 0.255112 -0.740861
-0.0750198 0.0804489 -0.0408163 0.0949956 0.103393 1.97661
-0.0996939 0.046488 0.0054914 -0.0437962 0.0441392 -1.44606
-0.109849 0.00575696 0.0102515 0.0130368 0.0165847 0.904434
-0.104007 -0.0358125 -0.0135216 0.00013787 0.0135223 3.1314
-0.0830181 -0.0721665 0.0114607 0.0112064 0.0160291 0.774181
-0.049939 -0.0980107 -0.00745534 0.0116685 0.0138468 2.13935
-0.00958713 -0.109581 0.00436698 0.0109964 0.0118318 1.19277
0.0321609 -0.105194 0.00862929 -0.0553175 0.0559866 -1.41605
0.0692252 -0.0854861 0.00655478 0.174816 0.174939 1.53332
0.0962082 -0.0533291 -0.0847563 -0.361146 0.370958 -1.80131
0.10918 -0.0134056 0.101097 0.570774 0.579658 1.39549
0.106252 0.0284701 0.0993246 -0.777806 0.784122 -1.44379
# x y Real Imaginary Modulus Phase <-> f = 0 s = 3
0.000959919 0.109996 0.907908 0.0124489 0.907994 0.0137108
-0.0403151 0.102346 -0.484303 0.191421 0.52076 2.76519
-0.075719 0.0797912 0.176427 -0.163396 0.240468 -0.74707
-0.100096 0.0456163 -0.047041 0.0994484 0.110013 2.01263
-0.109895 0.00479813 0.00169627 -0.0431085 0.0431419 -1.53147
-0.103691 -0.0367188 0.00522062 0.0210251 0.0216635 1.32741
-0.0823851 -0.0728882 -0.00667211 -0.0060549 0.00900993 -2.40465
-0.0490818 -0.0984428 0.0116563 0.00365007 0.0122144 0.303469
-0.0086305 -0.109661 -0.00409842 0.00186202 0.00450157 2.71515
0.0330776 -0.104909 -0.00584735 0.0101993 0.0117565 2.09136
0.0699686 -0.0848787 0.00477785 -0.0687553 0.0689211 -1.50142
0.0966699 -0.0524875 0.0401758 0.1544 0.159541 1.31624
0.109293 -0.0124524 -0.0794997 -0.285614 0.296472 -1.84227
0.105999 0.0293962 0.0417429 0.527482 0.529131 1.49182
0.0872689 0.0669638 0.154682 -0.794969 0.809878 -1.37862
# x y Real Imaginary Modulus Phase <-> f = 0 s = 4
-0.0412067 0.10199 0.885621 -0.00729396 0.885651 -0.0082358
-0.0764124 0.0791274 -0.479162 0.171864 0.509051 2.79721
-0.10049 0.044741 0.198434 -0.166572 0.25908 -0.698328
-0.109933 0.00383894 -0.0650455 0.102083 0.121045 2.13811
-0.103366 -0.0376222 0.0222351 -0.0479133 0.0528212 -1.1363
-0.0817459 -0.0736044 -0.0085731 0.0178116 0.0197675 2.01939
-0.0482208 -0.0988673 -0.000401478 -0.00140645 0.00146263 -1.84886
-0.00767321 -0.109732 0.0105328 -0.00131205 0.0106142 -0.12393
0.0339919 -0.104616 -0.00460864 -0.00141033 0.00481961 -2.84462
0.0707066 -0.0842649 0.00681806 0.019113 0.0202927 1.22814
0.0971242 -0.0516419 -0.0264572 -0.0418553 0.0495161 -2.13449
0.109397 -0.0114981 0.0485321 0.0922891 0.104272 1.08667
0.105739 0.0303201 -0.065192 -0.210575 0.220435 -1.87103
0.0866812 0.0677228 0.00591923 0.440029 0.440069 1.55735
0.055 0.0952628 0.235523 -0.740731 0.777273 -1.26294
# x y Real Imaginary Modulus Phase <-> f = 0 s = 5
-0.0771 0.0784575 0.91137 -0.0194653 0.911577 -0.021355
-0.100877 0.0438624 -0.555848 0.214934 0.595956 2.77262
-0.109962 0.00287946 0.267049 -0.207908 0.338439 -0.661518
-0.103034 -0.0385228 -0.128385 0.114538 0.172051 2.41313
-0.0811005 -0.0743149 0.055676 -0.0420452 0.0697683 -0.646805
-0.0473562 -0.0992844 -0.0166971 0.00840533 0.0186934 2.67523
-0.00671534 -0.109795 -0.00168444 -0.00206562 0.00266536 -2.25489
0.0349035 -0.104316 0.0134156 0.0046959 0.0142137 0.336705
0.0714393 -0.0836447 -0.0132156 -0.00311859 0.0135785 -2.90985
0.0975712 -0.0507923 0.0180941 0.00482323 0.0187259 0.260506
0.109494 -0.010543 -0.0295336 -0.0204563 0.0359263 -2.53582
0.10547 0.0312417 0.0574592 0.0626314 0.0849956 0.82844
0.0860869 0.0684766 -0.0824862 -0.174417 0.192938 -2.01255
0.0541666 0.0957391 0.0325869 0.404999 0.406308 1.49051
0.0143579 0.109059 0.204725 -0.727336 0.755599 -1.29642
# x y Real Imaginary Modulus Phase <-> f = 0 s = 6
-0.101256 0.0429804 0.849578 -0.0475975 0.850911 -0.0559664
-0.109983 0.00191976 -0.558506 0.309124 0.638346 2.63608
-0.102694 -0.0394205 0.329316 -0.235749 0.405002 -0.621302
-0.0804489 -0.0750198 -0.147558 0.102703 0.179782 2.53354
-0.046488 -0.0996939 0.0487219 -0.0399613 0.0630138 -0.686932
-0.00575696 -0.109849 -0.000154485 0.0135744 0.0135753 1.58218
0.0358125 -0.104007 -0.010746 0.00557459 0.0121059 2.66305
0.0721665 -0.0830181 0.0172675 0.0132452 0.0217624 0.65433
0.0980107 -0.049939 -0.0185079 0.00965103 0.0208731 2.66093
0.109581 -0.00958713 0.0108298 -0.00526194 0.0120405 -0.452285
0.105194 0.0321609 -0.0292918 -0.0130946 0.0320855 -2.7212
0.0854861 0.0692252 0.0604716 0.0486581 0.0776171 0.677566
0.0533291 0.0962082 -0.0808564 -0.157456 0.177004 -2.0452
0.0134056 0.10918 0.0268053 0.39362 0.394531 1.5028
-0.0284701 0.106252 0.240521 -0.750318 0.787926 -1.26059
# x y Real Imaginary Modulus Phase <-> f = 0 s = 7
-0.109996 0.000959919 0.766318 -0.0806963 0.770556 -0.104917
-0.102346 -0.0403151 -0.618639 0.358291 0.714903 2.61664
-0.0797912 -0.075719 0.352272 -0.200995 0.405579 -0.518497
-0.0456163 -0.100096 -0.121792 0.0898904 0.151373 2.50578
-0.00479813 -0.109895 0.00799777 -0.0377478 0.0385858 -1.36201
0.0367188 -0.103691 0.0100108 0.00324139 0.0105225 0.313135
0.0728882 -0.0823851 -0.028769 0.00659414 0.029515 2.91627
0.0984428 -0.0490818 0.00936902 0.00942244 0.0132876 0.788241
0.109661 -0.0086305 -0.0211088 0.0166448 0.0268817 2.47389
0.104909 0.0330776 0.00725127 -0.00585279 0.00931859 -0.679079
0.0848787 0.0699686 -0.0249126 -0.0111994 0.0273142 -2.71912
0.0524875 0.0966699 0.0592382 0.0523142 0.0790313 0.723409
0.0124524 0.109293 -0.0796075 -0.174112 0.191448 -1.99964
-0.0293962 0.105999 0.00830565 0.461583 0.461658 1.5528
-0.0669638 0.0872689 0.158915 -0.772858 0.789027 -1.368
# x y Real Imaginary Modulus Phase <-> f = 0 s = 8
-0.10199 -0.0412067 0.729733 -0.151816 0.745358 -0.205118
-0.0791274 -0.0764124 -0.624575 0.318924 0.701289 2.66948
-0.044741 -0.10049 0.263384 -0.177283 0.317491 -0.59244
-0.00383894 -0.109933 -0.0289101 0.0878383 0.0924736 1.88876
0.0376222 -0.103366 -0.0163058 -0.0191034 0.0251161 -2.27735
0.0736044 -0.0817459 0.0277843 -0.01512 0.031632 -0.498373
0.0988673 -0.0482208 -0.0361845 0.00628191 0.0367257 2.9697
0.109732 -0.00767321 0.00637806 0.00364771 0.00734748 0.519513
0.104616 0.0339919 -0.0217279 0.0183591 0.0284457 2.44003
0.0842649 0.0707066 0.012964 -0.00513525 0.0139441 -0.377153
0.0516419 0.0971242 -0.0323363 -0.00777213 0.0332572 -2.90571
0.0114981 0.109397 0.0586743 0.0649871 0.0875557 0.836403
-0.0303201 0.105739 -0.0717189 -0.235685 0.246356 -1.86619
-0.0677228 0.0866812 0.0768203 0.528381 0.533936 1.42642
-0.0952628 0.055 0.0692379 -0.747856 0.751055 -1.47848
# x y Real Imaginary Modulus Phase <-> f = 0 s = 9
-0.0784575 -0.0771 0.871052 -0.0606525 0.873161 -0.0695192
-0.0438624 -0.100877 -0.509199 0.152979 0.531683 2.84974
-0.00287946 -0.109962 0.117661 -0.129981 0.175326 -0.835108
0.0385228 -0.103034 0.00653773 0.0575287 0.057899 1.45764
0.0743149 -0.0811005 -0.0159629 0.00115865 0.0160049 3.06914
0.0992844 -0.0473562 0.0341389 -0.0282384 0.0443043 -0.691084
0.109795 -0.00671534 -0.0324794 0.00410137 0.0327373 3.01598
0.104316 0.0349035 0.00870997 0.00892414 0.0124701 0.797543
0.0836447 0.0714393 -0.0160408 0.0129583 0.0206209 2.46209
0.0507923 0.0975712 0.0174511 0.00140976 0.017508 0.0806081
0.010543 0.109494 -0.0307492 -0.0236122 0.0387692 -2.48674
-0.0312417 0.10547 0.0411317 0.111361 0.118714 1.21698
-0.0684766 0.0860869 -0.0694667 -0.301323 0.309227 -1.79738
-0.0957391 0.0541666 0.07711 0.601437 0.60636 1.44328
-0.109059 0.0143579 0.00369423 -0.798643 0.798652 -1.56617
# x y Real Imaginary Modulus Phase <-> f = 0 s = 10
-0.0429804 -0.101256 0.893581 0.137403 0.904083 0.152572
-0.00191976 -0.109983 -0.346924 0.111292 0.364338 2.83117
0.0394205 -0.102694 0.0813767 -0.113128 0.139356 -0.947211
0.0750198 -0.0804489 -0.00282861 0.0523803 0.0524567 1.62475
0.0996939 -0.046488 -0.0120252 -0.00346101 0.0125133 -2.86135
0.109849 -0.00575696 0.0293976 -0.0180513 0.0344974 -0.550677
0.104007 0.0358125 -0.0306602 -0.000982811 0.0306759 -3.10955
0.0830181 0.0721665 0.0145637 0.0136826 0.0199829 0.754212
0.049939 0.0980107 -0.00985168 0.00202557 0.0100578 2.93881
0.00958713 0.109581 0.0103396 0.00900291 0.0137099 0.7164
-0.0321609 0.105194 -0.0120458 -0.042671 0.0443387 -1.84593
-0.0692252 0.0854861 0.0287877 0.127067 0.130287 1.348
-0.0962082 0.0533291 -0.0339477 -0.30115 0.303058 -1.68305
-0.10918 0.0134056 0.0397269 0.598688 0.600005 1.50454
-0.106252 -0.0284701 0.127864 -0.788773 0.799069 -1.41009
# x y Real Imaginary Modulus Phase <-> f = 0 s = 11
-0.000959919 -0.109996 0.767928 0.215342 0.79755 0.273397
0.0403151 -0.102346 -0.319975 0.0859921 0.331329 2.87905
0.075719 -0.0797912 0.100534 -0.115256 0.152941 -0.853514
0.100096 -0.0456163 -0.00925432 0.0697227 0.0703342 1.70276
0.109895 -0.00479813 -0.00693271 -0.0312562 0.0320158 -1.78907
0.103691 0.0367188 0.00262973 0.0111206 0.0114273 1.33859
0.0823851 0.0728882 -0.0111144 0.00141922 0.0112046 3.01459
0.0490818 0.0984428 0.0138772 0.00636652 0.0152679 0.430128
0.0086305 0.109661 -0.0039012 -0.000225547 0.00390771 -3.08384
-0.0330776 0.104909 0.00366584 0.00940005 0.0100896 1.19896
-0.0699686 0.0848787 -0.0112252 -0.042365 0.0438269 -1.82981
-0.0966699 0.0524875 0.0248203 0.102537 0.105498 1.3333
-0.109293 0.0124524 -0.0479383 -0.237646 0.242433 -1.76985
-0.105999 -0.0293962 0.00082796 0.426369 0.42637 1.56885
-0.0872689 -0.0669638 0.293165 -0.678075 0.738736 -1.16272
# x y Real Imaginary Modulus Phase <-> f = 0 s = 12
0.0412067 -0.10199 0.821075 0.207866 0.846978 0.247954
0.0764124 -0.0791274 -0.425168 0.096274 0.435931 2.91891
0.10049 -0.044741 0.169277 -0.146381 0.223791 -0.712991
0.109933 -0.00383894 -0.0690619 0.0996306 0.121226 2.17693
0.103366 0.0376222 0.0330648 -0.047449 0.0578333 -0.962189
0.0817459 0.0736044 -0.015276 0.0137713 0.0205671 2.40795
0.0482208 0.0988673 -0.00019993 -0.00125319 0.00126904 -1.729
0.00767321 0.109732 0.00629624 0.000693636 0.00633434 0.109724
-0.0339919 0.104616 0.00061197 0.000109036 0.000621607 0.176321
-0.0707066 0.0842649 0.00850169 0.00404987 0.00941702 0.444558
-0.0971242 0.0516419 -0.0238615 -0.0125437 0.0269577 -2.65761
-0.109397 0.0114981 0.0553847 0.0410912 0.0689634 0.638313
-0.105739 -0.0303201 -0.0779283 -0.107607 0.132861 -2.19757
-0.0866812 -0.0677228 0.0239649 0.280363 0.281385 1.48553
-0.055 -0.0952628 0.282815 -0.510046 0.583208 -1.06451
# x y Real Imaginary Modulus Phase <-> f = 0 s = 13
0.0771 -0.0784575 0.958872 0.0365055 0.959566 0.0380529
0.100877 -0.0438624 -0.581714 0.234684 0.62727 2.75813
0.109962 -0.00287946 0.33608 -0.221638 0.402583 -0.58301
0.103034 0.0385228 -0.182135 0.104802 0.210135 2.61945
0.0811005 0.0743149 0.0852877 -0.030113 0.0904477 -0.339412
0.0473562 0.0992844 -0.0308397 -0.00162821 0.0308826 -3.08885
0.00671534 0.109795 0.00481414 -0.00246155 0.00540696 -0.47266
-0.0349035 0.104316 0.00379556 0.00427907 0.00571985 0.845207
-0.0714393 0.0836447 0.00043807 0.0135597 0.0135668 1.5385
-0.0975712 0.0507923 0.000946863 -0.010864 0.0109052 -1.48386
-0.109494 0.010543 -0.0159614 0.0117896 0.0198434 2.50541
-0.10547 -0.0312417 0.0434601 0.00620258 0.0439005 0.141762
-0.0860869 -0.0684766 -0.065271 -0.0725964 0.0976245 -2.30311
-0.0541666 -0.0957391 0.0180807 0.232956 0.233657 1.49334
-0.0143579 -0.109059 0.312688 -0.531754 0.616876 -1.03922
# x y Real Imaginary Modulus Phase <-> f = 0 s = 14
0.101256 -0.0429804 0.743816 -0.0989396 0.750368 -0.13224
0.109983 -0.00191976 -0.577722 0.45093 0.732871 2.47884
0.102694 0.0394205 0.4175 -0.303768 0.516315 -0.629003
0.0804489 0.0750198 -0.210899 0.121625 0.243456 2.61848
0.046488 0.0996939 0.0907714 -0.0453356 0.101463 -0.463206
0.00575696 0.109849 -0.0224481 0.0202764 0.0302498 2.40698
-0.0358125 0.104007 -0.0021132 -0.0108482 0.0110521 -1.76318
-0.0721665 0.0830181 0.00718289 0.0118265 0.0138369 1.02499
-0.0980107 0.049939 -0.0125 0.0195708 0.0232221 2.13919
-0.109581 0.00958713 -0.00137128 -0.0303984 0.0304293 -1.61588
-0.105194 -0.0321609 0.00450812 0.0241302 0.0245477 1.3861
-0.0854861 -0.0692252 0.0301042 0.00376256 0.0303384 0.12434
-0.0533291 -0.0962082 -0.0681436 -0.0826225 0.107098 -2.26045
-0.0134056 -0.10918 -0.00402931 0.307769 0.307796 1.58389
0.0284701 -0.106252 0.321907 -0.731937 0.799598 -1.15646
# x y Real Imaginary Modulus Phase <-> f = 0 s = 15
0.109996 -0.000959919 0.659975 0.0105451 0.660059 0.0159767
0.102346 0.0403151 -0.531913 0.442154 0.691687 2.44808
0.0797912 0.075719 0.354055 -0.283707 0.453701 -0.675537
0.0456163 0.100096 -0.157113 0.135773 0.207651 2.42893
0.00479813 0.109895 0.0403909 -0.0534293 0.0669784 -0.923485
-0.0367188 0.103691 -0.000513625 0.0225138 0.0225197 1.59361
-0.0728882 0.0823851 -0.0132703 -0.00496329 0.0141681 -2.78369
-0.0984428 0.0490818 0.00292702 0.0113776 0.0117481 1.319
-0.109661 0.0086305 -0.0185772 0.0188885 0.0264932 2.34789
-0.104909 -0.0330776 -0.00106525 -0.0414465 0.0414602 -1.59649
-0.0848787 -0.0699686 0.00677926 0.0203801 0.021478 1.24967
-0.0524875 -0.0966699 0.0469964 0.0155402 0.0494991 0.319351
-0.0124524 -0.109293 -0.0764975 -0.141602 0.160944 -2.06611
0.0293962 -0.105999 -0.00381328 0.479337 0.479352 1.57875
0.0669638 -0.0872689 0.0742581 -0.79359 0.797056 -1.4775
