# x y Real Imaginary Modulus Phase <-> f = 0 s = 0
0.10199 0.0412067 0.725926 -0.0584981 0.72828 -0.0804103
0.0791274 0.0764124 -0.589905 0.326266 0.67412 2.63639
0.044741 0.10049 0.297116 -0.210117 0.363905 -0.615535
0.00383894 0.109933 -0.0919711 0.0969327 0.133621 2.32994
-0.0376222 0.103366 0.0148905 -0.0451016 0.0474961 -1.25191
-0.0736044 0.0817459 0.000984311 0.012253 0.0122925 1.49064
-0.0988673 0.0482208 -0.0191036 0.0068503 0.0202947 2.79729
-0.109732 0.00767321 0.00326113 0.00924713 0.00980532 1.23175
-0.104616 -0.0339919 -0.0223976 0.0194304 0.0296512 2.42702
-0.0842649 -0.0707066 0.0105316 -0.0306703 0.0324281 -1.24003
-0.0516419 -0.0971242 -0.0240007 0.00460957 0.0244393 2.95184
-0.0114981 -0.109397 0.051249 0.0670069 0.0843587 0.917871
0.0303201 -0.105739 -0.0477123 -0.282264 0.286269 -1.73825
0.0677228 -0.0866812 0.118656 0.650526 0.661259 1.39038
0.0952628 -0.055 -0.0350681 -0.644304 0.645257 -1.62517
# x y Real Imaginary Modulus Phase <-> f = 0 s = 1
0.0784575 0.0771 0.831676 -0.0932373 0.836886 -0.111642
0.0438624 0.100877 -0.584416 0.24804 0.634875 2.74021
0.00287946 0.109962 0.23294 -0.156336 0.280538 -0.591095
-0.0385228 0.103034 -0.0564694 0.0928979 0.108714 2.11698
-0.0743149 0.0811005 0.00506279 -0.0377516 0.0380896 -1.43748
-0.0992844 0.0473562 0.00107692 0.00854037 0.008608 1.44536
-0.109795 0.00671534 -0.0186892 0.00834117 0.0204661 2.72181
-0.104316 -0.0349035 0.00695161 0.0136525 0.0153204 1.09983
-0.0836447 -0.0714393 -0.0187381 0.0163823 0.0248897 2.42317
-0.0507923 -0.0975712 0.00927598 -0.00561333 0.0108422 -0.544196
-0.010543 -0.109494 -0.02228 -0.0309655 0.0381479 -2.1945
0.0312417 -0.10547 0.0100354 0.137416 0.137782 1.4979
0.0684766 -0.0860869 -0.0397126 -0.390619 0.392632 -1.67211
0.0957391 -0.0541666 0.180653 0.647731 0.672451 1.29881
0.109059 -0.0143579 0.0187495 -0.702323 0.702573 -1.54411
# x y Real Imaginary Modulus Phase <-> f = 0 s = 2
0.0429804 0.101256 0.904402 -0.0638897 0.906656 -0.0705258
0.00191976 0.109983 -0.525125 0.157457 0.548223 2.85028
-0.0394205 0.102694 0.185697 -0.158149 0.243915 -0.705451
-0.0750198 0.0804489 -0.0410246 0.0886019 0.0976387 2.00443
-0.0996939 0.046488 0.00508912 -0.0408178 0.0411338 -1.44676
-0.109849 0.00575696 0.00611656 0.00850362 0.0104749 0.947242
-0.104007 -0.0358125 -0.0121252 0.00170757 0.0122448 3.00168
-0.0830181 -0.0721665 0.0139247 0.0122148 0.0185229 0.720077
-0.049939 -0.0980107 -0.00654214 0.00865486 0.0108492 2.21806
-0.00958713 -0.109581 0.00522792 0.0108783 0.0120694 1.1228
0.0321609 -0.105194 0.00699846 -0.0542518 0.0547013 -1.44251
0.0692252 -0.0854861 0.00465501 0.170155 0.170219 1.54345
0.0962082 -0.0533291 -0.0762795 -0.357396 0.365446 -1.78107
0.10918 -0.0134056 0.0865188 0.578051 0.58449 1.42223
0.106252 0.0284701 0.100197 -0.792313 0.798624 -1.445
# x y Real Imaginary Modulus Phase <-> f = 0 s = 3
0.000959919 0.109996 0.920323 0.0406244 0.921219 0.0441129
-0.0403151 0.102346 -0.480042 0.166817 0.508201 2.80714
-0.075719 0.0797912 0.172672 -0.14917 0.228183 -0.712505
-0.100096 0.0456163 -0.0468666 0.0901397 0.101595 2.05026
-0.109895 0.00479813 0.00317949 -0.0399165 0.0400429 -1.49131
-0.103691 -0.0367188 0.00340246 0.0168498 0.0171899 1.37155
-0.0823851 -0.0728882 -0.00694356 -0.00443582 0.00823951 -2.5731
-0.0490818 -0.0984428 0.0109255 0.00331512 0.0114174 0.294601
-0.0086305 -0.109661 -0.00285179 0.000211839 0.00285965 3.06745
0.0330776 -0.104909 -0.0059977 0.0106759 0.0122453 2.08265
0.0699686 -0.0848787 0.00578865 -0.0685647 0.0688086 -1.48657
0.0966699 -0.0524875 0.0387783 0.149192 0.15415 1.3165
0.109293 -0.0124524 -0.0693466 -0.278905 0.287397 -1.81449
0.105999 0.0293962 0.0271432 0.524607 0.525308 1.5191
0.0872689 0.0669638 0.177778 -0.801801 0.821273 -1.3526
# x y Real Imaginary Modulus Phase <-> f = 0 s = 4
-0.0412067 0.10199 0.895687 0.0245135 0.896022 0.0273615
-0.0764124 0.0791274 -0.476448 0.148247 0.498979 2.83994
-0.10049 0.044741 0.197494 -0.153299 0.250009 -0.660073
-0.109933 0.00383894 -0.0633651 0.0943283 0.113635 2.16231
-0.103366 -0.0376222 0.0222172 -0.0433116 0.0486776 -1.09683
-0.0817459 -0.0736044 -0.00860962 0.0143494 0.0167341 2.11122
-0.0482208 -0.0988673 -0.000530163 -0.000184798 0.000561447 -2.80619
-0.00767321 -0.109732 0.00904979 -0.00175438 0.00921827 -0.191484
0.0339919 -0.104616 -0.00235049 -0.000953501 0.00253653 -2.75622
0.0707066 -0.0842649 0.00514468 0.0177022 0.0184347 1.28796
0.0971242 -0.0516419 -0.0238721 -0.0398204 0.0464278 -2.11084
0.109397 -0.0114981 0.044087 0.0871754 0.0976894 1.10258
0.105739 0.0303201 -0.055604 -0.203516 0.210975 -1.8375
0.0866812 0.0677228 -0.00962564 0.430106 0.430214 1.59317
0.055 0.0952628 0.263352 -0.733005 0.778878 -1.22588
# x y Real Imaginary Modulus Phase <-> f = 0 s = 5
-0.0771 0.0784575 0.928842 0.00391546 0.92885 0.0042154
-0.100877 0.0438624 -0.559171 0.197636 0.593071 2.80185
-0.109962 0.00287946 0.264648 -0.19406 0.328173 -0.632711
-0.103034 -0.0385228 -0.126247 0.107929 0.166093 2.43426
-0.0811005 -0.0743149 0.0567861 -0.0375287 0.0680667 -0.583984
-0.0473562 -0.0992844 -0.0147685 0.004884 0.0155551 2.82221
-0.00671534 -0.109795 -0.00196076 -0.00122997 0.0023146 -2.58135
0.0349035 -0.104316 0.012248 0.00415348 0.0129331 0.326944
0.0714393 -0.0836447 -0.00911381 -0.000912056 0.00915933 -3.04185
0.0975712 -0.0507923 0.015085 0.00532069 0.0159959 0.33909
0.109494 -0.010543 -0.0262635 -0.0196726 0.0328144 -2.4987
0.10547 0.0312417 0.0520733 0.0595782 0.0791277 0.852514
0.0860869 0.0684766 -0.0723087 -0.168145 0.183033 -1.97693
0.0541666 0.0957391 0.0157421 0.3926 0.392915 1.53072
0.0143579 0.109059 0.234036 -0.715699 0.752993 -1.25475
# x y Real Imaginary Modulus Phase <-> f = 0 s = 6
-0.101256 0.0429804 0.869441 -0.0503127 0.870896 -0.0578034
-0.109983 0.00191976 -0.570153 0.29728 0.643001 2.66097
-0.102694 -0.0394205 0.331423 -0.224804 0.400472 -0.596013
-0.0804489 -0.0750198 -0.147331 0.0970313 0.176413 2.5592
-0.046488 -0.0996939 0.0487967 -0.0356127 0.0604101 -0.630459
-0.00575696 -0.109849 -0.000845775 0.0123233 0.0123523 1.63932
0.0358125 -0.104007 -0.0126005 0.00336667 0.0130425 2.88051
0.0721665 -0.0830181 0.0160251 0.0141057 0.0213489 0.721779
0.0980107 -0.049939 -0.0141634 0.0117599 0.0184092 2.44865
0.109581 -0.00958713 0.00576673 -0.00144772 0.00594568 -0.245964
0.105194 0.0321609 -0.026043 -0.0105505 0.0280989 -2.75668
0.0854861 0.0692252 0.0544018 0.0485553 0.0729189 0.728672
0.0533291 0.0962082 -0.0721213 -0.150746 0.16711 -2.01704
0.0134056 0.10918 0.0102039 0.381097 0.381233 1.54403
-0.0284701 0.106252 0.266756 -0.744376 0.790731 -1.22669
# x y Real Imaginary Modulus Phase <-> f = 0 s = 7
-0.109996 0.000959919 0.776232 -0.0918953 0.781653 -0.117838
-0.102346 -0.0403151 -0.631466 0.354148 0.723996 2.63047
-0.0797912 -0.075719 0.352982 -0.190828 0.401262 -0.495611
-0.0456163 -0.100096 -0.119102 0.0868279 0.147392 2.51165
-0.00479813 -0.109895 0.0102349 -0.0393965 0.0407043 -1.31662
0.0367188 -0.103691 0.0107751 0.00484742 0.0118153 0.422747
0.0728882 -0.0823851 -0.0287518 0.0026162 0.0288706 3.05085
0.0984428 -0.0490818 0.0087867 0.0120376 0.0149033 0.940257
0.109661 -0.0086305 -0.0164154 0.0168784 0.0235445 2.34229
0.104909 0.0330776 0.00101623 -0.00330669 0.00345932 -1.27263
0.0848787 0.0699686 -0.0239506 -0.0124654 0.0270003 -2.66171
0.0524875 0.0966699 0.0528996 0.048766 0.0719478 0.744762
0.0124524 0.109293 -0.0693303 -0.168978 0.182648 -1.96014
-0.0293962 0.105999 -0.00642793 0.454914 0.454959 1.58493
-0.0669638 0.0872689 0.175662 -0.783538 0.802988 -1.35025
# x y Real Imaginary Modulus Phase <-> f = 0 s = 8
-0.10199 -0.0412067 0.736279 -0.167919 0.755185 -0.224229
-0.0791274 -0.0764124 -0.635208 0.308248 0.70605 2.6898
-0.044741 -0.10049 0.257496 -0.166783 0.306791 -0.574764
-0.00383894 -0.109933 -0.0289936 0.0902106 0.0947554 1.88177
0.0376222 -0.103366 -0.0217475 -0.0271541 0.0347894 -2.24608
0.0736044 -0.0817459 0.0269058 -0.00711635 0.027831 -0.258571
0.0988673 -0.0482208 -0.0383848 0.00144493 0.0384119 3.10397
0.109732 -0.00767321 0.00495266 0.00961521 0.0108158 1.09515
0.104616 0.0339919 -0.0161137 0.0184468 0.0244935 2.28879
0.0842649 0.0707066 0.0077875 -0.00517728 0.00935144 -0.586723
0.0516419 0.0971242 -0.028295 -0.00960054 0.0298794 -2.81448
0.0114981 0.109397 0.0534748 0.0621604 0.0819967 0.86037
-0.0303201 0.105739 -0.0631484 -0.228531 0.237095 -1.84039
-0.0677228 0.0866812 0.0593943 0.527739 0.531071 1.45872
-0.0952628 0.055 0.0745769 -0.762505 0.766144 -1.4733
# x y Real Imaginary Modulus Phase <-> f = 0 s = 9
-0.0784575 -0.0771 0.886499 -0.0571147 0.888337 -0.0643383
-0.0438624 -0.100877 -0.500644 0.137638 0.519219 2.8733
-0.00287946 -0.109962 0.113074 -0.133367 0.174849 -0.867557
0.0385228 -0.103034 0.0160375 0.0597513 0.0618661 1.30857
0.0743149 -0.0811005 -0.0297498 -0.00935925 0.0311873 -2.8368
0.0992844 -0.0473562 0.03251 -0.0180026 0.0371617 -0.505722
0.109795 -0.00671534 -0.0341027 0.000390555 0.034105 3.13014
0.104316 0.0349035 0.00781211 0.0149195 0.016841 1.08843
0.0836447 0.0714393 -0.011291 0.0133819 0.0175089 2.27165
0.0507923 0.0975712 0.0128287 0.000281049 0.0128318 0.0219043
0.010543 0.109494 -0.0268433 -0.0222515 0.0348668 -2.44945
-0.0312417 0.10547 0.0364772 0.107829 0.113831 1.24459
-0.0684766 0.0860869 -0.0603978 -0.296507 0.302596 -1.77174
-0.0957391 0.0541666 0.0648457 0.606133 0.609591 1.46422
-0.109059 0.0143579 0.00155848 -0.81388 0.813882 -1.56888
# x y Real Imaginary Modulus Phase <-> f = 0 s = 10
-0.0429804 -0.101256 0.888359 0.164174 0.903402 0.182744
-0.00191976 -0.109983 -0.337335 0.109335 0.354611 2.82816
0.0394205 -0.102694 0.0695008 -0.113258 0.132883 -1.0204
0.0750198 -0.0804489 0.010248 0.0536046 0.0545754 1.3819
0.0996939 -0.046488 -0.0258283 -0.0120833 0.028515 -2.70401
0.109849 -0.00575696 0.0307757 -0.0053907 0.0312442 -0.173402
0.104007 0.0358125 -0.0262296 -0.00258448 0.0263567 -3.04338
0.0830181 0.0721665 0.0147883 0.01515 0.0211711 0.797479
0.049939 0.0980107 -0.00759033 0.00250512 0.00799304 2.82281
0.00958713 0.109581 0.00747231 0.00793961 0.0109029 0.81571
-0.0321609 0.105194 -0.00716535 -0.0411901 0.0418086 -1.74303
-0.0692252 0.0854861 0.0242231 0.125472 0.127789 1.38009
-0.0962082 0.0533291 -0.026844 -0.297728 0.298935 -1.66072
-0.10918 0.0134056 0.0253423 0.599186 0.599722 1.52853
-0.106252 -0.0284701 0.139409 -0.797345 0.80944 -1.3977
# x y Real Imaginary Modulus Phase <-> f = 0 s = 11
-0.000959919 -0.109996 0.750439 0.227733 0.784232 0.294634
0.0403151 -0.102346 -0.309554 0.0942621 0.323587 2.846
0.075719 -0.0797912 0.0944738 -0.115879 0.14951 -0.886809
0.100096 -0.0456163 -0.0034269 0.0740577 0.074137 1.61704
0.109895 -0.00479813 -0.00884362 -0.0364091 0.0374677 -1.80908
0.103691 0.0367188 0.00453239 0.0158248 0.0164611 1.29185
0.0823851 0.0728882 -0.00755603 -0.00166861 0.00773808 -2.92425
0.0490818 0.0984428 0.0113114 0.00536841 0.0125207 0.443124
0.0086305 0.109661 -0.0025799 0.000633738 0.00265659 2.90072
-0.0330776 0.104909 0.00236614 0.00698781 0.00737754 1.2443
-0.0699686 0.0848787 -0.00717243 -0.0401833 0.0408183 -1.74743
-0.0966699 0.0524875 0.0229267 0.100426 0.10301 1.34635
-0.109293 0.0124524 -0.0449647 -0.22813 0.232519 -1.7654
-0.105999 -0.0293962 -0.00663174 0.41417 0.414223 1.58681
-0.0872689 -0.0669638 0.311093 -0.659483 0.729176 -1.13003
# x y Real Imaginary Modulus Phase <-> f = 0 s = 12
0.0412067 -0.10199 0.813754 0.209609 0.840317 0.252102
0.0764124 -0.0791274 -0.42224 0.0991381 0.433723 2.91098
0.10049 -0.044741 0.176344 -0.153192 0.233592 -0.715259
0.109933 -0.00383894 -0.0765467 0.100945 0.126686 2.21959
0.103366 0.0376222 0.0360427 -0.0448546 0.0575413 -0.893898
0.0817459 0.0736044 -0.0153563 0.0133761 0.0203651 2.42501
0.0482208 0.0988673 0.00217809 -0.00184183 0.00285244 -0.701946
0.00767321 0.109732 0.00570177 -0.000298577 0.00570958 -0.0523178
-0.0339919 0.104616 1.70946e-05 0.000817479 0.000817658 1.54989
-0.0707066 0.0842649 0.00702133 0.00371198 0.00794216 0.486321
-0.0971242 0.0516419 -0.0228294 -0.0150979 0.0273702 -2.55729
-0.109397 0.0114981 0.0572736 0.0415889 0.0707806 0.628058
-0.105739 -0.0303201 -0.0813793 -0.106841 0.134304 -2.22173
-0.0866812 -0.0677228 0.0257108 0.272045 0.273257 1.47657
-0.055 -0.0952628 0.284303 -0.491024 0.567391 -1.04596
# x y Real Imaginary Modulus Phase <-> f = 0 s = 13
0.0771 -0.0784575 0.954201 0.042906 0.955165 0.0449351
0.100877 -0.0438624 -0.58168 0.23538 0.6275 2.75708
0.109962 -0.00287946 0.336959 -0.219876 0.402351 -0.578152
0.103034 0.0385228 -0.180272 0.0983513 0.205356 2.64216
0.0811005 0.0743149 0.0817361 -0.0293679 0.086852 -0.344937
0.0473562 0.0992844 -0.030533 -0.00129908 0.0305606 -3.09907
0.00671534 0.109795 0.00525831 -0.00137 0.00543385 -0.254873
-0.0349035 0.104316 0.00558795 0.00351284 0.00660039 0.561216
-0.0714393 0.0836447 -0.00339261 0.0121101 0.0125763 1.84394
-0.0975712 0.0507923 0.00380809 -0.0112459 0.0118732 -1.2443
-0.109494 0.010543 -0.0236666 0.0108137 0.02602 2.713
-0.10547 -0.0312417 0.0512108 -0.00283095 0.051289 -0.0552242
-0.0860869 -0.0684766 -0.0724952 -0.0626132 0.0957913 -2.42921
-0.0541666 -0.0957391 0.0244985 0.228465 0.229774 1.46397
-0.0143579 -0.109059 0.308263 -0.518788 0.603462 -1.03465
# x y Real Imaginary Modulus Phase <-> f = 0 s = 14
0.101256 -0.0429804 0.748997 -0.10615 0.756482 -0.140785
0.109983 -0.00191976 -0.589585 0.451977 0.742895 2.48755
0.102694 0.0394205 0.425414 -0.290824 0.515321 -0.599652
0.0804489 0.0750198 -0.207376 0.115459 0.237351 2.63357
0.046488 0.0996939 0.0892403 -0.044741 0.0998278 -0.464731
0.00575696 0.109849 -0.0214782 0.0173514 0.0276113 2.46208
-0.0358125 0.104007 -0.000787672 -0.00765263 0.00769306 -1.67336
-0.0721665 0.0830181 0.00981886 0.0126566 0.0160187 0.910994
-0.0980107 0.049939 -0.0160239 0.0174928 0.0237226 2.31239
-0.109581 0.00958713 0.00266003 -0.0285093 0.0286331 -1.47776
-0.105194 -0.0321609 -0.0118058 0.0258839 0.0284491 1.99872
-0.0854861 -0.0692252 0.0384234 -0.00812834 0.0392738 -0.208473
-0.0533291 -0.0962082 -0.0703895 -0.0735181 0.101782 -2.33446
-0.0134056 -0.10918 -0.00283132 0.302945 0.302959 1.58014
0.0284701 -0.106252 0.31987 -0.722239 0.789902 -1.15387
# x y Real Imaginary Modulus Phase <-> f = 0 s = 15
0.109996 -0.000959919 0.642404 8.06205e-05 0.642404 0.000125498
0.102346 0.0403151 -0.549255 0.446118 0.707603 2.45944
0.0797912 0.075719 0.35649 -0.272675 0.448817 -0.652962
0.0456163 0.100096 -0.152324 0.129174 0.199721 2.43825
0.00479813 0.109895 0.0389513 -0.0498167 0.0632369 -0.907195
-0.0367188 0.103691 -0.00126375 0.0199423 0.0199823 1.63408
-0.0728882 0.0823851 -0.0124843 -0.000302608 0.012488 -3.11736
-0.0984428 0.0490818 0.0067089 0.0124278 0.014123 1.07579
-0.109661 0.0086305 -0.0241246 0.0187946 0.0305816 2.47975
-0.104909 -0.0330776 0.00301208 -0.0396616 0.0397758 -1.495
-0.0848787 -0.0699686 -0.0107775 0.0243241 0.0266048 1.98788
-0.0524875 -0.0966699 0.0539256 0.0110902 0.0550542 0.20283
-0.0124524 -0.109293 -0.0745898 -0.145338 0.163361 -2.04496
0.0293962 -0.105999 7.35487e-05 0.478542 0.478542 1.57064
0.0669638 -0.0872689 0.0749998 -0.797661 0.801179 -1.47705
