# x y Real Imaginary Modulus Phase <-> f = 0 s = 0
0.10199 0.0412067 0.731524 -0.0331897 0.732277 -0.0453395
0.0791274 0.0764124 -0.562929 0.327631 0.65133 2.61451
0.044741 0.10049 0.292942 -0.235173 0.375661 -0.676444
0.00383894 0.109933 -0.0972716 0.11138 0.147876 2.28868
-0.0376222 0.103366 0.0146772 -0.0519066 0.0539418 -1.29523
-0.0736044 0.0817459 0.00204013 0.0156507 0.0157831 1.44117
-0.0988673 0.0482208 -0.0249569 0.00603304 0.0256758 2.9044
-0.109732 0.00767321 0.000455248 0.00987882 0.0098893 1.52475
-0.104616 -0.0339919 -0.0208365 0.0159859 0.0262623 2.48717
-0.0842649 -0.0707066 0.0111389 -0.0337127 0.0355052 -1.25168
-0.0516419 -0.0971242 -0.0249373 0.00633193 0.0257286 2.89293
-0.0114981 -0.109397 0.0571695 0.0654145 0.0868758 0.852557
0.0303201 -0.105739 -0.0528061 -0.282939 0.287825 -1.75531
0.0677228 -0.0866812 0.133273 0.639895 0.653626 1.36546
0.0952628 -0.055 -0.00749876 -0.633871 0.633915 -1.58263
# x y Real Imaginary Modulus Phase <-> f = 0 s = 1
0.0784575 0.0771 0.815387 -0.077931 0.819103 -0.095286
0.0438624 0.100877 -0.571489 0.279353 0.636111 2.68693
0.00287946 0.109962 0.238526 -0.182915 0.300587 -0.654202
-0.0385228 0.103034 -0.0574385 0.108683 0.122928 2.05698
-0.0743149 0.0811005 0.00273667 -0.047426 0.0475049 -1.51316
-0.0992844 0.0473562 0.000624819 0.0141362 0.01415 1.52663
-0.109795 0.00671534 -0.0254876 0.0082817 0.0267993 2.82742
-0.104316 -0.0349035 0.00423104 0.0143195 0.0149315 1.2835
-0.0836447 -0.0714393 -0.0211623 0.0144145 0.0256051 2.54364
-0.0507923 -0.0975712 0.00966092 -0.00794367 0.0125074 -0.68816
-0.010543 -0.109494 -0.0266691 -0.033222 0.0426021 -2.24721
0.0312417 -0.10547 0.0141605 0.143447 0.144144 1.4724
0.0684766 -0.0860869 -0.0577868 -0.393102 0.397327 -1.71675
0.0957391 -0.0541666 0.190635 0.629046 0.657298 1.27654
0.109059 -0.0143579 0.0357612 -0.684686 0.685619 -1.51861
# x y Real Imaginary Modulus Phase <-> f = 0 s = 2
0.0429804 0.101256 0.859078 -0.0882067 0.863594 -0.102317
0.00191976 0.109983 -0.525244 0.200014 0.562038 2.77774
-0.0394205 0.102694 0.187191 -0.188066 0.265347 -0.78773
-0.0750198 0.0804489 -0.0389194 0.105429 0.112383 1.92443
-0.0996939 0.046488 0.000462231 -0.0501709 0.050173 -1.56158
-0.109849 0.00575696 0.00788539 0.0137474 0.0158484 1.05002
-0.104007 -0.0358125 -0.0161743 0.000978472 0.0162039 3.08117
-0.0830181 -0.0721665 0.0120829 0.0150512 0.0193012 0.894359
-0.049939 -0.0980107 -0.00931423 0.010054 0.0137054 2.31802
-0.00958713 -0.109581 0.00586723 0.0107423 0.0122402 1.07089
0.0321609 -0.105194 0.00935377 -0.0560784 0.0568531 -1.40552
0.0692252 -0.0854861 0.0106343 0.179288 0.179603 1.51155
0.0962082 -0.0533291 -0.0910472 -0.358023 0.369419 -1.81982
0.10918 -0.0134056 0.105655 0.562684 0.572517 1.38519
0.106252 0.0284701 0.103975 -0.768286 0.77529 -1.43628
# x y Real Imaginary Modulus Phase <-> f = 0 s = 3
0.000959919 0.109996 0.894294 -0.00560631 0.894312 -0.0062689
-0.0403151 0.102346 -0.480551 0.21537 0.526606 2.72026
-0.075719 0.0797912 0.175 -0.176871 0.248814 -0.790715
-0.100096 0.0456163 -0.0467723 0.106046 0.115903 1.98619
-0.109895 0.00479813 0.000392222 -0.0464764 0.0464781 -1.56236
-0.103691 -0.0367188 0.00593431 0.0205702 0.0214091 1.28993
-0.0823851 -0.0728882 -0.0080688 -0.00724503 0.0108442 -2.40994
-0.0490818 -0.0984428 0.0110122 0.00471317 0.0119784 0.404405
-0.0086305 -0.109661 -0.00431148 0.00100459 0.00442697 2.91267
0.0330776 -0.104909 -0.00403643 0.00862181 0.00951989 2.00865
0.0699686 -0.0848787 0.0065056 -0.0706729 0.0709717 -1.479
0.0966699 -0.0524875 0.0433748 0.156309 0.162216 1.30011
0.109293 -0.0124524 -0.0874794 -0.289775 0.302692 -1.86398
0.105999 0.0293962 0.055296 0.527406 0.530297 1.46633
0.0872689 0.0669638 0.132286 -0.785416 0.796478 -1.40393
# x y Real Imaginary Modulus Phase <-> f = 0 s = 4
-0.0412067 0.10199 0.871276 -0.0303739 0.871805 -0.0348473
-0.0764124 0.0791274 -0.479211 0.189564 0.515342 2.76491
-0.10049 0.044741 0.203095 -0.179416 0.270994 -0.723573
-0.109933 0.00383894 -0.0650066 0.107576 0.125692 2.11436
-0.103366 -0.0376222 0.0227671 -0.0497548 0.0547164 -1.14165
-0.0817459 -0.0736044 -0.00866928 0.0169632 0.0190501 2.04326
-0.0482208 -0.0988673 -0.00163626 -0.00126547 0.00206852 -2.48329
-0.00767321 -0.109732 0.0106703 -0.000880749 0.0107066 -0.0823554
0.0339919 -0.104616 -0.00439682 -0.000970185 0.00450259 -2.92442
0.0707066 -0.0842649 0.0075654 0.0186196 0.0200979 1.18486
0.0971242 -0.0516419 -0.0266064 -0.0416825 0.0494503 -2.13891
0.109397 -0.0114981 0.0511425 0.0962645 0.109006 1.08245
0.105739 0.0303201 -0.0726182 -0.216942 0.228773 -1.89381
0.0866812 0.0677228 0.0227438 0.44727 0.447848 1.51999
0.055 0.0952628 0.211557 -0.740888 0.770501 -1.29265
# x y Real Imaginary Modulus Phase <-> f = 0 s = 5
-0.0771 0.0784575 0.895909 -0.0338101 0.896547 -0.0377204
-0.100877 0.0438624 -0.556085 0.236484 0.604281 2.7395
-0.109962 0.00287946 0.262798 -0.219374 0.342327 -0.695581
-0.103034 -0.0385228 -0.129348 0.122523 0.178165 2.38329
-0.0811005 -0.0743149 0.0600082 -0.0424385 0.0734984 -0.61555
-0.0473562 -0.0992844 -0.0144619 0.00604013 0.0156726 2.74596
-0.00671534 -0.109795 -0.00299343 -0.00185264 0.00352035 -2.58739
0.0349035 -0.104316 0.0128805 0.00534479 0.0139454 0.393329
0.0714393 -0.0836447 -0.0136662 -0.00237124 0.0138704 -2.96979
0.0975712 -0.0507923 0.0189278 0.00371617 0.0192892 0.193868
0.109494 -0.010543 -0.031499 -0.0210122 0.0378642 -2.55331
0.10547 0.0312417 0.0635195 0.0646157 0.0906086 0.793953
0.0860869 0.0684766 -0.09419 -0.179105 0.202362 -2.05494
0.0541666 0.0957391 0.0529336 0.411471 0.414862 1.44285
0.0143579 0.109059 0.176798 -0.729173 0.7503 -1.33292
# x y Real Imaginary Modulus Phase <-> f = 0 s = 6
-0.101256 0.0429804 0.838216 -0.0446314 0.839403 -0.0531955
-0.109983 0.00191976 -0.541016 0.308754 0.622918 2.623
-0.102694 -0.0394205 0.32044 -0.24124 0.401097 -0.645316
-0.0804489 -0.0750198 -0.148503 0.109977 0.184792 2.50415
-0.046488 -0.0996939 0.0526542 -0.0386941 0.0653429 -0.633749
-0.00575696 -0.109849 -0.000128478 0.0135093 0.0135099 1.58031
0.0358125 -0.104007 -0.0144467 0.00332275 0.0148239 2.91552
0.0721665 -0.0830181 0.0155363 0.0158171 0.0221711 0.794354
0.0980107 -0.049939 -0.0194259 0.0124653 0.0230814 2.57109
0.109581 -0.00958713 0.00869315 -0.00257033 0.00906518 -0.287482
0.105194 0.0321609 -0.0342936 -0.0119824 0.0363267 -2.80545
0.0854861 0.0692252 0.0679408 0.0519725 0.08554 0.653012
0.0533291 0.0962082 -0.0928515 -0.160323 0.18527 -2.09575
0.0134056 0.10918 0.0417625 0.399346 0.401524 1.4666
-0.0284701 0.106252 0.219743 -0.752197 0.783637 -1.28657
# x y Real Imaginary Modulus Phase <-> f = 0 s = 7
-0.109996 0.000959919 0.763659 -0.0714185 0.766991 -0.0932502
-0.102346 -0.0403151 -0.612092 0.357482 0.708837 2.613
-0.0797912 -0.075719 0.346985 -0.20748 0.404285 -0.538911
-0.0456163 -0.100096 -0.123415 0.0975989 0.157343 2.47248
-0.00479813 -0.109895 0.00910748 -0.0434127 0.0443577 -1.36401
0.0367188 -0.103691 0.0113995 0.00482359 0.012378 0.400295
0.0728882 -0.0823851 -0.0310114 0.000292896 0.0310128 3.13215
0.0984428 -0.0490818 0.00827045 0.0104546 0.0133304 0.901517
0.109661 -0.0086305 -0.0238657 0.0194869 0.0308109 2.45686
0.104909 0.0330776 0.0024331 -0.00284586 0.00374418 -0.863429
0.0848787 0.0699686 -0.0340289 -0.0126436 0.0363019 -2.78585
0.0524875 0.0966699 0.0645434 0.0524583 0.0831729 0.682473
0.0124524 0.109293 -0.086855 -0.181038 0.200795 -2.01812
-0.0293962 0.105999 0.0223114 0.472946 0.473472 1.52366
-0.0669638 0.0872689 0.1436 -0.764076 0.777453 -1.38502
# x y Real Imaginary Modulus Phase <-> f = 0 s = 8
-0.10199 -0.0412067 0.717602 -0.145559 0.732216 -0.200126
-0.0791274 -0.0764124 -0.614619 0.329981 0.697599 2.64887
-0.044741 -0.10049 0.261173 -0.186009 0.320641 -0.618871
-0.00383894 -0.109933 -0.026479 0.0953145 0.0989242 1.84177
0.0376222 -0.103366 -0.0234306 -0.0277298 0.0363034 -2.27236
0.0736044 -0.0817459 0.0310205 -0.00834543 0.0321235 -0.262807
0.0988673 -0.0482208 -0.0372669 -0.00108046 0.0372826 -3.11261
0.109732 -0.00767321 0.00547803 0.00634184 0.0083802 0.85835
0.104616 0.0339919 -0.0245623 0.0215077 0.0326479 2.4224
0.0842649 0.0707066 0.0103912 -0.00489047 0.0114845 -0.439881
0.0516419 0.0971242 -0.0353636 -0.00844376 0.0363577 -2.90721
0.0114981 0.109397 0.0628893 0.0663979 0.0914535 0.81253
-0.0303201 0.105739 -0.0821208 -0.238845 0.252568 -1.90196
-0.0677228 0.0866812 0.0911455 0.518873 0.526818 1.39691
-0.0952628 0.055 0.0736091 -0.739075 0.742732 -1.47153
# x y Real Imaginary Modulus Phase <-> f = 0 s = 9
-0.0784575 -0.0771 0.855131 -0.0507139 0.856633 -0.059236
-0.0438624 -0.100877 -0.501726 0.16366 0.527744 2.82628
-0.00287946 -0.109962 0.113508 -0.139883 0.180142 -0.889113
0.0385228 -0.103034 0.0153181 0.0626595 0.0645047 1.33103
0.0743149 -0.0811005 -0.0282482 -0.00654503 0.0289965 -2.91391
0.0992844 -0.0473562 0.0369993 -0.0192052 0.0416868 -0.478786
0.109795 -0.00671534 -0.0334741 -0.00169901 0.0335172 -3.09088
0.104316 0.0349035 0.00759136 0.0125849 0.0146972 1.02802
0.0836447 0.0714393 -0.0173367 0.0157878 0.0234482 2.40292
0.0507923 0.0975712 0.0173621 -0.000382638 0.0173663 -0.0220351
0.010543 0.109494 -0.0317018 -0.0242751 0.0399285 -2.4881
-0.0312417 0.10547 0.0449278 0.115719 0.124135 1.20046
-0.0684766 0.0860869 -0.0801017 -0.299373 0.309904 -1.83224
-0.0957391 0.0541666 0.0803797 0.595772 0.60117 1.43669
-0.109059 0.0143579 0.000189847 -0.793017 0.793017 -1.57056
# x y Real Imaginary Modulus Phase <-> f = 0 s = 10
-0.0429804 -0.101256 0.885519 0.120223 0.893643 0.134941
-0.00191976 -0.109983 -0.349388 0.125424 0.371218 2.79694
0.0394205 -0.102694 0.0757196 -0.120036 0.141923 -1.00803
0.0750198 -0.0804489 0.00735641 0.0557815 0.0562645 1.43967
0.0996939 -0.046488 -0.0247008 -0.00796447 0.0259531 -2.82968
0.109849 -0.00575696 0.03322 -0.0068559 0.0339201 -0.203521
0.104007 0.0358125 -0.029065 -0.00533199 0.02955 -2.96016
0.0830181 0.0721665 0.0134176 0.0167591 0.0214686 0.89568
0.049939 0.0980107 -0.0104162 0.00259979 0.0107357 2.897
0.00958713 0.109581 0.00991628 0.00784987 0.0126473 0.669607
-0.0321609 0.105194 -0.0101137 -0.0441203 0.0452646 -1.79613
-0.0692252 0.0854861 0.0327043 0.133131 0.137089 1.32991
-0.0962082 0.0533291 -0.042491 -0.302735 0.305702 -1.71024
-0.10918 0.0134056 0.0489275 0.599052 0.601047 1.4893
-0.106252 -0.0284701 0.12174 -0.770491 0.780049 -1.41409
# x y Real Imaginary Modulus Phase <-> f = 0 s = 11
-0.000959919 -0.109996 0.769342 0.198346 0.794499 0.252318
0.0403151 -0.102346 -0.32069 0.101288 0.336305 2.83566
0.075719 -0.0797912 0.096663 -0.12116 0.154995 -0.89739
0.100096 -0.0456163 -0.00277225 0.0758717 0.0759223 1.60732
0.109895 -0.00479813 -0.0107986 -0.0368685 0.0384174 -1.85572
0.103691 0.0367188 0.00511088 0.0154509 0.0162743 1.25134
0.0823851 0.0728882 -0.009819 -0.00158742 0.00994649 -2.98131
0.0490818 0.0984428 0.0119331 0.00709273 0.0138818 0.536273
0.0086305 0.109661 -0.00447204 0.000335679 0.00448462 3.06667
-0.0330776 0.104909 0.00437248 0.00753444 0.00871128 1.04496
-0.0699686 0.0848787 -0.0076766 -0.0428909 0.0435725 -1.7479
-0.0966699 0.0524875 0.0281414 0.108298 0.111895 1.31657
-0.109293 0.0124524 -0.0564508 -0.238405 0.244997 -1.8033
-0.105999 -0.0293962 0.0137779 0.425737 0.42596 1.53845
-0.0872689 -0.0669638 0.279855 -0.679214 0.734609 -1.17996
# x y Real Imaginary Modulus Phase <-> f = 0 s = 12
0.0412067 -0.10199 0.820415 0.190712 0.84229 0.228402
0.0764124 -0.0791274 -0.422483 0.107523 0.435951 2.89238
0.10049 -0.044741 0.170704 -0.156442 0.231547 -0.741831
0.109933 -0.00383894 -0.0716761 0.104576 0.126782 2.17165
0.103366 0.0376222 0.0349612 -0.0502211 0.0611919 -0.962662
0.0817459 0.0736044 -0.0156895 0.0138644 0.0209376 2.41787
0.0482208 0.0988673 0.000999516 -0.00242008 0.00261836 -1.17913
0.00767321 0.109732 0.00670072 0.000954912 0.00676842 0.141556
-0.0339919 0.104616 -0.000998113 0.00107576 0.00146748 2.31877
-0.0707066 0.0842649 0.00848189 0.0036821 0.00924664 0.409564
-0.0971242 0.0516419 -0.0266131 -0.0161633 0.0311369 -2.59579
-0.109397 0.0114981 0.0631468 0.0413064 0.0754569 0.579275
-0.105739 -0.0303201 -0.087646 -0.108306 0.139327 -2.25115
-0.0866812 -0.0677228 0.0320948 0.284498 0.286303 1.45846
-0.055 -0.0952628 0.26789 -0.516203 0.581576 -1.09209
# x y Real Imaginary Modulus Phase <-> f = 0 s = 13
0.0771 -0.0784575 0.945214 0.0326875 0.945779 0.0345683
0.100877 -0.0438624 -0.573514 0.24074 0.621992 2.74417
0.109962 -0.00287946 0.335283 -0.227326 0.405082 -0.595816
0.103034 0.0385228 -0.183341 0.108587 0.213085 2.60688
0.0811005 0.0743149 0.0879161 -0.0298075 0.0928317 -0.326882
0.0473562 0.0992844 -0.0287346 -0.00309394 0.0289007 -3.03433
0.00671534 0.109795 0.00484705 -0.00245607 0.0054338 -0.469005
-0.0349035 0.104316 0.0046284 0.00459594 0.00652263 0.781879
-0.0714393 0.0836447 -0.00479595 0.013089 0.01394 1.92202
-0.0975712 0.0507923 0.00440505 -0.0128334 0.0135684 -1.24015
-0.109494 0.010543 -0.0251119 0.0117785 0.027737 2.70302
-0.10547 -0.0312417 0.0520018 -0.00112005 0.0520139 -0.0215353
-0.0860869 -0.0684766 -0.073744 -0.068294 0.10051 -2.39455
-0.0541666 -0.0957391 0.0286731 0.237035 0.238763 1.45042
-0.0143579 -0.109059 0.298029 -0.538461 0.615436 -1.06528
# x y Real Imaginary Modulus Phase <-> f = 0 s = 14
0.101256 -0.0429804 0.737678 -0.080995 0.742111 -0.109359
0.109983 -0.00191976 -0.567265 0.448003 0.722839 2.47313
0.102694 0.0394205 0.4116 -0.306302 0.513065 -0.639762
0.0804489 0.0750198 -0.209789 0.128081 0.245797 2.59347
0.046488 0.0996939 0.0938361 -0.0469266 0.104916 -0.46372
0.00575696 0.109849 -0.0216118 0.020162 0.0295563 2.39089
-0.0358125 0.104007 -0.00289962 -0.0114924 0.0118526 -1.81795
-0.0721665 0.0830181 0.00777136 0.0151587 0.0170347 1.09707
-0.0980107 0.049939 -0.0179369 0.0159057 0.0239734 2.41614
-0.109581 0.00958713 0.00480167 -0.0314134 0.0317783 -1.41912
-0.105194 -0.0321609 -0.00839667 0.0285255 0.0297356 1.85707
-0.0854861 -0.0692252 0.0383248 -0.00567675 0.0387429 -0.147053
-0.0533291 -0.0962082 -0.0754679 -0.0771843 0.107948 -2.34495
-0.0134056 -0.10918 0.00685516 0.310141 0.310217 1.5487
0.0284701 -0.106252 0.308641 -0.728133 0.790846 -1.16987
# x y Real Imaginary Modulus Phase <-> f = 0 s = 15
0.109996 -0.000959919 0.665843 0.0204919 0.666158 0.0307662
0.102346 0.0403151 -0.528162 0.43826 0.686314 2.44895
0.0797912 0.075719 0.346929 -0.286138 0.449705 -0.689666
0.0456163 0.100096 -0.157136 0.139815 0.210333 2.41446
0.00479813 0.109895 0.0413553 -0.053796 0.0678548 -0.915407
-0.0367188 0.103691 0.000738677 0.0226092 0.0226213 1.53814
-0.0728882 0.0823851 -0.0154909 -0.00322303 0.0158226 -2.93646
-0.0984428 0.0490818 0.00408057 0.0138661 0.0144541 1.28459
-0.109661 0.0086305 -0.022628 0.0148581 0.0270701 2.56057
-0.104909 -0.0330776 0.00563956 -0.0413072 0.0416904 -1.43511
-0.0848787 -0.0699686 -0.00728634 0.0274799 0.0284295 1.82998
-0.0524875 -0.0966699 0.0543284 0.0125339 0.0557555 0.226739
-0.0124524 -0.109293 -0.0808284 -0.144692 0.165738 -2.08024
0.0293962 -0.105999 0.00667622 0.476758 0.476805 1.55679
0.0669638 -0.0872689 0.072801 -0.776507 0.779912 -1.47732
