# x y Real Imaginary Modulus Phase <-> f = 0 s = 0
0.10199 0.0412067 0.719102 -0.0411338 0.720277 -0.0571394
0.0791274 0.0764124 -0.579107 0.336036 0.669541 2.61581
0.044741 0.10049 0.303665 -0.22249 0.376449 -0.632325
0.00383894 0.109933 -0.100152 0.101853 0.142844 2.34777
-0.0376222 0.103366 0.0158936 -0.0462896 0.0489422 -1.24006
-0.0736044 0.0817459 0.000886011 0.013713 0.0137416 1.50628
-0.0988673 0.0482208 -0.0172552 0.0036102 0.0176289 2.93534
-0.109732 0.00767321 0.00518832 0.0105669 0.011772 1.11438
-0.104616 -0.0339919 -0.0204086 0.0167964 0.0264316 2.45298
-0.0842649 -0.0707066 0.0130778 -0.0312978 0.0339202 -1.175
-0.0516419 -0.0971242 -0.0240712 0.00234807 0.0241855 3.04435
-0.0114981 -0.109397 0.0520421 0.0682122 0.0857979 0.919063
0.0303201 -0.105739 -0.0452033 -0.284609 0.288177 -1.72831
0.0677228 -0.0866812 0.127793 0.652861 0.665251 1.3775
0.0952628 -0.055 -0.0269975 -0.630272 0.63085 -1.6136
# x y Real Imaginary Modulus Phase <-> f = 0 s = 1
0.0784575 0.0771 0.821097 -0.0960439 0.826695 -0.116441
0.0438624 0.100877 -0.589122 0.261804 0.644675 2.72341
0.00287946 0.109962 0.242692 -0.165718 0.293874 -0.599111
-0.0385228 0.103034 -0.0609833 0.097358 0.114881 2.13039
-0.0743149 0.0811005 0.00340544 -0.0435027 0.0436358 -1.49267
-0.0992844 0.0473562 0.0033314 0.0118947 0.0123524 1.29772
-0.109795 0.00671534 -0.0195954 0.00568247 0.0204027 2.85934
-0.104316 -0.0349035 0.00741902 0.0152933 0.0169979 1.11913
-0.0836447 -0.0714393 -0.0177251 0.0121169 0.0214708 2.54196
-0.0507923 -0.0975712 0.00960962 -0.00284441 0.0100217 -0.287779
-0.010543 -0.109494 -0.021793 -0.0332799 0.0397805 -2.15057
0.0312417 -0.10547 0.00871998 0.142795 0.143061 1.50981
0.0684766 -0.0860869 -0.0479482 -0.398792 0.401664 -1.69046
0.0957391 -0.0541666 0.193528 0.643369 0.671846 1.2786
0.109059 -0.0143579 0.0198713 -0.685229 0.685517 -1.5418
# x y Real Imaginary Modulus Phase <-> f = 0 s = 2
0.0429804 0.101256 0.893256 -0.0809774 0.896919 -0.090407
0.00191976 0.109983 -0.536437 0.172954 0.563629 2.8297
-0.0394205 0.102694 0.19248 -0.164889 0.25345 -0.708344
-0.0750198 0.0804489 -0.0435974 0.0925131 0.102271 2.01119
-0.0996939 0.046488 0.00513026 -0.0460174 0.0463025 -1.45977
-0.109849 0.00575696 0.00755416 0.0140695 0.0159692 1.07805
-0.104007 -0.0358125 -0.0101449 -0.00136825 0.0102367 -3.00753
-0.0830181 -0.0721665 0.0144711 0.0109618 0.0181541 0.64828
-0.049939 -0.0980107 -0.00967862 0.00817842 0.0126713 2.44001
-0.00958713 -0.109581 0.00330913 0.0124297 0.0128626 1.3106
0.0321609 -0.105194 0.0119065 -0.0551937 0.0564634 -1.35833
0.0692252 -0.0854861 0.00178896 0.180486 0.180495 1.56088
0.0962082 -0.0533291 -0.0812975 -0.366482 0.375391 -1.78909
0.10918 -0.0134056 0.100958 0.580117 0.588836 1.39849
0.106252 0.0284701 0.0946524 -0.785835 0.791515 -1.45093
# x y Real Imaginary Modulus Phase <-> f = 0 s = 3
0.000959919 0.109996 0.923216 0.0171167 0.923374 0.0185382
-0.0403151 0.102346 -0.491508 0.180154 0.523484 2.79027
-0.075719 0.0797912 0.179819 -0.155985 0.238047 -0.714541
-0.100096 0.0456163 -0.0495036 0.095993 0.108006 2.04692
-0.109895 0.00479813 0.00517689 -0.0418858 0.0422045 -1.44782
-0.103691 -0.0367188 0.00332201 0.0209599 0.0212215 1.41361
-0.0823851 -0.0728882 -0.00618906 -0.00649617 0.00897243 -2.33199
-0.0490818 -0.0984428 0.0102802 0.00441524 0.0111882 0.405669
-0.0086305 -0.109661 -0.00334509 0.000387215 0.00336743 3.02635
0.0330776 -0.104909 -0.00561884 0.0087314 0.0103831 2.1426
0.0699686 -0.0848787 0.0106375 -0.0684867 0.0693079 -1.41671
0.0966699 -0.0524875 0.0345892 0.155513 0.159314 1.35194
0.109293 -0.0124524 -0.0726618 -0.291533 0.300452 -1.81506
0.105999 0.0293962 0.0357579 0.533912 0.535108 1.50392
0.0872689 0.0669638 0.157926 -0.805571 0.820905 -1.37721
# x y Real Imaginary Modulus Phase <-> f = 0 s = 4
-0.0412067 0.10199 0.900955 0.000952844 0.900955 0.00105759
-0.0764124 0.0791274 -0.487988 0.162346 0.514285 2.82043
-0.10049 0.044741 0.206594 -0.161083 0.26197 -0.662245
-0.109933 0.00383894 -0.0700586 0.0987799 0.121102 2.1877
-0.103366 -0.0376222 0.0245055 -0.0450557 0.0512888 -1.07265
-0.0817459 -0.0736044 -0.00934615 0.015312 0.017939 2.11881
-0.0482208 -0.0988673 0.00051638 -0.00227615 0.00233399 -1.34771
-0.00767321 -0.109732 0.00941344 -0.000310437 0.00941856 -0.0329662
0.0339919 -0.104616 -0.00344056 -0.00141615 0.00372061 -2.75112
0.0707066 -0.0842649 0.00506027 0.0185146 0.0191936 1.304
0.0971242 -0.0516419 -0.0227166 -0.0425539 0.0482377 -2.06114
0.109397 -0.0114981 0.0442006 0.0949871 0.104768 1.13527
0.105739 0.0303201 -0.0584039 -0.214853 0.22265 -1.83621
0.0866812 0.0677228 -0.00267446 0.445267 0.445275 1.5768
0.055 0.0952628 0.246461 -0.7492 0.788698 -1.25298
# x y Real Imaginary Modulus Phase <-> f = 0 s = 5
-0.0771 0.0784575 0.922768 -0.0174074 0.922932 -0.0188621
-0.100877 0.0438624 -0.570129 0.211805 0.608201 2.78589
-0.109962 0.00287946 0.275775 -0.201501 0.341547 -0.631015
-0.103034 -0.0385228 -0.130858 0.110292 0.171138 2.44127
-0.0811005 -0.0743149 0.0577853 -0.0376379 0.0689619 -0.577317
-0.0473562 -0.0992844 -0.0168849 0.007526 0.0184863 2.7223
-0.00671534 -0.109795 -0.00058424 -0.00176663 0.00186073 -1.89018
0.0349035 -0.104316 0.0125545 0.0057362 0.0138029 0.42858
0.0714393 -0.0836447 -0.0129827 -0.00423486 0.0136559 -2.82628
0.0975712 -0.0507923 0.0161824 0.0050505 0.0169522 0.302519
0.109494 -0.010543 -0.0288378 -0.0196804 0.0349133 -2.54274
0.10547 0.0312417 0.0547953 0.0645259 0.0846529 0.866767
0.0860869 0.0684766 -0.0763997 -0.174869 0.19083 -1.9827
0.0541666 0.0957391 0.0200278 0.405542 0.406036 1.52145
0.0143579 0.109059 0.220671 -0.733578 0.766049 -1.27859
# x y Real Imaginary Modulus Phase <-> f = 0 s = 6
-0.101256 0.0429804 0.858884 -0.0608439 0.861037 -0.0707225
-0.109983 0.00191976 -0.566803 0.308637 0.645386 2.64296
-0.102694 -0.0394205 0.334449 -0.228484 0.405044 -0.599337
-0.0804489 -0.0750198 -0.150189 0.0993497 0.180076 2.55718
-0.046488 -0.0996939 0.0482361 -0.035118 0.0596657 -0.629301
-0.00575696 -0.109849 -0.00241192 0.0163714 0.0165481 1.71707
0.0358125 -0.104007 -0.00768868 0.00226009 0.00801398 2.8557
0.0721665 -0.0830181 0.0158333 0.0138153 0.0210132 0.717439
0.0980107 -0.049939 -0.0177269 0.00899648 0.0198791 2.67196
0.109581 -0.00958713 0.00938178 -0.00331224 0.0099493 -0.339389
0.105194 0.0321609 -0.0308023 -0.0138538 0.0337744 -2.71893
0.0854861 0.0692252 0.0575768 0.0510618 0.0769571 0.725501
0.0533291 0.0962082 -0.0762729 -0.158536 0.175929 -2.01922
0.0134056 0.10918 0.0157085 0.394562 0.394874 1.531
-0.0284701 0.106252 0.249992 -0.756888 0.797104 -1.25179
# x y Real Imaginary Modulus Phase <-> f = 0 s = 7
-0.109996 0.000959919 0.763046 -0.0913857 0.768499 -0.119197
-0.102346 -0.0403151 -0.627437 0.364964 0.725863 2.61476
-0.0797912 -0.075719 0.358 -0.199002 0.409592 -0.50734
-0.0456163 -0.100096 -0.123739 0.0898043 0.152892 2.51379
-0.00479813 -0.109895 0.00932891 -0.0411171 0.0421621 -1.34769
0.0367188 -0.103691 0.00946876 0.00946797 0.0133903 0.785356
0.0728882 -0.0823851 -0.0274183 0.000923082 0.0274339 3.10794
0.0984428 -0.0490818 0.0133778 0.0143106 0.0195898 0.819074
0.109661 -0.0086305 -0.015852 0.0165513 0.0229179 2.33462
0.104909 0.0330776 0.00650994 -0.00329015 0.00729413 -0.467961
0.0848787 0.0699686 -0.0270861 -0.0154849 0.0312 -2.62225
0.0524875 0.0966699 0.0583459 0.0527315 0.0786439 0.734896
0.0124524 0.109293 -0.0723795 -0.177834 0.191999 -1.95733
-0.0293962 0.105999 -0.000345938 0.468522 0.468522 1.57153
-0.0669638 0.0872689 0.156936 -0.790862 0.806283 -1.3749
# x y Real Imaginary Modulus Phase <-> f = 0 s = 8
-0.10199 -0.0412067 0.719012 -0.160549 0.736719 -0.219687
-0.0791274 -0.0764124 -0.631822 0.326364 0.711135 2.6648
-0.044741 -0.10049 0.269667 -0.172359 0.320043 -0.568713
-0.00383894 -0.109933 -0.0333372 0.0904398 0.0963884 1.92395
0.0376222 -0.103366 -0.0221578 -0.0273956 0.0352347 -2.25089
0.0736044 -0.0817459 0.0295665 -0.00601535 0.0301723 -0.200712
0.0988673 -0.0482208 -0.0375317 -0.000781263 0.0375398 -3.12078
0.109732 -0.00767321 0.00799724 0.0111664 0.0137348 0.949288
0.104616 0.0339919 -0.0178303 0.0179667 0.0253125 2.35238
0.0842649 0.0707066 0.0132078 -0.00189939 0.0133436 -0.142829
0.0516419 0.0971242 -0.0294944 -0.0111273 0.0315236 -2.78083
0.0114981 0.109397 0.0541976 0.0681701 0.0870893 0.89909
-0.0303201 0.105739 -0.0655032 -0.237906 0.246758 -1.83947
-0.0677228 0.0866812 0.0706571 0.53717 0.541797 1.44001
-0.0952628 0.055 0.0600692 -0.759396 0.761768 -1.49186
# x y Real Imaginary Modulus Phase <-> f = 0 s = 9
-0.0784575 -0.0771 0.870165 -0.0669415 0.872736 -0.0767784
-0.0438624 -0.100877 -0.510885 0.144554 0.530942 2.86585
-0.00287946 -0.109962 0.119841 -0.133888 0.179688 -0.840704
0.0385228 -0.103034 0.0131319 0.0642965 0.0656238 1.36933
0.0743149 -0.0811005 -0.0268705 -0.00541557 0.0274108 -2.94271
0.0992844 -0.0473562 0.0344938 -0.0136816 0.037108 -0.377606
0.109795 -0.00671534 -0.03127 -0.000708505 0.031278 -3.11894
0.104316 0.0349035 0.0103509 0.0131425 0.0167292 0.903668
0.0836447 0.0714393 -0.012881 0.0124566 0.0179189 2.37294
0.0507923 0.0975712 0.0158221 0.00166625 0.0159096 0.104925
0.010543 0.109494 -0.0289871 -0.0233822 0.0372421 -2.46282
-0.0312417 0.10547 0.0355392 0.109982 0.115581 1.25825
-0.0684766 0.0860869 -0.0636424 -0.304092 0.310681 -1.7771
-0.0957391 0.0541666 0.0754581 0.613583 0.618206 1.44843
-0.109059 0.0143579 -0.0100338 -0.802666 0.802728 -1.5833
# x y Real Imaginary Modulus Phase <-> f = 0 s = 10
-0.0429804 -0.101256 0.902928 0.137217 0.913295 0.150815
-0.00191976 -0.109983 -0.357439 0.110834 0.374228 2.84092
0.0394205 -0.102694 0.0798873 -0.114007 0.13921 -0.959585
0.0750198 -0.0804489 0.00526675 0.0532561 0.0535159 1.47222
0.0996939 -0.046488 -0.0217459 -0.0114276 0.0245657 -2.65775
0.109849 -0.00575696 0.0338002 -0.00285743 0.0339208 -0.0843382
0.104007 0.0358125 -0.0253041 -0.00684249 0.026213 -2.8775
0.0830181 0.0721665 0.012534 0.0154428 0.0198892 0.888998
0.049939 0.0980107 -0.0105409 0.00134079 0.0106259 3.01507
0.00958713 0.109581 0.00886839 0.00920274 0.0127804 0.803898
-0.0321609 0.105194 -0.00657395 -0.0448335 0.0453129 -1.71639
-0.0692252 0.0854861 0.0258284 0.12986 0.132404 1.37446
-0.0962082 0.0533291 -0.0303477 -0.305499 0.307003 -1.66981
-0.10918 0.0134056 0.0363338 0.609852 0.610933 1.51129
-0.106252 -0.0284701 0.122201 -0.794308 0.803653 -1.41815
# x y Real Imaginary Modulus Phase <-> f = 0 s = 11
-0.000959919 -0.109996 0.775198 0.22502 0.807196 0.282511
0.0403151 -0.102346 -0.323883 0.0883915 0.335728 2.87517
0.075719 -0.0797912 0.0981904 -0.116482 0.152346 -0.870398
0.100096 -0.0456163 -0.00427404 0.073789 0.0739127 1.62865
0.109895 -0.00479813 -0.00826884 -0.038023 0.0389117 -1.78493
0.103691 0.0367188 0.00363309 0.0148419 0.0152801 1.33073
0.0823851 0.0728882 -0.00905184 -0.00268079 0.00944047 -2.85366
0.0490818 0.0984428 0.009538 0.00591871 0.0112252 0.555386
0.0086305 0.109661 -0.00095835 -0.00236158 0.00254862 -1.9563
-0.0330776 0.104909 0.00105102 0.0108274 0.0108783 1.47403
-0.0699686 0.0848787 -0.00637004 -0.041662 0.0421462 -1.72252
-0.0966699 0.0524875 0.0236853 0.105085 0.107721 1.34911
-0.109293 0.0124524 -0.044713 -0.239366 0.243507 -1.75547
-0.105999 -0.0293962 -0.000843098 0.426875 0.426876 1.57277
-0.0872689 -0.0669638 0.305076 -0.68513 0.749983 -1.15187
# x y Real Imaginary Modulus Phase <-> f = 0 s = 12
0.0412067 -0.10199 0.829359 0.210267 0.855598 0.248298
0.0764124 -0.0791274 -0.429024 0.0984823 0.440183 2.91595
0.10049 -0.044741 0.17707 -0.151871 0.233278 -0.708942
0.109933 -0.00383894 -0.0788815 0.101056 0.128197 2.23358
0.103366 0.0376222 0.0369758 -0.0459758 0.0589999 -0.893471
0.0817459 0.0736044 -0.0160558 0.0134741 0.0209604 2.4434
0.0482208 0.0988673 0.00180863 -0.00179228 0.00254626 -0.780858
0.00767321 0.109732 0.00596459 0.000772851 0.00601445 0.128855
-0.0339919 0.104616 6.37317e-06 4.28565e-05 4.33278e-05 1.42317
-0.0707066 0.0842649 0.00969142 0.00560994 0.011198 0.524728
-0.0971242 0.0516419 -0.0260312 -0.0166426 0.0308966 -2.57275
-0.109397 0.0114981 0.0558665 0.0443451 0.0713271 0.670931
-0.105739 -0.0303201 -0.0820907 -0.111602 0.138542 -2.20499
-0.0866812 -0.0677228 0.0162118 0.285295 0.285755 1.51403
-0.055 -0.0952628 0.291566 -0.506619 0.584529 -1.04858
# x y Real Imaginary Modulus Phase <-> f = 0 s = 13
0.0771 -0.0784575 0.953936 0.0320034 0.954473 0.0335362
0.100877 -0.0438624 -0.588974 0.238917 0.635587 2.75623
0.109962 -0.00287946 0.346322 -0.224195 0.412556 -0.574517
0.103034 0.0385228 -0.188134 0.10301 0.214489 2.64064
0.0811005 0.0743149 0.0886707 -0.0240332 0.0918699 -0.26468
0.0473562 0.0992844 -0.0278075 -0.00469808 0.0282016 -2.97422
0.00671534 0.109795 0.00454875 -0.00172337 0.00486427 -0.362156
-0.0349035 0.104316 0.00390006 0.00240203 0.00458042 0.552025
-0.0714393 0.0836447 -0.00238666 0.011978 0.0122135 1.76747
-0.0975712 0.0507923 0.00546986 -0.00947403 0.0109397 -1.04719
-0.109494 0.010543 -0.0261232 0.00868632 0.0275295 2.82058
-0.10547 -0.0312417 0.0509825 0.00340793 0.0510962 0.0667459
-0.0860869 -0.0684766 -0.0691125 -0.0673399 0.0964946 -2.36918
-0.0541666 -0.0957391 0.0206753 0.236857 0.237758 1.48373
-0.0143579 -0.109059 0.316812 -0.53423 0.621106 -1.03552
# x y Real Imaginary Modulus Phase <-> f = 0 s = 14
0.101256 -0.0429804 0.732673 -0.0979233 0.739188 -0.132865
0.109983 -0.00191976 -0.577917 0.459383 0.738255 2.46997
0.102694 0.0394205 0.426001 -0.304409 0.523586 -0.62044
0.0804489 0.0750198 -0.215888 0.118782 0.246408 2.63859
0.046488 0.0996939 0.0962448 -0.0419942 0.105008 -0.411426
0.00575696 0.109849 -0.0241833 0.0160183 0.0290073 2.55657
-0.0358125 0.104007 -0.00136872 -0.0104395 0.0105288 -1.70116
-0.0721665 0.0830181 0.00713064 0.0117845 0.0137739 1.02665
-0.0980107 0.049939 -0.0140661 0.0172052 0.0222233 2.25615
-0.109581 0.00958713 0.00617942 -0.0259351 0.0266611 -1.33689
-0.105194 -0.0321609 -0.0115602 0.0291987 0.0314038 1.94777
-0.0854861 -0.0692252 0.0384932 -0.00456864 0.0387634 -0.118134
-0.0533291 -0.0962082 -0.0696802 -0.0789398 0.105294 -2.29397
-0.0134056 -0.10918 -0.00414957 0.310769 0.310797 1.58415
0.0284701 -0.106252 0.31504 -0.732203 0.797102 -1.16448
# x y Real Imaginary Modulus Phase <-> f = 0 s = 15
0.109996 -0.000959919 0.646925 0.0174115 0.647159 0.0269077
0.102346 0.0403151 -0.534767 0.451133 0.699641 2.44082
0.0797912 0.075719 0.360123 -0.283886 0.458563 -0.667568
0.0456163 0.100096 -0.163056 0.130319 0.208735 2.46732
0.00479813 0.109895 0.0443663 -0.0492382 0.0662779 -0.837399
-0.0367188 0.103691 -0.00237982 0.0213786 0.0215107 1.68166
-0.0728882 0.0823851 -0.0120973 -0.00547594 0.013279 -2.71653
-0.0984428 0.0490818 0.00738689 0.0132546 0.015174 1.06236
-0.109661 0.0086305 -0.0228707 0.0172584 0.0286517 2.49515
-0.104909 -0.0330776 0.00745081 -0.0387764 0.0394858 -1.38096
-0.0848787 -0.0699686 -0.00789783 0.0270934 0.028221 1.85444
-0.0524875 -0.0966699 0.0545585 0.013435 0.0561883 0.241447
-0.0124524 -0.109293 -0.0746415 -0.14802 0.165774 -2.03785
0.0293962 -0.105999 -0.00284032 0.482124 0.482133 1.57669
0.0669638 -0.0872689 0.0623965 -0.790058 0.792518 -1.49198
