# x y Real Imaginary Modulus Phase <-> f = 0 s = 0
0.10199 0.0412067 0.73239 -0.0325646 0.733114 -0.0444342
0.0791274 0.0764124 -0.567336 0.32976 0.65621 2.61508
0.044741 0.10049 0.291807 -0.226386 0.369326 -0.659813
0.00383894 0.109933 -0.0964477 0.110099 0.146369 2.2902
-0.0376222 0.103366 0.0120352 -0.047893 0.049382 -1.3246
-0.0736044 0.0817459 0.00783149 0.0098868 0.0126127 0.900881
-0.0988673 0.0482208 -0.0203611 -0.000855592 0.020379 -3.0996
-0.109732 0.00767321 0.00321029 0.0103536 0.0108399 1.27013
-0.104616 -0.0339919 -0.0249765 0.0185642 0.03112 2.50241
-0.0842649 -0.0707066 0.0103914 -0.0313314 0.0330097 -1.25055
-0.0516419 -0.0971242 -0.0322236 0.0017164 0.0322693 3.08838
-0.0114981 -0.109397 0.060162 0.0651179 0.0886556 0.824936
0.0303201 -0.105739 -0.0534191 -0.276348 0.281464 -1.76174
0.0677228 -0.0866812 0.122255 0.637894 0.649504 1.38144
0.0952628 -0.055 -0.0209903 -0.644171 0.644513 -1.60337
# x y Real Imaginary Modulus Phase <-> f = 0 s = 1
0.0784575 0.0771 0.819385 -0.0823862 0.823517 -0.10021
0.0438624 0.100877 -0.572754 0.265276 0.631204 2.70785
0.00287946 0.109962 0.231053 -0.174841 0.289749 -0.647784
-0.0385228 0.103034 -0.0518753 0.105298 0.117383 2.02855
-0.0743149 0.0811005 0.00304433 -0.0372925 0.0374166 -1.48934
-0.0992844 0.0473562 0.0026044 0.0118816 0.0121637 1.35501
-0.109795 0.00671534 -0.0273492 -0.00102468 0.0273684 -3.10414
-0.104316 -0.0349035 0.0116713 0.0105263 0.015717 0.733863
-0.0836447 -0.0714393 -0.0208082 0.0163794 0.0264814 2.47473
-0.0507923 -0.0975712 0.0153414 -0.00478862 0.0160714 -0.302554
-0.010543 -0.109494 -0.0290071 -0.0358194 0.0460917 -2.25149
0.0312417 -0.10547 0.0190795 0.141414 0.142695 1.43669
0.0684766 -0.0860869 -0.0534619 -0.38205 0.385773 -1.70983
0.0957391 -0.0541666 0.18863 0.638026 0.665325 1.28334
0.109059 -0.0143579 0.033056 -0.680393 0.681196 -1.52225
# x y Real Imaginary Modulus Phase <-> f = 0 s = 2
0.0429804 0.101256 0.872111 -0.074499 0.875287 -0.0852169
0.00191976 0.109983 -0.519105 0.1856 0.551287 2.79822
-0.0394205 0.102694 0.185348 -0.17427 0.254409 -0.754601
-0.0750198 0.0804489 -0.0433448 0.101883 0.11072 1.97304
-0.0996939 0.046488 0.00252597 -0.0427546 0.0428292 -1.51178
-0.109849 0.00575696 0.00907112 0.0125462 0.015482 0.944789
-0.104007 -0.0358125 -0.0177874 -0.00334795 0.0180997 -2.95555
-0.0830181 -0.0721665 0.00889086 0.0122014 0.015097 0.941082
-0.049939 -0.0980107 -0.00962383 0.00521376 0.0109454 2.6451
-0.00958713 -0.109581 0.00917408 0.0164122 0.0188022 1.06109
0.0321609 -0.105194 0.00151872 -0.0585501 0.0585698 -1.54486
0.0692252 -0.0854861 0.0145556 0.174464 0.17507 1.48756
0.0962082 -0.0533291 -0.0763096 -0.363301 0.371229 -1.77783
0.10918 -0.0134056 0.105498 0.566587 0.576325 1.38671
0.106252 0.0284701 0.102509 -0.775651 0.782395 -1.4394
# x y Real Imaginary Modulus Phase <-> f = 0 s = 3
0.000959919 0.109996 0.902763 0.0115277 0.902836 0.0127687
-0.0403151 0.102346 -0.476517 0.195081 0.514903 2.75302
-0.075719 0.0797912 0.172294 -0.165232 0.238719 -0.764479
-0.100096 0.0456163 -0.0455913 0.0999636 0.109869 1.99869
-0.109895 0.00479813 0.00105822 -0.0443973 0.0444099 -1.54697
-0.103691 -0.0367188 0.00605141 0.0201919 0.0210791 1.27962
-0.0823851 -0.0728882 -0.0098908 -0.00789107 0.0126529 -2.46818
-0.0490818 -0.0984428 0.00754537 0.00269258 0.00801141 0.342766
-0.0086305 -0.109661 -0.00423086 0.00030957 0.00424217 3.06855
0.0330776 -0.104909 -0.00290032 0.0157669 0.0160314 1.75271
0.0699686 -0.0848787 -0.000555137 -0.0712121 0.0712143 -1.57859
0.0966699 -0.0524875 0.0365481 0.151205 0.15556 1.33363
0.109293 -0.0124524 -0.0840694 -0.287214 0.299265 -1.85555
0.105999 0.0293962 0.0467316 0.522553 0.524639 1.4816
0.0872689 0.0669638 0.148597 -0.79006 0.803913 -1.38489
# x y Real Imaginary Modulus Phase <-> f = 0 s = 4
-0.0412067 0.10199 0.876651 -0.0112771 0.876724 -0.0128632
-0.0764124 0.0791274 -0.474796 0.175539 0.506207 2.78746
-0.10049 0.044741 0.197453 -0.169068 0.259945 -0.708106
-0.109933 0.00383894 -0.0629036 0.104115 0.121642 2.11428
-0.103366 -0.0376222 0.0220667 -0.0495757 0.054265 -1.15202
-0.0817459 -0.0736044 -0.00756715 0.0161343 0.0178207 2.00935
-0.0482208 -0.0988673 -0.00111507 -0.00236636 0.00261592 -2.01115
-0.00767321 -0.109732 0.0105009 0.00089976 0.0105394 0.0854754
0.0339919 -0.104616 -0.00341488 -0.0031824 0.00466788 -2.39142
0.0707066 -0.0842649 0.00822065 0.0206392 0.0222162 1.19175
0.0971242 -0.0516419 -0.0272013 -0.0409596 0.0491691 -2.15702
0.109397 -0.0114981 0.0499179 0.0920591 0.104722 1.07393
0.105739 0.0303201 -0.0682525 -0.211424 0.222168 -1.88306
0.0866812 0.0677228 0.0122128 0.438211 0.438381 1.54293
0.055 0.0952628 0.229004 -0.737184 0.771935 -1.2696
# x y Real Imaginary Modulus Phase <-> f = 0 s = 5
-0.0771 0.0784575 0.902608 -0.0195713 0.90282 -0.0216796
-0.100877 0.0438624 -0.554372 0.221501 0.596985 2.76147
-0.109962 0.00287946 0.262682 -0.209509 0.336 -0.673262
-0.103034 -0.0385228 -0.126392 0.116406 0.171829 2.3973
-0.0811005 -0.0743149 0.0578055 -0.0408982 0.0708106 -0.615751
-0.0473562 -0.0992844 -0.0124785 0.00712365 0.0143687 2.62287
-0.00671534 -0.109795 -0.00371884 -0.00292108 0.0047289 -2.47577
0.0349035 -0.104316 0.0118296 0.00577939 0.0131659 0.45445
0.0714393 -0.0836447 -0.0120377 -0.00248518 0.0122916 -2.938
0.0975712 -0.0507923 0.0198597 0.00442571 0.0203469 0.219266
0.109494 -0.010543 -0.0289168 -0.0190658 0.0346365 -2.55868
0.10547 0.0312417 0.0602266 0.0619343 0.0863892 0.799376
0.0860869 0.0684766 -0.0850908 -0.173071 0.192858 -2.02774
0.0541666 0.0957391 0.0398347 0.402236 0.404204 1.47209
0.0143579 0.109059 0.197529 -0.721752 0.748294 -1.30366
# x y Real Imaginary Modulus Phase <-> f = 0 s = 6
-0.101256 0.0429804 0.845615 -0.0461153 0.846871 -0.0544806
-0.109983 0.00191976 -0.554335 0.306176 0.63327 2.63696
-0.102694 -0.0394205 0.326476 -0.234804 0.402144 -0.6235
-0.0804489 -0.0750198 -0.149308 0.104805 0.18242 2.52957
-0.046488 -0.0996939 0.0517765 -0.0361153 0.0631278 -0.609062
-0.00575696 -0.109849 0.00058335 0.0149513 0.0149627 1.5318
0.0358125 -0.104007 -0.0148613 -0.00108038 0.0149005 -3.06902
0.0721665 -0.0830181 0.0148539 0.0135594 0.0201121 0.739872
0.0980107 -0.049939 -0.0168465 0.00808734 0.0186872 2.69402
0.109581 -0.00958713 0.0120736 -0.0057179 0.0133591 -0.442295
0.105194 0.0321609 -0.0305405 -0.0109035 0.0324285 -2.79868
0.0854861 0.0692252 0.0614757 0.0499064 0.0791828 0.681899
0.0533291 0.0962082 -0.0867917 -0.154391 0.177114 -2.08292
0.0134056 0.10918 0.0325248 0.389595 0.39095 1.48751
-0.0284701 0.106252 0.233764 -0.746193 0.781953 -1.2672
# x y Real Imaginary Modulus Phase <-> f = 0 s = 7
-0.109996 0.000959919 0.764941 -0.0769174 0.768798 -0.100217
-0.102346 -0.0403151 -0.617466 0.358558 0.714022 2.61549
-0.0797912 -0.075719 0.349716 -0.202479 0.404103 -0.524822
-0.0456163 -0.100096 -0.121458 0.0916517 0.152158 2.49516
-0.00479813 -0.109895 0.00910822 -0.041329 0.0423208 -1.35388
0.0367188 -0.103691 0.0132474 0.00478746 0.0140859 0.346784
0.0728882 -0.0823851 -0.0265983 -0.000879211 0.0266128 -3.10855
0.0984428 -0.0490818 0.00931275 0.0105259 0.0140543 0.846475
0.109661 -0.0086305 -0.020021 0.0128731 0.0238025 2.57017
0.104909 0.0330776 0.00462438 -0.00804436 0.00927883 -1.04907
0.0848787 0.0699686 -0.0281064 -0.0101063 0.0298681 -2.79642
0.0524875 0.0966699 0.060543 0.0487043 0.0777018 0.677454
0.0124524 0.109293 -0.0811032 -0.173489 0.191511 -2.00809
-0.0293962 0.105999 0.0140878 0.462037 0.462251 1.54032
-0.0669638 0.0872689 0.153775 -0.768855 0.784082 -1.3734
# x y Real Imaginary Modulus Phase <-> f = 0 s = 8
-0.10199 -0.0412067 0.724844 -0.1499 0.740182 -0.203929
-0.0791274 -0.0764124 -0.619688 0.321034 0.697908 2.6636
-0.044741 -0.10049 0.259597 -0.177005 0.314199 -0.598438
-0.00383894 -0.109933 -0.0266482 0.0951964 0.0988558 1.84374
0.0376222 -0.103366 -0.0219551 -0.0307645 0.0377953 -2.19063
0.0736044 -0.0817459 0.034547 -0.00387419 0.0347636 -0.111676
0.0988673 -0.0482208 -0.0363909 0.00207706 0.0364501 3.08458
0.109732 -0.00767321 0.00562489 0.00844986 0.0101508 0.983478
0.104616 0.0339919 -0.0200482 0.0156208 0.0254154 2.47969
0.0842649 0.0707066 0.0103577 -0.00916646 0.0138314 -0.724459
0.0516419 0.0971242 -0.0326027 -0.00699419 0.0333445 -2.93027
0.0114981 0.109397 0.0622007 0.0634149 0.0888278 0.795064
-0.0303201 0.105739 -0.0760886 -0.233295 0.245389 -1.88607
-0.0677228 0.0866812 0.0785621 0.524781 0.530629 1.4222
-0.0952628 0.055 0.0691692 -0.743852 0.747061 -1.47808
# x y Real Imaginary Modulus Phase <-> f = 0 s = 9
-0.0784575 -0.0771 0.865499 -0.0519945 0.867059 -0.0600025
-0.0438624 -0.100877 -0.500006 0.151473 0.522447 2.84744
-0.00287946 -0.109962 0.114756 -0.138916 0.180185 -0.880352
0.0385228 -0.103034 0.0209128 0.0658163 0.0690589 1.26314
0.0743149 -0.0811005 -0.0339427 -0.00905421 0.0351295 -2.88091
0.0992844 -0.0473562 0.0348407 -0.0113305 0.0366368 -0.31442
0.109795 -0.00671534 -0.0348731 -0.000349832 0.0348749 -3.13156
0.104316 0.0349035 0.00748582 0.0139348 0.0158183 1.07783
0.0836447 0.0714393 -0.0186087 0.00926885 0.0207893 2.67947
0.0507923 0.0975712 0.0166386 0.000722286 0.0166543 0.043383
0.010543 0.109494 -0.0318418 -0.0256085 0.0408619 -2.46427
-0.0312417 0.10547 0.043528 0.111953 0.120117 1.19998
-0.0684766 0.0860869 -0.0723149 -0.299427 0.308036 -1.80777
-0.0957391 0.0541666 0.0779301 0.599519 0.604563 1.44153
-0.109059 0.0143579 0.000939764 -0.797896 0.797896 -1.56962
# x y Real Imaginary Modulus Phase <-> f = 0 s = 10
-0.0429804 -0.101256 0.88361 0.135615 0.893956 0.15229
-0.00191976 -0.109983 -0.346113 0.121922 0.36696 2.80291
0.0394205 -0.102694 0.0691061 -0.119235 0.137814 -1.04553
0.0750198 -0.0804489 0.0123067 0.0555024 0.0568504 1.35259
0.0996939 -0.046488 -0.0321217 -0.0148831 0.0354021 -2.7077
0.109849 -0.00575696 0.0298113 0.000254307 0.0298124 0.00853033
0.104007 0.0358125 -0.0266661 -0.00523513 0.0271752 -2.94774
0.0830181 0.0721665 0.0134556 0.0157125 0.0206866 0.862622
0.049939 0.0980107 -0.0118102 0.00299986 0.0121852 2.89285
0.00958713 0.109581 0.0113602 0.00846641 0.0141681 0.640467
-0.0321609 0.105194 -0.010197 -0.0432653 0.0444507 -1.80226
-0.0692252 0.0854861 0.0293113 0.132002 0.135218 1.35229
-0.0962082 0.0533291 -0.0362754 -0.30086 0.303039 -1.69079
-0.10918 0.0134056 0.0426714 0.598523 0.600043 1.49962
-0.106252 -0.0284701 0.127766 -0.779992 0.790387 -1.40843
# x y Real Imaginary Modulus Phase <-> f = 0 s = 11
-0.000959919 -0.109996 0.761749 0.211924 0.790679 0.271345
0.0403151 -0.102346 -0.316859 0.0989166 0.33194 2.839
0.075719 -0.0797912 0.0939789 -0.119942 0.152375 -0.906175
0.100096 -0.0456163 -0.00077157 0.0767071 0.0767109 1.58085
0.109895 -0.00479813 -0.0111579 -0.0417708 0.0432354 -1.83182
0.103691 0.0367188 0.00324056 0.0182982 0.0185829 1.39552
0.0823851 0.0728882 -0.00721596 -0.00318638 0.00788817 -2.72577
0.0490818 0.0984428 0.00777088 0.00549899 0.00951974 0.615836
0.0086305 0.109661 -0.00489366 0.00158001 0.00514241 2.82929
-0.0330776 0.104909 0.0070681 0.00755069 0.0103427 0.818398
-0.0699686 0.0848787 -0.0073262 -0.0404948 0.0411522 -1.74978
-0.0966699 0.0524875 0.024939 0.104387 0.107324 1.33628
-0.109293 0.0124524 -0.0529838 -0.233467 0.239404 -1.79396
-0.105999 -0.0293962 0.00554098 0.419127 0.419163 1.55758
-0.0872689 -0.0669638 0.292157 -0.671995 0.732757 -1.16069
# x y Real Imaginary Modulus Phase <-> f = 0 s = 12
0.0412067 -0.10199 0.822295 0.199241 0.846088 0.237718
0.0764124 -0.0791274 -0.423136 0.109055 0.436963 2.88935
0.10049 -0.044741 0.176507 -0.157542 0.236588 -0.728685
0.109933 -0.00383894 -0.073629 0.1075 0.130298 2.17133
0.103366 0.0376222 0.0367308 -0.0523107 0.0639184 -0.958618
0.0817459 0.0736044 -0.0179089 0.0166665 0.0244643 2.39211
0.0482208 0.0988673 0.00493461 -0.0014506 0.0051434 -0.28591
0.00767321 0.109732 0.00798725 -0.00017303 0.00798912 -0.0216599
-0.0339919 0.104616 -0.000331634 0.00101811 0.00107076 1.88569
-0.0707066 0.0842649 0.00918777 0.00716568 0.0116517 0.662373
-0.0971242 0.0516419 -0.0272279 -0.0146946 0.0309401 -2.6467
-0.109397 0.0114981 0.0616779 0.041867 0.0745454 0.596356
-0.105739 -0.0303201 -0.0852111 -0.107999 0.137567 -2.23879
-0.0866812 -0.0677228 0.0307675 0.281961 0.283635 1.46211
-0.055 -0.0952628 0.275889 -0.505927 0.576261 -1.07156
# x y Real Imaginary Modulus Phase <-> f = 0 s = 13
0.0771 -0.0784575 0.945597 0.032172 0.946144 0.0340098
0.100877 -0.0438624 -0.582776 0.235713 0.62864 2.75724
0.109962 -0.00287946 0.331225 -0.218719 0.396923 -0.583605
0.103034 0.0385228 -0.176572 0.112197 0.209202 2.57554
0.0811005 0.0743149 0.0871254 -0.0306161 0.0923482 -0.337924
0.0473562 0.0992844 -0.0305028 0.000827028 0.0305141 3.11449
0.00671534 0.109795 0.00873552 0.000540916 0.00875225 0.0618425
-0.0349035 0.104316 0.00379102 0.00348761 0.00515124 0.743738
-0.0714393 0.0836447 -0.00646568 0.00784459 0.0101658 2.26013
-0.0975712 0.0507923 0.00387267 -0.0121621 0.0127638 -1.26253
-0.109494 0.010543 -0.0212425 0.00750203 0.0225283 2.8021
-0.10547 -0.0312417 0.0526006 -0.0024989 0.0526599 -0.0474714
-0.0860869 -0.0684766 -0.0765792 -0.0633147 0.0993636 -2.45073
-0.0541666 -0.0957391 0.0280863 0.230411 0.232116 1.4495
-0.0143579 -0.109059 0.303133 -0.528969 0.60967 -1.05042
# x y Real Imaginary Modulus Phase <-> f = 0 s = 14
0.101256 -0.0429804 0.746196 -0.0930054 0.75197 -0.124
0.109983 -0.00191976 -0.582716 0.442756 0.731841 2.49184
0.102694 0.0394205 0.412852 -0.294999 0.507416 -0.620417
0.0804489 0.0750198 -0.202445 0.122902 0.236831 2.59598
0.046488 0.0996939 0.0881909 -0.0494388 0.101103 -0.510936
0.00575696 0.109849 -0.0232357 0.0221376 0.0320932 2.38039
-0.0358125 0.104007 -0.0013077 -0.013491 0.0135542 -1.66743
-0.0721665 0.0830181 0.0110312 0.0169148 0.020194 0.992903
-0.0980107 0.049939 -0.0172421 0.0139188 0.022159 2.46244
-0.109581 0.00958713 0.0103263 -0.0285971 0.0304043 -1.22427
-0.105194 -0.0321609 -0.0186371 0.0344971 0.0392096 2.06613
-0.0854861 -0.0692252 0.0385781 -0.00943234 0.0397145 -0.239795
-0.0533291 -0.0962082 -0.075217 -0.0738268 0.105394 -2.36552
-0.0134056 -0.10918 0.00276412 0.309365 0.309378 1.56186
0.0284701 -0.106252 0.306004 -0.723395 0.785455 -1.17061
# x y Real Imaginary Modulus Phase <-> f = 0 s = 15
0.109996 -0.000959919 0.644969 0.0104317 0.645053 0.0161725
0.102346 0.0403151 -0.52872 0.44246 0.689431 2.44478
0.0797912 0.075719 0.353807 -0.28801 0.456211 -0.683238
0.0456163 0.100096 -0.155905 0.130869 0.203551 2.44328
0.00479813 0.109895 0.0371376 -0.0561583 0.0673273 -0.986517
-0.0367188 0.103691 0.0013922 0.0231158 0.0231577 1.51064
-0.0728882 0.0823851 -0.0138016 -0.00561163 0.0148988 -2.75542
-0.0984428 0.0490818 0.00599546 0.0114671 0.0129399 1.08905
-0.109661 0.0086305 -0.0245264 0.0165805 0.029605 2.54714
-0.104909 -0.0330776 0.00214093 -0.0348293 0.034895 -1.5094
-0.0848787 -0.0699686 -0.0117651 0.0293876 0.0316552 1.9516
-0.0524875 -0.0966699 0.0605354 0.00261586 0.0605919 0.0431852
-0.0124524 -0.109293 -0.0733852 -0.148816 0.165927 -2.02893
0.0293962 -0.105999 -0.00135986 0.481945 0.481947 1.57362
0.0669638 -0.0872689 0.07026 -0.788296 0.791421 -1.4819
