# x y Real Imaginary Modulus Phase <-> f = 0 s = 0
0.10199 0.0412067 0.731118 -0.0405375 0.732241 -0.0553892
0.0791274 0.0764124 -0.567583 0.324244 0.65367 2.62256
0.044741 0.10049 0.298284 -0.229239 0.376196 -0.655253
0.00383894 0.109933 -0.0926874 0.106049 0.140845 2.28906
-0.0376222 0.103366 0.0110866 -0.0467868 0.0480824 -1.33813
-0.0736044 0.0817459 -0.000152286 0.0117963 0.0117972 1.58371
-0.0988673 0.0482208 -0.0213589 0.000912926 0.0213784 3.09888
-0.109732 0.00767321 0.00268059 0.00116934 0.00292454 0.411341
-0.104616 -0.0339919 -0.0182402 0.0130773 0.0224437 2.51958
-0.0842649 -0.0707066 0.0225682 -0.0291975 0.0369028 -0.912769
-0.0516419 -0.0971242 -0.0263648 0.0133303 0.0295432 2.67347
-0.0114981 -0.109397 0.058914 0.0642525 0.0871736 0.828715
0.0303201 -0.105739 -0.0502495 -0.277383 0.281898 -1.75001
0.0677228 -0.0866812 0.123802 0.635176 0.647128 1.3783
0.0952628 -0.055 -0.0166625 -0.642933 0.643149 -1.59671
# x y Real Imaginary Modulus Phase <-> f = 0 s = 1
0.0784575 0.0771 0.820418 -0.0703049 0.823424 -0.0854852
0.0438624 0.100877 -0.565055 0.26919 0.625899 2.69701
0.00287946 0.109962 0.230721 -0.174626 0.289355 -0.647885
-0.0385228 0.103034 -0.0556646 0.106636 0.120291 2.05189
-0.0743149 0.0811005 0.000608138 -0.0419684 0.0419728 -1.55631
-0.0992844 0.0473562 0.00436967 0.0109004 0.0117436 1.18954
-0.109795 0.00671534 -0.0253953 -0.00797641 0.0266185 -2.83726
-0.104316 -0.0349035 0.00423789 0.00489722 0.0064763 0.857448
-0.0836447 -0.0714393 -0.0190203 0.00800912 0.0206378 2.74304
-0.0507923 -0.0975712 0.0144627 -0.0120428 0.0188202 -0.694355
-0.010543 -0.109494 -0.0315169 -0.0314681 0.0445371 -2.35697
0.0312417 -0.10547 0.0152121 0.138779 0.13961 1.46162
0.0684766 -0.0860869 -0.0608851 -0.386376 0.391143 -1.72709
0.0957391 -0.0541666 0.186962 0.629398 0.65658 1.28205
0.109059 -0.0143579 0.0399373 -0.690817 0.691971 -1.51305
# x y Real Imaginary Modulus Phase <-> f = 0 s = 2
0.0429804 0.101256 0.869682 -0.0786485 0.873231 -0.0901883
0.00191976 0.109983 -0.51827 0.185039 0.550312 2.79867
-0.0394205 0.102694 0.182814 -0.173544 0.252069 -0.759391
-0.0750198 0.0804489 -0.0375111 0.102866 0.109492 1.92047
-0.0996939 0.046488 -0.00268855 -0.042722 0.0428065 -1.63364
-0.109849 0.00575696 0.0118863 0.0105891 0.015919 0.727745
-0.104007 -0.0358125 -0.0171298 0.00114534 0.0171681 3.07483
-0.0830181 -0.0721665 0.00839242 0.015624 0.0177353 1.07787
-0.049939 -0.0980107 -0.014883 0.0025955 0.0151077 2.96894
-0.00958713 -0.109581 0.00886724 0.00914613 0.0127389 0.800879
0.0321609 -0.105194 0.00711899 -0.0502145 0.0507166 -1.42996
0.0692252 -0.0854861 0.00935544 0.173342 0.173595 1.51688
0.0962082 -0.0533291 -0.0913226 -0.358157 0.369616 -1.82046
0.10918 -0.0134056 0.0997508 0.564105 0.572857 1.39578
0.106252 0.0284701 0.101909 -0.767055 0.773795 -1.43871
# x y Real Imaginary Modulus Phase <-> f = 0 s = 3
0.000959919 0.109996 0.894113 0.0152781 0.894243 0.0170858
-0.0403151 0.102346 -0.472118 0.199609 0.512581 2.74159
-0.075719 0.0797912 0.168966 -0.169043 0.239008 -0.785626
-0.100096 0.0456163 -0.0412975 0.10322 0.111175 1.95138
-0.109895 0.00479813 -0.00676072 -0.0431985 0.0437243 -1.72604
-0.103691 -0.0367188 0.00708863 0.0196973 0.020934 1.22535
-0.0823851 -0.0728882 -0.00970117 -0.00829413 0.0127634 -2.43423
-0.0490818 -0.0984428 0.00518302 0.00811669 0.00963039 1.0025
-0.0086305 -0.109661 -0.00808137 -0.000680742 0.00810999 -3.05756
0.0330776 -0.104909 0.00180154 0.0112872 0.01143 1.41252
0.0699686 -0.0848787 0.00625441 -0.0654559 0.065754 -1.47553
0.0966699 -0.0524875 0.0445885 0.151727 0.158143 1.28497
0.109293 -0.0124524 -0.0804595 -0.28607 0.29717 -1.84497
0.105999 0.0293962 0.050369 0.521557 0.523984 1.47452
0.0872689 0.0669638 0.15165 -0.782911 0.797463 -1.37947
# x y Real Imaginary Modulus Phase <-> f = 0 s = 4
-0.0412067 0.10199 0.86801 -0.00899896 0.868057 -0.010367
-0.0764124 0.0791274 -0.468324 0.176336 0.500422 2.78148
-0.10049 0.044741 0.196914 -0.168419 0.259114 -0.707559
-0.109933 0.00383894 -0.060663 0.103902 0.120315 2.09925
-0.103366 -0.0376222 0.0194103 -0.0484143 0.0521604 -1.1895
-0.0817459 -0.0736044 -0.00714091 0.0183654 0.0197049 1.94163
-0.0482208 -0.0988673 -0.00310654 -0.00329465 0.00452827 -2.32682
-0.00767321 -0.109732 0.0103182 0.00228939 0.0105692 0.21834
0.0339919 -0.104616 -0.00655045 -0.00222278 0.00691731 -2.81445
0.0707066 -0.0842649 0.00853551 0.0202018 0.021931 1.17103
0.0971242 -0.0516419 -0.0282397 -0.0412644 0.0500023 -2.17095
0.109397 -0.0114981 0.0504987 0.089331 0.102617 1.05628
0.105739 0.0303201 -0.070454 -0.211054 0.222503 -1.89298
0.0866812 0.0677228 0.0135241 0.435518 0.435727 1.53975
0.055 0.0952628 0.228194 -0.729021 0.763901 -1.26744
# x y Real Imaginary Modulus Phase <-> f = 0 s = 5
-0.0771 0.0784575 0.895962 -0.0161901 0.896108 -0.0180681
-0.100877 0.0438624 -0.552753 0.222696 0.595927 2.7586
-0.109962 0.00287946 0.261272 -0.210226 0.335348 -0.677554
-0.103034 -0.0385228 -0.12626 0.117147 0.172235 2.39362
-0.0811005 -0.0743149 0.0537391 -0.040385 0.0672223 -0.644462
-0.0473562 -0.0992844 -0.0094783 0.00944375 0.0133799 2.35802
-0.00671534 -0.109795 -0.00512639 -0.00351798 0.0062174 -2.54015
0.0349035 -0.104316 0.0106283 0.00742313 0.012964 0.60967
0.0714393 -0.0836447 -0.0137909 -0.0035726 0.0142462 -2.88811
0.0975712 -0.0507923 0.0193369 0.0038801 0.0197224 0.198028
0.109494 -0.010543 -0.0314487 -0.0181799 0.0363253 -2.61744
0.10547 0.0312417 0.060537 0.0607704 0.0857774 0.787322
0.0860869 0.0684766 -0.0876962 -0.170433 0.191672 -2.04602
0.0541666 0.0957391 0.0436941 0.399022 0.401407 1.46173
0.0143579 0.109059 0.192456 -0.71388 0.739368 -1.30746
# x y Real Imaginary Modulus Phase <-> f = 0 s = 6
-0.101256 0.0429804 0.845923 -0.0387401 0.84681 -0.0457642
-0.109983 0.00191976 -0.547882 0.305168 0.627138 2.63339
-0.102694 -0.0394205 0.322 -0.236209 0.399347 -0.632902
-0.0804489 -0.0750198 -0.147603 0.10789 0.182831 2.5104
-0.046488 -0.0996939 0.0471838 -0.0351283 0.0588244 -0.639971
-0.00575696 -0.109849 0.00127514 0.0151263 0.0151799 1.4867
0.0358125 -0.104007 -0.0168704 -0.00319394 0.0171701 -2.95449
0.0721665 -0.0830181 0.0098381 0.0118079 0.0153693 0.87615
0.0980107 -0.049939 -0.0207959 0.00760708 0.0221436 2.79091
0.109581 -0.00958713 0.0115063 -0.00587105 0.0129176 -0.47181
0.105194 0.0321609 -0.0311136 -0.00997163 0.0326725 -2.83144
0.0854861 0.0692252 0.0627526 0.0483657 0.0792283 0.65664
0.0533291 0.0962082 -0.0879449 -0.153863 0.177223 -2.09006
0.0134056 0.10918 0.0339289 0.386841 0.388326 1.48331
-0.0284701 0.106252 0.231305 -0.739909 0.775221 -1.26781
# x y Real Imaginary Modulus Phase <-> f = 0 s = 7
-0.109996 0.000959919 0.769131 -0.0749176 0.772771 -0.0970991
-0.102346 -0.0403151 -0.615067 0.351579 0.70846 2.62231
-0.0797912 -0.075719 0.34314 -0.204977 0.399701 -0.538473
-0.0456163 -0.100096 -0.120003 0.0922896 0.151388 2.48601
-0.00479813 -0.109895 0.00604169 -0.0439618 0.044375 -1.43422
0.0367188 -0.103691 0.0166182 0.00563105 0.0175463 0.326705
0.0728882 -0.0823851 -0.0276053 -0.00716576 0.0285202 -2.88762
0.0984428 -0.0490818 0.00574375 0.00486688 0.00752843 0.702945
0.109661 -0.0086305 -0.0227757 0.0112305 0.0253941 2.68349
0.104909 0.0330776 0.00702392 -0.00865236 0.0111444 -0.888906
0.0848787 0.0699686 -0.0281037 -0.00997544 0.0298216 -2.80051
0.0524875 0.0966699 0.0607878 0.0478867 0.077384 0.667238
0.0124524 0.109293 -0.0822466 -0.172239 0.190868 -2.01629
-0.0293962 0.105999 0.0134626 0.461706 0.461902 1.54165
-0.0669638 0.0872689 0.154368 -0.763927 0.779368 -1.37141
# x y Real Imaginary Modulus Phase <-> f = 0 s = 8
-0.10199 -0.0412067 0.729945 -0.148179 0.744833 -0.200278
-0.0791274 -0.0764124 -0.613885 0.319476 0.69204 2.66175
-0.044741 -0.10049 0.256428 -0.177876 0.312082 -0.606465
-0.00383894 -0.109933 -0.0242119 0.095718 0.0987328 1.81855
0.0376222 -0.103366 -0.0262581 -0.0283979 0.0386772 -2.31706
0.0736044 -0.0817459 0.0373314 -0.00341063 0.0374869 -0.0911081
0.0988673 -0.0482208 -0.0314763 -0.00534092 0.0319262 -2.97351
0.109732 -0.00767321 0.00388164 -5.47097e-05 0.00388202 -0.0140936
0.104616 0.0339919 -0.0248752 0.012386 0.0277883 2.6796
0.0842649 0.0707066 0.013057 -0.00781406 0.0152166 -0.539286
0.0516419 0.0971242 -0.0346729 -0.0072567 0.0354241 -2.93528
0.0114981 0.109397 0.061263 0.0631202 0.087962 0.800328
-0.0303201 0.105739 -0.0762156 -0.23185 0.244056 -1.8884
-0.0677228 0.0866812 0.0832664 0.520806 0.52742 1.41226
-0.0952628 0.055 0.0760077 -0.74494 0.748808 -1.46912
# x y Real Imaginary Modulus Phase <-> f = 0 s = 9
-0.0784575 -0.0771 0.861261 -0.047323 0.86256 -0.0548909
-0.0438624 -0.100877 -0.498979 0.153774 0.522137 2.84265
-0.00287946 -0.109962 0.108272 -0.141006 0.17778 -0.915967
0.0385228 -0.103034 0.0184362 0.0648064 0.0673778 1.29364
0.0743149 -0.0811005 -0.0359196 -0.00751226 0.0366968 -2.93542
0.0992844 -0.0473562 0.0427835 -0.010296 0.0440049 -0.236162
0.109795 -0.00671534 -0.028625 -0.00608538 0.0292647 -2.93212
0.104316 0.0349035 0.00548076 0.00553791 0.00779149 0.790585
0.0836447 0.0714393 -0.0190644 0.00876928 0.0209845 2.71047
0.0507923 0.0975712 0.0180037 -0.00144429 0.0180615 -0.0800506
0.010543 0.109494 -0.0329236 -0.0225356 0.0398976 -2.54136
-0.0312417 0.10547 0.0439136 0.109971 0.118415 1.19088
-0.0684766 0.0860869 -0.0758359 -0.297086 0.306612 -1.82073
-0.0957391 0.0541666 0.0749554 0.594234 0.598943 1.44532
-0.109059 0.0143579 0.0065244 -0.798909 0.798936 -1.56263
# x y Real Imaginary Modulus Phase <-> f = 0 s = 10
-0.0429804 -0.101256 0.885046 0.130498 0.894615 0.146393
-0.00191976 -0.109983 -0.344996 0.119776 0.365197 2.80743
0.0394205 -0.102694 0.0707942 -0.118552 0.138081 -1.03247
0.0750198 -0.0804489 0.0136484 0.0534021 0.0551186 1.32057
0.0996939 -0.046488 -0.032805 -0.0083778 0.0338578 -2.89155
0.109849 -0.00575696 0.0375944 0.00176506 0.0376358 0.0469156
0.104007 0.0358125 -0.0249792 -0.0114946 0.027497 -2.71032
0.0830181 0.0721665 0.00874575 0.0138884 0.0164127 1.00881
0.049939 0.0980107 -0.0128067 0.000955768 0.0128423 3.0671
0.00958713 0.109581 0.0114194 0.00750884 0.0136669 0.581666
-0.0321609 0.105194 -0.0120609 -0.0405255 0.0422822 -1.86006
-0.0692252 0.0854861 0.0289369 0.130224 0.133401 1.35214
-0.0962082 0.0533291 -0.0422861 -0.29897 0.301946 -1.7113
-0.10918 0.0134056 0.0438862 0.592205 0.593829 1.49683
-0.106252 -0.0284701 0.128876 -0.773564 0.784226 -1.40571
# x y Real Imaginary Modulus Phase <-> f = 0 s = 11
-0.000959919 -0.109996 0.760001 0.206565 0.787573 0.265385
0.0403151 -0.102346 -0.315107 0.0967426 0.329623 2.84371
0.075719 -0.0797912 0.0915036 -0.118783 0.149941 -0.914402
0.100096 -0.0456163 -0.00193944 0.0785827 0.0786067 1.59547
0.109895 -0.00479813 -0.0143892 -0.0367959 0.0395093 -1.94357
0.103691 0.0367188 0.00941407 0.0175665 0.01993 1.07883
0.0823851 0.0728882 -0.0102977 -0.00752471 0.012754 -2.51055
0.0490818 0.0984428 0.00753075 0.00858656 0.0114211 0.850813
0.0086305 0.109661 -0.00572919 8.6643e-05 0.00572985 3.12647
-0.0330776 0.104909 0.00780691 0.00739975 0.0107566 0.758629
-0.0699686 0.0848787 -0.00689938 -0.0365818 0.0372268 -1.75721
-0.0966699 0.0524875 0.0253024 0.101916 0.10501 1.32745
-0.109293 0.0124524 -0.0525222 -0.231868 0.237742 -1.79355
-0.105999 -0.0293962 0.00768915 0.41871 0.41878 1.55243
-0.0872689 -0.0669638 0.291451 -0.672523 0.73296 -1.16186
# x y Real Imaginary Modulus Phase <-> f = 0 s = 12
0.0412067 -0.10199 0.816226 0.196938 0.839648 0.236753
0.0764124 -0.0791274 -0.417192 0.107136 0.430729 2.89022
0.10049 -0.044741 0.171136 -0.157501 0.232582 -0.743933
0.109933 -0.00383894 -0.0671784 0.104932 0.124594 2.14026
0.103366 0.0376222 0.0317758 -0.052057 0.0609888 -1.02276
0.0817459 0.0736044 -0.0150033 0.0170124 0.0226831 2.29353
0.0482208 0.0988673 -0.000101503 -0.00577659 0.00577748 -1.58837
0.00767321 0.109732 0.00440431 0.00461972 0.00638277 0.809265
-0.0339919 0.104616 -0.00361429 0.00208358 0.00417186 2.61864
-0.0707066 0.0842649 0.0108872 0.00204766 0.0110781 0.185907
-0.0971242 0.0516419 -0.028174 -0.0134579 0.0312233 -2.69597
-0.109397 0.0114981 0.063819 0.0406503 0.0756658 0.567155
-0.105739 -0.0303201 -0.0881198 -0.103542 0.135964 -2.2759
-0.0866812 -0.0677228 0.0290498 0.277255 0.278773 1.4664
-0.055 -0.0952628 0.26848 -0.505036 0.571964 -1.08218
# x y Real Imaginary Modulus Phase <-> f = 0 s = 13
0.0771 -0.0784575 0.953251 0.0369838 0.953968 0.0387781
0.100877 -0.0438624 -0.575135 0.236015 0.621678 2.75218
0.109962 -0.00287946 0.335175 -0.218757 0.400245 -0.578246
0.103034 0.0385228 -0.182686 0.107135 0.211783 2.6112
0.0811005 0.0743149 0.0820996 -0.0284269 0.0868817 -0.333329
0.0473562 0.0992844 -0.0238526 0.00224363 0.0239578 3.04781
0.00671534 0.109795 0.00323138 -0.00548052 0.00636222 -1.03805
-0.0349035 0.104316 -0.000238621 0.00604854 0.00605325 1.61023
-0.0714393 0.0836447 -0.0078606 0.0119007 0.0142624 2.15453
-0.0975712 0.0507923 0.0113134 -0.0157455 0.0193885 -0.94775
-0.109494 0.010543 -0.0270205 0.0157047 0.0312529 2.6151
-0.10547 -0.0312417 0.0580782 -0.00478268 0.0582748 -0.0821635
-0.0860869 -0.0684766 -0.076842 -0.0619765 0.0987207 -2.46287
-0.0541666 -0.0957391 0.028612 0.226445 0.228246 1.44511
-0.0143579 -0.109059 0.303005 -0.528905 0.609552 -1.05055
# x y Real Imaginary Modulus Phase <-> f = 0 s = 14
0.101256 -0.0429804 0.749249 -0.0803284 0.753543 -0.106804
0.109983 -0.00191976 -0.574802 0.438036 0.722684 2.49042
0.102694 0.0394205 0.405238 -0.29788 0.502942 -0.63388
0.0804489 0.0750198 -0.207061 0.129633 0.244293 2.58223
0.046488 0.0996939 0.0911107 -0.0423388 0.100468 -0.435008
0.00575696 0.109849 -0.0214091 0.020039 0.0293243 2.38924
-0.0358125 0.104007 -0.000197054 -0.0152878 0.0152891 -1.58369
-0.0721665 0.0830181 0.000971144 0.0128941 0.0129307 1.49562
-0.0980107 0.049939 -0.0190426 0.0103751 0.0216855 2.64272
-0.109581 0.00958713 0.0175951 -0.0314658 0.0360511 -1.06093
-0.105194 -0.0321609 -0.015094 0.0350731 0.0381831 1.9772
-0.0854861 -0.0692252 0.0417258 -0.0120373 0.0434274 -0.280859
-0.0533291 -0.0962082 -0.077187 -0.0758141 0.108193 -2.36517
-0.0134056 -0.10918 0.00661988 0.306731 0.306802 1.54922
0.0284701 -0.106252 0.318084 -0.723346 0.790194 -1.15651
# x y Real Imaginary Modulus Phase <-> f = 0 s = 15
0.109996 -0.000959919 0.667277 0.00734143 0.667317 0.0110016
0.102346 0.0403151 -0.536133 0.433675 0.689574 2.46145
0.0797912 0.075719 0.344729 -0.283148 0.446106 -0.687632
0.0456163 0.100096 -0.154094 0.136366 0.205769 2.41715
0.00479813 0.109895 0.0370214 -0.0553321 0.0665749 -0.981128
-0.0367188 0.103691 0.00180573 0.021783 0.0218577 1.48809
-0.0728882 0.0823851 -0.0147888 -0.00589191 0.0159193 -2.76246
-0.0984428 0.0490818 0.00159892 0.00427715 0.00456624 1.21305
-0.109661 0.0086305 -0.0225738 0.00938522 0.0244471 2.74758
-0.104909 -0.0330776 0.0182592 -0.0380791 0.0422305 -1.12368
-0.0848787 -0.0699686 -0.0181132 0.0332952 0.0379033 2.06904
-0.0524875 -0.0966699 0.0573447 0.0110484 0.0583993 0.190335
-0.0124524 -0.109293 -0.0775122 -0.143847 0.163401 -2.06504
0.0293962 -0.105999 0.0065779 0.474783 0.474828 1.55694
0.0669638 -0.0872689 0.0773078 -0.784311 0.788112 -1.47255
