# x y Real Imaginary Modulus Phase <-> f = 0 s = 0
0.10199 0.0412067 0.730916 -0.0472926 0.732444 -0.0646132
0.0791274 0.0764124 -0.578879 0.332148 0.6674 2.62068
0.044741 0.10049 0.298662 -0.221467 0.371815 -0.638058
0.00383894 0.109933 -0.0952107 0.104413 0.141305 2.31013
-0.0376222 0.103366 0.0173344 -0.0472375 0.0503176 -1.21909
-0.0736044 0.0817459 0.00330091 0.011072 0.0115535 1.28105
-0.0988673 0.0482208 -0.0170814 0.00377077 0.0174927 2.92432
-0.109732 0.00767321 -0.000824839 0.00756671 0.00761153 1.67938
-0.104616 -0.0339919 -0.014213 0.0203526 0.0248241 2.18041
-0.0842649 -0.0707066 0.00181988 -0.0303516 0.0304061 -1.51091
-0.0516419 -0.0971242 -0.0182304 0.0018311 0.0183221 3.04149
-0.0114981 -0.109397 0.0490536 0.0661558 0.082358 0.932766
0.0303201 -0.105739 -0.0462301 -0.283484 0.287229 -1.73245
0.0677228 -0.0866812 0.126615 0.652873 0.665037 1.37924
0.0952628 -0.055 -0.0232911 -0.636438 0.636864 -1.60738
# x y Real Imaginary Modulus Phase <-> f = 0 s = 1
0.0784575 0.0771 0.819088 -0.0855267 0.823541 -0.10404
0.0438624 0.100877 -0.583249 0.256359 0.637102 2.72747
0.00287946 0.109962 0.239705 -0.167517 0.292438 -0.609951
-0.0385228 0.103034 -0.0615606 0.0969052 0.114806 2.13674
-0.0743149 0.0811005 0.00596642 -0.0414361 0.0418635 -1.42779
-0.0992844 0.0473562 0.00494402 0.00853577 0.00986421 1.0458
-0.109795 0.00671534 -0.0173811 0.00109885 0.0174158 3.07846
-0.104316 -0.0349035 0.00608277 0.0119467 0.0134061 1.09985
-0.0836447 -0.0714393 -0.0151397 0.0154979 0.0216656 2.3445
-0.0507923 -0.0975712 0.00584809 -0.00950514 0.0111601 -1.01924
-0.010543 -0.109494 -0.0259753 -0.0308835 0.0403548 -2.27009
0.0312417 -0.10547 0.00878418 0.140899 0.141172 1.50853
0.0684766 -0.0860869 -0.0465454 -0.393449 0.396193 -1.68855
0.0957391 -0.0541666 0.183089 0.636388 0.662202 1.29066
0.109059 -0.0143579 0.029715 -0.692349 0.692987 -1.5279
# x y Real Imaginary Modulus Phase <-> f = 0 s = 2
0.0429804 0.101256 0.888626 -0.0734272 0.891655 -0.0824428
0.00191976 0.109983 -0.528677 0.172832 0.556211 2.82563
-0.0394205 0.102694 0.185999 -0.166749 0.249802 -0.730881
-0.0750198 0.0804489 -0.040292 0.0936415 0.101942 1.97713
-0.0996939 0.046488 0.00569456 -0.0441889 0.0445544 -1.44263
-0.109849 0.00575696 0.00717608 0.0111454 0.0132558 0.998748
-0.104007 -0.0358125 -0.0106983 -0.00230294 0.0109434 -2.92957
-0.0830181 -0.0721665 0.0114882 0.0119576 0.016582 0.805418
-0.049939 -0.0980107 -0.00859526 0.00675483 0.0109319 2.47552
-0.00958713 -0.109581 0.00492992 0.0108276 0.0118971 1.14353
0.0321609 -0.105194 0.00960522 -0.0539307 0.0547794 -1.39454
0.0692252 -0.0854861 0.00183118 0.175121 0.175131 1.56034
0.0962082 -0.0533291 -0.0808276 -0.361612 0.370535 -1.7907
0.10918 -0.0134056 0.0991249 0.576126 0.584592 1.40041
0.106252 0.0284701 0.0991771 -0.782061 0.788325 -1.44465
# x y Real Imaginary Modulus Phase <-> f = 0 s = 3
0.000959919 0.109996 0.912311 0.0231681 0.912605 0.0253895
-0.0403151 0.102346 -0.482437 0.183 0.515979 2.77904
-0.075719 0.0797912 0.173967 -0.156778 0.234188 -0.733475
-0.100096 0.0456163 -0.0457733 0.0956438 0.106033 2.01716
-0.109895 0.00479813 0.00417906 -0.0422536 0.0424597 -1.47221
-0.103691 -0.0367188 0.00573435 0.0196012 0.0204228 1.28619
-0.0823851 -0.0728882 -0.00430691 -0.00910273 0.0100702 -2.01273
-0.0490818 -0.0984428 0.009364 0.00323504 0.00990707 0.332639
-0.0086305 -0.109661 -0.00470249 2.26356e-05 0.00470254 3.13678
0.0330776 -0.104909 -0.00764564 0.00796613 0.0110415 2.33567
0.0699686 -0.0848787 0.00607877 -0.0669125 0.067188 -1.4802
0.0966699 -0.0524875 0.0358657 0.152499 0.15666 1.33981
0.109293 -0.0124524 -0.074835 -0.286091 0.295717 -1.82664
0.105999 0.0293962 0.0359646 0.526902 0.528128 1.50265
0.0872689 0.0669638 0.163241 -0.797169 0.813711 -1.36881
# x y Real Imaginary Modulus Phase <-> f = 0 s = 4
-0.0412067 0.10199 0.887738 0.00863454 0.88778 0.00972614
-0.0764124 0.0791274 -0.479567 0.162719 0.506421 2.81448
-0.10049 0.044741 0.199809 -0.160338 0.256187 -0.676238
-0.109933 0.00383894 -0.0649072 0.0984472 0.117919 2.15369
-0.103366 -0.0376222 0.0234801 -0.0453701 0.0510858 -1.09323
-0.0817459 -0.0736044 -0.00673813 0.0154226 0.0168303 1.9827
-0.0482208 -0.0988673 -0.00136293 -0.00167109 0.00215641 -2.25497
-0.00767321 -0.109732 0.00870089 -0.000999769 0.00875814 -0.114402
0.0339919 -0.104616 -0.00423536 -0.000976504 0.00434647 -2.91499
0.0707066 -0.0842649 0.00657059 0.0186283 0.0197531 1.2317
0.0971242 -0.0516419 -0.026023 -0.042186 0.0495667 -2.12352
0.109397 -0.0114981 0.0452491 0.0922314 0.102733 1.11469
0.105739 0.0303201 -0.063126 -0.209874 0.219162 -1.86297
0.0866812 0.0677228 -7.97769e-05 0.437848 0.437848 1.57098
0.055 0.0952628 0.244077 -0.738362 0.777658 -1.25154
# x y Real Imaginary Modulus Phase <-> f = 0 s = 5
-0.0771 0.0784575 0.917188 -0.0116453 0.917262 -0.0126961
-0.100877 0.0438624 -0.560885 0.209099 0.598594 2.78475
-0.109962 0.00287946 0.266021 -0.201306 0.333603 -0.647794
-0.103034 -0.0385228 -0.128592 0.111852 0.170431 2.4257
-0.0811005 -0.0743149 0.0577519 -0.0376174 0.0689228 -0.577332
-0.0473562 -0.0992844 -0.0142359 0.00794981 0.0163052 2.6323
-0.00671534 -0.109795 -0.000994832 -0.00297877 0.00314051 -1.89312
0.0349035 -0.104316 0.0107001 0.00339276 0.0112251 0.30705
0.0714393 -0.0836447 -0.0110625 -0.00426755 0.0118571 -2.77342
0.0975712 -0.0507923 0.0174559 0.00465176 0.0180651 0.260433
0.109494 -0.010543 -0.0291007 -0.0194112 0.0349807 -2.55334
0.10547 0.0312417 0.0554858 0.0608491 0.0823485 0.831468
0.0860869 0.0684766 -0.0777249 -0.173302 0.189934 -1.9924
0.0541666 0.0957391 0.0249827 0.399059 0.39984 1.50827
0.0143579 0.109059 0.217023 -0.719903 0.751904 -1.278
# x y Real Imaginary Modulus Phase <-> f = 0 s = 6
-0.101256 0.0429804 0.856852 -0.0540038 0.858552 -0.0629426
-0.109983 0.00191976 -0.565299 0.300183 0.640057 2.65344
-0.102694 -0.0394205 0.326651 -0.232848 0.401147 -0.619289
-0.0804489 -0.0750198 -0.149751 0.100496 0.180347 2.55054
-0.046488 -0.0996939 0.050542 -0.0340472 0.0609402 -0.592816
-0.00575696 -0.109849 0.000358689 0.0144751 0.0144795 1.54602
0.0358125 -0.104007 -0.0127046 0.00673867 0.0143811 2.65391
0.0721665 -0.0830181 0.0145583 0.0129085 0.019457 0.725404
0.0980107 -0.049939 -0.0193178 0.00821887 0.0209935 2.73934
0.109581 -0.00958713 0.0134132 -0.00527499 0.0144132 -0.374689
0.105194 0.0321609 -0.0296439 -0.0118396 0.0319208 -2.76161
0.0854861 0.0692252 0.0537377 0.048307 0.0722587 0.73223
0.0533291 0.0962082 -0.0798831 -0.149605 0.169596 -2.06124
0.0134056 0.10918 0.0190754 0.388532 0.389 1.52174
-0.0284701 0.106252 0.251111 -0.751724 0.792557 -1.2484
# x y Real Imaginary Modulus Phase <-> f = 0 s = 7
-0.109996 0.000959919 0.768418 -0.0835319 0.772944 -0.108281
-0.102346 -0.0403151 -0.621933 0.356451 0.716839 2.62116
-0.0797912 -0.075719 0.351202 -0.203436 0.405868 -0.525028
-0.0456163 -0.100096 -0.122297 0.092269 0.1532 2.49524
-0.00479813 -0.109895 0.0138398 -0.0337664 0.0364926 -1.18181
0.0367188 -0.103691 0.00855048 0.00494658 0.00987823 0.524472
0.0728882 -0.0823851 -0.0227208 0.00603276 0.023508 2.88206
0.0984428 -0.0490818 0.0100953 0.0115441 0.0153356 0.85225
0.109661 -0.0086305 -0.0212998 0.0135353 0.0252367 2.5755
0.104909 0.0330776 0.00762981 -0.00554804 0.0094337 -0.628718
0.0848787 0.0699686 -0.0281126 -0.0129461 0.0309503 -2.71004
0.0524875 0.0966699 0.0579567 0.0495092 0.0762243 0.706954
0.0124524 0.109293 -0.075423 -0.173524 0.189207 -1.98082
-0.0293962 0.105999 0.00117171 0.464851 0.464852 1.56828
-0.0669638 0.0872689 0.160895 -0.782122 0.7985 -1.36791
# x y Real Imaginary Modulus Phase <-> f = 0 s = 8
-0.10199 -0.0412067 0.727511 -0.158048 0.74448 -0.213921
-0.0791274 -0.0764124 -0.627732 0.314216 0.701983 2.6775
-0.044741 -0.10049 0.263133 -0.178224 0.31781 -0.595339
-0.00383894 -0.109933 -0.0294044 0.0894385 0.0941481 1.88843
0.0376222 -0.103366 -0.0160485 -0.0249284 0.0296476 -2.14279
0.0736044 -0.0817459 0.0269769 -0.0113395 0.0292632 -0.397917
0.0988673 -0.0482208 -0.0308755 -0.000449838 0.0308788 -3.12702
0.109732 -0.00767321 0.00723973 0.00708159 0.0101273 0.774356
0.104616 0.0339919 -0.0181189 0.0119309 0.0216943 2.55928
0.0842649 0.0707066 0.0135022 -0.00496014 0.0143844 -0.352054
0.0516419 0.0971242 -0.0348752 -0.0048713 0.0352138 -3.00281
0.0114981 0.109397 0.0605242 0.0569308 0.0830921 0.754813
-0.0303201 0.105739 -0.0685698 -0.230782 0.240754 -1.85961
-0.0677228 0.0866812 0.0741007 0.523835 0.52905 1.43027
-0.0952628 0.055 0.0774389 -0.753761 0.757728 -1.46842
# x y Real Imaginary Modulus Phase <-> f = 0 s = 9
-0.0784575 -0.0771 0.876514 -0.060841 0.878623 -0.0693013
-0.0438624 -0.100877 -0.510238 0.14885 0.531506 2.85774
-0.00287946 -0.109962 0.122992 -0.127887 0.177432 -0.804907
0.0385228 -0.103034 0.00679301 0.0593638 0.0597512 1.45686
0.0743149 -0.0811005 -0.0227545 -0.003811 0.0230714 -2.97565
0.0992844 -0.0473562 0.0269916 -0.0167403 0.0317614 -0.555142
0.109795 -0.00671534 -0.0283848 0.00706824 0.0292516 2.89754
0.104316 0.0349035 0.00733026 0.00957253 0.0120568 0.917285
0.0836447 0.0714393 -0.0123398 0.0100459 0.0159119 2.45831
0.0507923 0.0975712 0.0198984 8.31582e-05 0.0198986 0.00417912
0.010543 0.109494 -0.0271159 -0.0217153 0.0347394 -2.46635
-0.0312417 0.10547 0.0359338 0.116704 0.122111 1.2721
-0.0684766 0.0860869 -0.0722346 -0.300383 0.308947 -1.80679
-0.0957391 0.0541666 0.069071 0.60359 0.607529 1.45686
-0.109059 0.0143579 0.00189121 -0.80489 0.804892 -1.56845
# x y Real Imaginary Modulus Phase <-> f = 0 s = 10
-0.0429804 -0.101256 0.89309 0.143736 0.904582 0.159574
-0.00191976 -0.109983 -0.350625 0.106732 0.36651 2.8461
0.0394205 -0.102694 0.0768583 -0.108022 0.132574 -0.95239
0.0750198 -0.0804489 0.00349681 0.0558289 0.0559383 1.50824
0.0996939 -0.046488 -0.0150557 -0.00878147 0.0174295 -2.61357
0.109849 -0.00575696 0.0280166 -0.0135858 0.0311369 -0.451511
0.104007 0.0358125 -0.0274117 0.00039549 0.0274145 3.12717
0.0830181 0.0721665 0.0161739 0.0129194 0.0207004 0.673999
0.049939 0.0980107 -0.0122891 0.00166915 0.0124019 3.00659
0.00958713 0.109581 0.00912959 0.00471277 0.0102742 0.47653
-0.0321609 0.105194 -0.010426 -0.0392604 0.0406212 -1.83037
-0.0692252 0.0854861 0.0244592 0.131858 0.134108 1.38738
-0.0962082 0.0533291 -0.0358276 -0.307047 0.30913 -1.68696
-0.10918 0.0134056 0.0347545 0.596431 0.597443 1.51259
-0.106252 -0.0284701 0.129541 -0.79234 0.80286 -1.40874
# x y Real Imaginary Modulus Phase <-> f = 0 s = 11
-0.000959919 -0.109996 0.764759 0.224002 0.79689 0.284935
0.0403151 -0.102346 -0.315352 0.0871447 0.327171 2.87198
0.075719 -0.0797912 0.100403 -0.113706 0.15169 -0.847451
0.100096 -0.0456163 -0.00913608 0.0719961 0.0725734 1.69702
0.109895 -0.00479813 -0.00535039 -0.0355357 0.0359362 -1.72024
0.103691 0.0367188 0.00215324 0.0124714 0.012656 1.39983
0.0823851 0.0728882 -0.00983385 -0.000970931 0.00988167 -3.04318
0.0490818 0.0984428 0.0116058 0.00601767 0.0130731 0.478343
0.0086305 0.109661 -0.00322918 8.97317e-05 0.00323042 3.11381
-0.0330776 0.104909 0.00260292 0.00700396 0.00747199 1.21498
-0.0699686 0.0848787 -0.00948527 -0.038488 0.0396395 -1.81243
-0.0966699 0.0524875 0.0221642 0.10376 0.106101 1.36035
-0.109293 0.0124524 -0.0485916 -0.236895 0.241827 -1.77311
-0.105999 -0.0293962 -0.00326974 0.424068 0.42408 1.57851
-0.0872689 -0.0669638 0.299699 -0.676482 0.739897 -1.15376
# x y Real Imaginary Modulus Phase <-> f = 0 s = 12
0.0412067 -0.10199 0.824789 0.211616 0.851503 0.251152
0.0764124 -0.0791274 -0.424637 0.0951685 0.435171 2.92112
0.10049 -0.044741 0.173003 -0.14723 0.227171 -0.705089
0.109933 -0.00383894 -0.071223 0.0980181 0.121162 2.19917
0.103366 0.0376222 0.0348662 -0.0450274 0.0569484 -0.911903
0.0817459 0.0736044 -0.0164526 0.0119082 0.0203099 2.51508
0.0482208 0.0988673 0.0024129 -0.0021011 0.00319949 -0.716434
0.00767321 0.109732 0.00265933 -0.00167149 0.00314101 -0.561139
-0.0339919 0.104616 -0.00100839 0.00128419 0.00163279 2.23647
-0.0707066 0.0842649 0.00660525 0.00400919 0.00772676 0.545529
-0.0971242 0.0516419 -0.0212336 -0.0139339 0.0253972 -2.56086
-0.109397 0.0114981 0.0548499 0.0438966 0.0702525 0.674926
-0.105739 -0.0303201 -0.0777748 -0.108221 0.133269 -2.19394
-0.0866812 -0.0677228 0.0192528 0.281779 0.282436 1.50258
-0.055 -0.0952628 0.286062 -0.504618 0.580061 -1.05508
# x y Real Imaginary Modulus Phase <-> f = 0 s = 13
0.0771 -0.0784575 0.959609 0.0376429 0.960347 0.0392072
0.100877 -0.0438624 -0.587926 0.236208 0.633602 2.75957
0.109962 -0.00287946 0.34114 -0.219574 0.405696 -0.571897
0.103034 0.0385228 -0.183308 0.100404 0.209005 2.64049
0.0811005 0.0743149 0.0846695 -0.0297021 0.0897282 -0.337387
0.0473562 0.0992844 -0.0281039 -0.00290534 0.0282536 -3.03858
0.00671534 0.109795 0.0037607 -0.00224649 0.00438059 -0.538475
-0.0349035 0.104316 0.00218147 0.0044256 0.00493404 1.11283
-0.0714393 0.0836447 6.34022e-05 0.0108929 0.0108931 1.56498
-0.0975712 0.0507923 0.0038165 -0.0125274 0.0130959 -1.27508
-0.109494 0.010543 -0.0199051 0.0108286 0.0226599 2.64336
-0.10547 -0.0312417 0.0473477 0.00344684 0.047473 0.0726703
-0.0860869 -0.0684766 -0.0659469 -0.0714636 0.0972422 -2.31607
-0.0541666 -0.0957391 0.02002 0.232894 0.233753 1.48505
-0.0143579 -0.109059 0.314272 -0.526044 0.612772 -1.03227
# x y Real Imaginary Modulus Phase <-> f = 0 s = 14
0.101256 -0.0429804 0.740204 -0.100987 0.747061 -0.135594
0.109983 -0.00191976 -0.584226 0.454854 0.740413 2.48006
0.102694 0.0394205 0.42184 -0.300255 0.517786 -0.618584
0.0804489 0.0750198 -0.213301 0.119819 0.24465 2.62978
0.046488 0.0996939 0.0875234 -0.0429991 0.0975155 -0.456652
0.00575696 0.109849 -0.0223444 0.0167858 0.027947 2.49731
-0.0358125 0.104007 0.00169369 -0.0112782 0.0114047 -1.42174
-0.0721665 0.0830181 0.00936192 0.0118523 0.0151037 0.902255
-0.0980107 0.049939 -0.00849154 0.0166822 0.018719 2.04163
-0.109581 0.00958713 0.001713 -0.0244027 0.0244627 -1.50071
-0.105194 -0.0321609 -0.00337384 0.0256709 0.0258916 1.70147
-0.0854861 -0.0692252 0.0364372 0.00406327 0.0366631 0.111056
-0.0533291 -0.0962082 -0.0709969 -0.0783866 0.105759 -2.30677
-0.0134056 -0.10918 -0.0069254 0.30622 0.306298 1.59341
0.0284701 -0.106252 0.319729 -0.728222 0.795321 -1.15708
# x y Real Imaginary Modulus Phase <-> f = 0 s = 15
0.109996 -0.000959919 0.655533 0.0110753 0.655627 0.0168935
0.102346 0.0403151 -0.533803 0.443832 0.694213 2.44797
0.0797912 0.075719 0.356247 -0.278907 0.452439 -0.664229
0.0456163 0.100096 -0.158561 0.129724 0.204865 2.45589
0.00479813 0.109895 0.0418718 -0.053158 0.0676685 -0.90361
-0.0367188 0.103691 0.00134048 0.0188362 0.0188838 1.49975
-0.0728882 0.0823851 -0.0135303 -0.00589574 0.014759 -2.73066
-0.0984428 0.0490818 0.0041957 0.0131942 0.0138452 1.26291
-0.109661 0.0086305 -0.0135079 0.0196245 0.0238241 2.17364
-0.104909 -0.0330776 -0.00247886 -0.0373727 0.0374549 -1.63703
-0.0848787 -0.0699686 -0.00252942 0.018058 0.0182343 1.70996
-0.0524875 -0.0966699 0.0484323 0.0195312 0.0522221 0.383321
-0.0124524 -0.109293 -0.0718541 -0.147346 0.163933 -2.02452
0.0293962 -0.105999 -0.00483866 0.47747 0.477495 1.58093
0.0669638 -0.0872689 0.0729552 -0.794105 0.797449 -1.47918
