# x y Real Imaginary Modulus Phase <-> f = 0 s = 0
0.10199 0.0412067 0.730277 -0.0324858 0.730999 -0.044455
0.0791274 0.0764124 -0.565663 0.331343 0.655562 2.61171
0.044741 0.10049 0.295688 -0.230739 0.375063 -0.662642
0.00383894 0.109933 -0.0972982 0.109018 0.146123 2.29945
-0.0376222 0.103366 0.0154179 -0.051904 0.0541455 -1.28205
-0.0736044 0.0817459 0.00273592 0.0147806 0.0150317 1.38777
-0.0988673 0.0482208 -0.0207474 0.00217464 0.0208611 3.03716
-0.109732 0.00767321 -0.000159008 0.00395223 0.00395543 1.61101
-0.104616 -0.0339919 -0.0178166 0.0137781 0.0225226 2.48333
-0.0842649 -0.0707066 0.0123487 -0.0321324 0.0344235 -1.20389
-0.0516419 -0.0971242 -0.0217509 0.00812079 0.0232174 2.78426
-0.0114981 -0.109397 0.0561409 0.0653235 0.0861334 0.860854
0.0303201 -0.105739 -0.0485188 -0.281 0.285158 -1.74178
0.0677228 -0.0866812 0.130284 0.643121 0.656184 1.37092
0.0952628 -0.055 -0.0125248 -0.632798 0.632922 -1.59059
# x y Real Imaginary Modulus Phase <-> f = 0 s = 1
0.0784575 0.0771 0.813699 -0.0812511 0.817746 -0.099524
0.0438624 0.100877 -0.574162 0.277463 0.637689 2.69144
0.00287946 0.109962 0.23767 -0.178895 0.297473 -0.645229
-0.0385228 0.103034 -0.0569604 0.106678 0.120933 2.06123
-0.0743149 0.0811005 0.00346575 -0.0447736 0.0449076 -1.49354
-0.0992844 0.0473562 0.00283006 0.0131517 0.0134528 1.35884
-0.109795 0.00671534 -0.0213394 0.00413181 0.0217357 2.95034
-0.104316 -0.0349035 0.00377131 0.00799315 0.00883817 1.12995
-0.0836447 -0.0714393 -0.0205147 0.013108 0.0243449 2.57302
-0.0507923 -0.0975712 0.010907 -0.00997004 0.0147772 -0.740548
-0.010543 -0.109494 -0.0252194 -0.034096 0.0424094 -2.20765
0.0312417 -0.10547 0.0133233 0.140918 0.141547 1.47653
0.0684766 -0.0860869 -0.0560865 -0.39384 0.397813 -1.71225
0.0957391 -0.0541666 0.192243 0.629726 0.658417 1.2745
0.109059 -0.0143579 0.0344708 -0.682208 0.683079 -1.52031
# x y Real Imaginary Modulus Phase <-> f = 0 s = 2
0.0429804 0.101256 0.864096 -0.0866152 0.868427 -0.0999042
0.00191976 0.109983 -0.526454 0.193667 0.560946 2.78909
-0.0394205 0.102694 0.187193 -0.182234 0.261248 -0.771975
-0.0750198 0.0804489 -0.0397697 0.10287 0.11029 1.9397
-0.0996939 0.046488 0.0011412 -0.0484514 0.0484649 -1.54725
-0.109849 0.00575696 0.00861226 0.0145367 0.0168963 1.03595
-0.104007 -0.0358125 -0.0147456 -0.00173832 0.0148477 -3.02425
-0.0830181 -0.0721665 0.00921791 0.0117404 0.0149267 0.90518
-0.049939 -0.0980107 -0.0108964 0.00843613 0.0137804 2.48277
-0.00958713 -0.109581 0.00733726 0.0110319 0.0132491 0.983884
0.0321609 -0.105194 0.00788353 -0.0535712 0.0541481 -1.42468
0.0692252 -0.0854861 0.00715077 0.179779 0.179921 1.53104
0.0962082 -0.0533291 -0.0899327 -0.360995 0.372029 -1.81495
0.10918 -0.0134056 0.105626 0.568541 0.57827 1.38711
0.106252 0.0284701 0.0998773 -0.770801 0.777245 -1.44194
# x y Real Imaginary Modulus Phase <-> f = 0 s = 3
0.000959919 0.109996 0.899127 -0.000921377 0.899128 -0.00102475
-0.0403151 0.102346 -0.480825 0.207891 0.523843 2.7335
-0.075719 0.0797912 0.174546 -0.172595 0.245469 -0.779778
-0.100096 0.0456163 -0.0466828 0.103453 0.113498 1.99469
-0.109895 0.00479813 0.00130475 -0.0463653 0.0463837 -1.54266
-0.103691 -0.0367188 0.00529913 0.0204172 0.0210936 1.31686
-0.0823851 -0.0728882 -0.00692472 -0.00778074 0.0104159 -2.29805
-0.0490818 -0.0984428 0.00945829 0.0048753 0.0106409 0.475933
-0.0086305 -0.109661 -0.00512046 -0.000628243 0.00515886 -3.01951
0.0330776 -0.104909 -0.00201946 0.0104336 0.0106272 1.76199
0.0699686 -0.0848787 0.00619008 -0.0687936 0.0690716 -1.48106
0.0966699 -0.0524875 0.0412425 0.156686 0.162023 1.31342
0.109293 -0.0124524 -0.0833788 -0.289485 0.301254 -1.85123
0.105999 0.0293962 0.0513314 0.529395 0.531878 1.47414
0.0872689 0.0669638 0.137553 -0.788627 0.800533 -1.39811
# x y Real Imaginary Modulus Phase <-> f = 0 s = 4
-0.0412067 0.10199 0.874962 -0.0232118 0.87527 -0.0265227
-0.0764124 0.0791274 -0.479179 0.18317 0.512994 2.77647
-0.10049 0.044741 0.202207 -0.174071 0.266811 -0.710763
-0.109933 0.00383894 -0.0648724 0.105729 0.124045 2.12113
-0.103366 -0.0376222 0.0238415 -0.0502889 0.0556542 -1.12809
-0.0817459 -0.0736044 -0.00843554 0.0168798 0.0188703 2.03424
-0.0482208 -0.0988673 -0.000861864 -0.00240587 0.00255559 -1.91479
-0.00767321 -0.109732 0.00938936 0.000482432 0.00940174 0.0513356
0.0339919 -0.104616 -0.0036631 -0.00249781 0.00443367 -2.54313
0.0707066 -0.0842649 0.00759324 0.0191417 0.0205927 1.19315
0.0971242 -0.0516419 -0.0258011 -0.0422525 0.0495073 -2.119
0.109397 -0.0114981 0.0505092 0.0957391 0.108246 1.08534
0.105739 0.0303201 -0.0697097 -0.215006 0.226024 -1.88433
0.0866812 0.0677228 0.0167431 0.444612 0.444927 1.53316
0.055 0.0952628 0.219747 -0.742191 0.774039 -1.28294
# x y Real Imaginary Modulus Phase <-> f = 0 s = 5
-0.0771 0.0784575 0.900081 -0.0319195 0.900646 -0.0354481
-0.100877 0.0438624 -0.558139 0.228999 0.603291 2.75225
-0.109962 0.00287946 0.266749 -0.21555 0.342954 -0.679638
-0.103034 -0.0385228 -0.129901 0.119292 0.176366 2.39874
-0.0811005 -0.0743149 0.0580655 -0.0412125 0.0712044 -0.617246
-0.0473562 -0.0992844 -0.0133676 0.00757099 0.0153627 2.62627
-0.00671534 -0.109795 -0.00311512 -0.00313858 0.00442206 -2.35244
0.0349035 -0.104316 0.0108708 0.00565104 0.0122519 0.47939
0.0714393 -0.0836447 -0.0124709 -0.00313773 0.0128595 -2.8951
0.0975712 -0.0507923 0.0188344 0.00500063 0.019487 0.259517
0.109494 -0.010543 -0.030215 -0.0209734 0.0367809 -2.53481
0.10547 0.0312417 0.062206 0.0645376 0.0896364 0.803792
0.0860869 0.0684766 -0.089234 -0.177203 0.198403 -2.03729
0.0541666 0.0957391 0.0472421 0.409219 0.411937 1.45586
0.0143579 0.109059 0.185627 -0.727756 0.751057 -1.32105
# x y Real Imaginary Modulus Phase <-> f = 0 s = 6
-0.101256 0.0429804 0.839785 -0.0488682 0.841205 -0.0581258
-0.109983 0.00191976 -0.548415 0.312728 0.631314 2.62334
-0.102694 -0.0394205 0.325446 -0.239966 0.40435 -0.635353
-0.0804489 -0.0750198 -0.151206 0.106741 0.185086 2.5269
-0.046488 -0.0996939 0.0507356 -0.0370054 0.0627973 -0.630172
-0.00575696 -0.109849 9.41324e-05 0.0141811 0.0141814 1.56416
0.0358125 -0.104007 -0.0138 0.00136704 0.0138675 3.04285
0.0721665 -0.0830181 0.0130361 0.0123912 0.0179856 0.760041
0.0980107 -0.049939 -0.0181482 0.00890967 0.0202173 2.68522
0.109581 -0.00958713 0.0113666 -0.00356277 0.0119119 -0.303744
0.105194 0.0321609 -0.0323677 -0.0116781 0.03441 -2.79533
0.0854861 0.0692252 0.0648193 0.0510371 0.0825005 0.666995
0.0533291 0.0962082 -0.0895994 -0.158845 0.182373 -2.08438
0.0134056 0.10918 0.0358842 0.397585 0.399202 1.48078
-0.0284701 0.106252 0.225713 -0.752607 0.785725 -1.27942
# x y Real Imaginary Modulus Phase <-> f = 0 s = 7
-0.109996 0.000959919 0.760962 -0.0753023 0.764679 -0.0986356
-0.102346 -0.0403151 -0.614737 0.359694 0.712236 2.61219
-0.0797912 -0.075719 0.349943 -0.207429 0.4068 -0.535072
-0.0456163 -0.100096 -0.124201 0.0935638 0.155499 2.49597
-0.00479813 -0.109895 0.00911383 -0.0422901 0.043261 -1.35854
0.0367188 -0.103691 0.0126525 0.00267324 0.0129318 0.208219
0.0728882 -0.0823851 -0.028282 -0.00206772 0.0283574 -3.06861
0.0984428 -0.0490818 0.00757609 0.00630566 0.00985689 0.694134
0.109661 -0.0086305 -0.0215772 0.0148406 0.0261881 2.53911
0.104909 0.0330776 0.00673757 -0.00434645 0.00801788 -0.572928
0.0848787 0.0699686 -0.0322365 -0.0113932 0.0341906 -2.80187
0.0524875 0.0966699 0.0622979 0.0520261 0.0811649 0.695791
0.0124524 0.109293 -0.084041 -0.178395 0.1972 -2.01105
-0.0293962 0.105999 0.0172683 0.470883 0.471199 1.53414
-0.0669638 0.0872689 0.146883 -0.76976 0.783649 -1.38225
# x y Real Imaginary Modulus Phase <-> f = 0 s = 8
-0.10199 -0.0412067 0.720775 -0.14839 0.735892 -0.203039
-0.0791274 -0.0764124 -0.619303 0.327587 0.700607 2.65505
-0.044741 -0.10049 0.264455 -0.180514 0.320191 -0.598944
-0.00383894 -0.109933 -0.0267188 0.0926008 0.0963784 1.8517
0.0376222 -0.103366 -0.020872 -0.0253199 0.0328137 -2.2602
0.0736044 -0.0817459 0.031408 -0.00869656 0.0325898 -0.270122
0.0988673 -0.0482208 -0.0330267 -0.000932229 0.0330398 -3.11337
0.109732 -0.00767321 0.00542256 0.00100091 0.00551416 0.182528
0.104616 0.0339919 -0.0217559 0.0157545 0.0268612 2.51484
0.0842649 0.0707066 0.0124563 -0.00578303 0.0137332 -0.434654
0.0516419 0.0971242 -0.0343434 -0.00883081 0.0354606 -2.88991
0.0114981 0.109397 0.0619091 0.066781 0.0910628 0.823238
-0.0303201 0.105739 -0.0780978 -0.238551 0.25101 -1.88718
-0.0677228 0.0866812 0.0861397 0.526204 0.533208 1.40854
-0.0952628 0.055 0.0681871 -0.742433 0.745558 -1.47921
# x y Real Imaginary Modulus Phase <-> f = 0 s = 9
-0.0784575 -0.0771 0.857652 -0.055503 0.859446 -0.0646249
-0.0438624 -0.100877 -0.507604 0.158718 0.53184 2.83854
-0.00287946 -0.109962 0.114965 -0.136341 0.178342 -0.870256
0.0385228 -0.103034 0.0122566 0.0600805 0.0613179 1.36956
0.0743149 -0.0811005 -0.0266276 -0.00340991 0.0268451 -3.01423
0.0992844 -0.0473562 0.0379117 -0.0180942 0.0420083 -0.4453
0.109795 -0.00671534 -0.0299707 -0.00105212 0.0299892 -3.1065
0.104316 0.0349035 0.00712999 0.00797611 0.0106984 0.841352
0.0836447 0.0714393 -0.0165724 0.0102553 0.0194889 2.58745
0.0507923 0.0975712 0.018241 0.000859629 0.0182612 0.0470914
0.010543 0.109494 -0.0311402 -0.0256425 0.0403391 -2.45271
-0.0312417 0.10547 0.0427893 0.115227 0.122916 1.21523
-0.0684766 0.0860869 -0.0753288 -0.30232 0.311564 -1.81499
-0.0957391 0.0541666 0.0812145 0.599402 0.604879 1.43612
-0.109059 0.0143579 0.000267494 -0.79559 0.79559 -1.57046
# x y Real Imaginary Modulus Phase <-> f = 0 s = 10
-0.0429804 -0.101256 0.896075 0.124771 0.90472 0.138352
-0.00191976 -0.109983 -0.351886 0.116594 0.370699 2.82164
0.0394205 -0.102694 0.0780001 -0.114813 0.138802 -0.974052
0.0750198 -0.0804489 0.00351217 0.0527398 0.0528566 1.5043
0.0996939 -0.046488 -0.0233047 -0.00505783 0.0238472 -2.92788
0.109849 -0.00575696 0.0333059 -0.0068228 0.0339976 -0.202057
0.104007 0.0358125 -0.0270729 -0.00546605 0.0276192 -2.94237
0.0830181 0.0721665 0.0109865 0.0143099 0.0180409 0.916028
0.049939 0.0980107 -0.0106913 0.00133902 0.0107748 3.017
0.00958713 0.109581 0.0103534 0.00803476 0.0131054 0.659965
-0.0321609 0.105194 -0.0111142 -0.0435073 0.0449045 -1.8209
-0.0692252 0.0854861 0.0295218 0.131989 0.13525 1.35075
-0.0962082 0.0533291 -0.0398283 -0.304296 0.306891 -1.70094
-0.10918 0.0134056 0.0463753 0.599571 0.601362 1.4936
-0.106252 -0.0284701 0.120552 -0.777543 0.786832 -1.41698
# x y Real Imaginary Modulus Phase <-> f = 0 s = 11
-0.000959919 -0.109996 0.772002 0.209391 0.799895 0.264859
0.0403151 -0.102346 -0.320314 0.0920437 0.333277 2.86178
0.075719 -0.0797912 0.097835 -0.116908 0.152444 -0.873983
0.100096 -0.0456163 -0.00456439 0.0734847 0.0736264 1.63283
0.109895 -0.00479813 -0.00988655 -0.0346106 0.035995 -1.84904
0.103691 0.0367188 0.00683721 0.0146516 0.0161684 1.13418
0.0823851 0.0728882 -0.0101094 -0.00342923 0.0106752 -2.81456
0.0490818 0.0984428 0.0102369 0.00721153 0.012522 0.613717
0.0086305 0.109661 -0.00495467 -0.000806654 0.00501991 -2.9802
-0.0330776 0.104909 0.00473512 0.00771467 0.00905194 1.0203
-0.0699686 0.0848787 -0.00838175 -0.0409309 0.0417802 -1.77278
-0.0966699 0.0524875 0.0254204 0.10585 0.10886 1.3351
-0.109293 0.0124524 -0.051424 -0.237712 0.24321 -1.78384
-0.105999 -0.0293962 0.00610444 0.428432 0.428475 1.55655
-0.0872689 -0.0669638 0.289326 -0.683976 0.742652 -1.17062
# x y Real Imaginary Modulus Phase <-> f = 0 s = 12
0.0412067 -0.10199 0.823649 0.19959 0.847487 0.237741
0.0764124 -0.0791274 -0.422186 0.102413 0.43443 2.90361
0.10049 -0.044741 0.17008 -0.152685 0.228561 -0.731559
0.109933 -0.00383894 -0.070137 0.103395 0.124939 2.16684
0.103366 0.0376222 0.0336872 -0.0510998 0.0612047 -0.98795
0.0817459 0.0736044 -0.015634 0.0152255 0.0218229 2.36943
0.0482208 0.0988673 0.00114806 -0.00430258 0.00445312 -1.31004
0.00767321 0.109732 0.00545074 0.00225504 0.00589879 0.392271
-0.0339919 0.104616 -0.00186829 0.000776897 0.00202339 2.74751
-0.0707066 0.0842649 0.0087739 0.00341494 0.00941505 0.371176
-0.0971242 0.0516419 -0.0265486 -0.0157744 0.0308814 -2.60547
-0.109397 0.0114981 0.0611478 0.0404405 0.0733109 0.584317
-0.105739 -0.0303201 -0.0841119 -0.108621 0.13738 -2.22971
-0.0866812 -0.0677228 0.0251562 0.281715 0.282836 1.48174
-0.055 -0.0952628 0.277626 -0.514837 0.584922 -1.07624
# x y Real Imaginary Modulus Phase <-> f = 0 s = 13
0.0771 -0.0784575 0.952196 0.033632 0.95279 0.0353057
0.100877 -0.0438624 -0.57834 0.237489 0.625202 2.75195
0.109962 -0.00287946 0.336588 -0.223272 0.403908 -0.585694
0.103034 0.0385228 -0.183037 0.10589 0.211459 2.61712
0.0811005 0.0743149 0.0859973 -0.028351 0.0905501 -0.318453
0.0473562 0.0992844 -0.0274056 -0.000244697 0.0274067 -3.13266
0.00671534 0.109795 0.0054078 -0.00319565 0.00628144 -0.533726
-0.0349035 0.104316 0.00388573 0.00391008 0.0055125 0.788521
-0.0714393 0.0836447 -0.00587395 0.0113188 0.0127522 2.04949
-0.0975712 0.0507923 0.00499693 -0.0137549 0.0146344 -1.22234
-0.109494 0.010543 -0.0218242 0.0121425 0.0249747 2.63387
-0.10547 -0.0312417 0.0482725 0.00117791 0.0482869 0.0243964
-0.0860869 -0.0684766 -0.0693048 -0.0687097 0.0975919 -2.36051
-0.0541666 -0.0957391 0.0228059 0.234107 0.235215 1.47369
-0.0143579 -0.109059 0.307343 -0.535883 0.617763 -1.05007
# x y Real Imaginary Modulus Phase <-> f = 0 s = 14
0.101256 -0.0429804 0.739147 -0.088663 0.744445 -0.119383
0.109983 -0.00191976 -0.571665 0.450399 0.727777 2.47429
0.102694 0.0394205 0.413508 -0.304961 0.513799 -0.635452
0.0804489 0.0750198 -0.211626 0.126773 0.246692 2.60188
0.046488 0.0996939 0.0924131 -0.0437343 0.102239 -0.442018
0.00575696 0.109849 -0.02226 0.0198137 0.0298008 2.41427
-0.0358125 0.104007 -0.000978291 -0.0111019 0.0111449 -1.65869
-0.0721665 0.0830181 0.00490711 0.0120247 0.0129874 1.18334
-0.0980107 0.049939 -0.016549 0.0130977 0.021105 2.47209
-0.109581 0.00958713 0.00628195 -0.0317737 0.0323887 -1.3756
-0.105194 -0.0321609 -0.00621667 0.0286561 0.0293227 1.78443
-0.0854861 -0.0692252 0.0341812 -0.00396888 0.0344109 -0.115595
-0.0533291 -0.0962082 -0.0713525 -0.0785407 0.106112 -2.30828
-0.0134056 -0.10918 0.00179679 0.309583 0.309588 1.56499
0.0284701 -0.106252 0.316404 -0.730207 0.79581 -1.16191
# x y Real Imaginary Modulus Phase <-> f = 0 s = 15
0.109996 -0.000959919 0.661965 0.0207375 0.66229 0.0313169
0.102346 0.0403151 -0.527144 0.441187 0.687406 2.44473
0.0797912 0.075719 0.350557 -0.286549 0.45277 -0.685266
0.0456163 0.100096 -0.158376 0.138194 0.210192 2.42414
0.00479813 0.109895 0.0417288 -0.0541954 0.0683991 -0.914637
-0.0367188 0.103691 9.12685e-05 0.0227635 0.0227637 1.56679
-0.0728882 0.0823851 -0.0138537 -0.00541144 0.0148731 -2.7692
-0.0984428 0.0490818 0.00310053 0.00877636 0.00930794 1.2312
-0.109661 0.0086305 -0.0192296 0.0126982 0.0230439 2.55798
-0.104909 -0.0330776 0.00694949 -0.0391042 0.0397169 -1.39492
-0.0848787 -0.0699686 -0.00500333 0.0288533 0.0292839 1.74249
-0.0524875 -0.0966699 0.0516365 0.0142418 0.0535645 0.269119
-0.0124524 -0.109293 -0.0777943 -0.144109 0.163766 -2.0658
0.0293962 -0.105999 0.00102261 0.477267 0.477269 1.56865
0.0669638 -0.0872689 0.0717534 -0.783176 0.786456 -1.47943
