# x y Real Imaginary Modulus Phase <-> f = 0 s = 0
0.10199 0.0412067 0.130477 -0.0348053 0.13504 -0.260684
0.0791274 0.0764124 -0.518969 -0.111275 0.530764 -2.93037
0.044741 0.10049 0.42474 0.0447189 0.427088 0.104899
0.00383894 0.109933 0.111875 0.344878 0.36257 1.25712
-0.0376222 0.103366 0.057984 -0.0949347 0.111242 -1.02249
-0.0736044 0.0817459 -0.0712632 0.302822 0.311095 1.80192
-0.0988673 0.0482208 0.313655 -0.32867 0.454316 -0.808768
-0.109732 0.00767321 0.0874833 -0.0907912 0.126081 -0.803951
-0.104616 -0.0339919 0.102801 0.477898 0.48883 1.35891
-0.0842649 -0.0707066 0.060176 0.009509 0.0609227 0.156724
-0.0516419 -0.0971242 -0.0167919 -0.175789 0.17659 -1.66603
-0.0114981 -0.109397 -0.090439 -0.0871729 0.125612 -2.37458
0.0303201 -0.105739 -0.00637264 -0.143336 0.143478 -1.61523
0.0677228 -0.0866812 0.0706381 0.429309 0.435082 1.40772
0.0952628 -0.055 0.0121203 -0.585226 0.585351 -1.55009
# x y Real Imaginary Modulus Phase <-> f = 0 s = 1
0.0784575 0.0771 0.814706 -0.0815948 0.818781 -0.0998197
0.0438624 0.100877 -0.573216 0.274058 0.635362 2.69561
0.00287946 0.109962 0.236981 -0.179114 0.297055 -0.647212
-0.0385228 0.103034 -0.0561981 0.106469 0.12039 2.05646
-0.0743149 0.0811005 0.00254234 -0.0458352 0.0459056 -1.51539
-0.0992844 0.0473562 0.00264134 0.0130516 0.0133162 1.37112
-0.109795 0.00671534 -0.0225066 0.00817855 0.0239465 2.79304
-0.104316 -0.0349035 0.00849002 0.0143158 0.016644 1.0355
-0.0836447 -0.0714393 -0.0169196 0.0194573 0.0257849 2.28654
-0.0507923 -0.0975712 0.00754761 -0.00404791 0.00856458 -0.492277
-0.010543 -0.109494 -0.0250125 -0.033795 0.0420444 -2.20795
0.0312417 -0.10547 0.014406 0.14423 0.144947 1.47124
0.0684766 -0.0860869 -0.0571059 -0.395691 0.39979 -1.71413
0.0957391 -0.0541666 0.192125 0.628716 0.657416 1.27423
0.109059 -0.0143579 0.0383045 -0.682526 0.6836 -1.51473
# x y Real Imaginary Modulus Phase <-> f = 0 s = 2
0.0429804 0.101256 0.864748 -0.0820678 0.868634 -0.0946203
0.00191976 0.109983 -0.523951 0.191712 0.557923 2.79083
-0.0394205 0.102694 0.185586 -0.182195 0.260071 -0.776177
-0.0750198 0.0804489 -0.0391515 0.101869 0.109134 1.93772
-0.0996939 0.046488 0.0010729 -0.0482588 0.0482707 -1.54857
-0.109849 0.00575696 0.00836749 0.0128483 0.0153327 0.99354
-0.104007 -0.0358125 -0.0137658 0.000208747 0.0137674 3.12643
-0.0830181 -0.0721665 0.0156578 0.0125798 0.0200852 0.676823
-0.049939 -0.0980107 -0.00436691 0.00949008 0.0104466 2.00206
-0.00958713 -0.109581 0.00430133 0.0123425 0.0130706 1.23546
0.0321609 -0.105194 0.0081792 -0.0584691 0.0590384 -1.43181
0.0692252 -0.0854861 0.00822183 0.177503 0.177693 1.52451
0.0962082 -0.0533291 -0.0882844 -0.361034 0.371672 -1.81062
0.10918 -0.0134056 0.104923 0.566526 0.57616 1.38767
0.106252 0.0284701 0.100722 -0.771365 0.777913 -1.44095
# x y Real Imaginary Modulus Phase <-> f = 0 s = 3
0.000959919 0.109996 0.898167 0.00206421 0.89817 0.00229824
-0.0403151 0.102346 -0.478793 0.206491 0.521423 2.73442
-0.075719 0.0797912 0.173288 -0.172787 0.244713 -0.783952
-0.100096 0.0456163 -0.0453812 0.103819 0.113304 1.98289
-0.109895 0.00479813 0.0011086 -0.046298 0.0463113 -1.54686
-0.103691 -0.0367188 0.00556975 0.0207145 0.0214502 1.30813
-0.0823851 -0.0728882 -0.00746554 -0.00635886 0.0098066 -2.43608
-0.0490818 -0.0984428 0.011831 0.0024099 0.0120739 0.200945
-0.0086305 -0.109661 -0.00235977 0.000803842 0.00249293 2.81328
0.0330776 -0.104909 -0.0069904 0.0119248 0.0138227 2.10101
0.0699686 -0.0848787 0.00302003 -0.0714558 0.0715196 -1.52856
0.0966699 -0.0524875 0.0433544 0.153872 0.159863 1.29616
0.109293 -0.0124524 -0.0839227 -0.285973 0.298032 -1.85625
0.105999 0.0293962 0.0502568 0.526445 0.528838 1.47562
0.0872689 0.0669638 0.140069 -0.785864 0.798249 -1.39441
# x y Real Imaginary Modulus Phase <-> f = 0 s = 4
-0.0412067 0.10199 0.874193 -0.0203272 0.87443 -0.0232484
-0.0764124 0.0791274 -0.476724 0.182958 0.510626 2.77515
-0.10049 0.044741 0.199193 -0.174802 0.265016 -0.720271
-0.109933 0.00383894 -0.0640023 0.106276 0.12406 2.11285
-0.103366 -0.0376222 0.0232879 -0.0501667 0.0553084 -1.13619
-0.0817459 -0.0736044 -0.00930263 0.0174673 0.01979 2.06016
-0.0482208 -0.0988673 -0.0002303 -0.000988591 0.00101506 -1.79967
-0.00767321 -0.109732 0.00990074 -0.00250055 0.0102116 -0.247388
0.0339919 -0.104616 -0.00306396 -0.00135465 0.00335006 -2.72531
0.0707066 -0.0842649 0.00708957 0.0194548 0.0207063 1.22134
0.0971242 -0.0516419 -0.0264905 -0.0429376 0.0504518 -2.12359
0.109397 -0.0114981 0.0509911 0.0945514 0.107425 1.07621
0.105739 0.0303201 -0.0704002 -0.214631 0.225882 -1.88775
0.0866812 0.0677228 0.0172738 0.44295 0.443286 1.53182
0.055 0.0952628 0.221149 -0.739261 0.771631 -1.28012
# x y Real Imaginary Modulus Phase <-> f = 0 s = 5
-0.0771 0.0784575 0.89903 -0.0279511 0.899464 -0.0310803
-0.100877 0.0438624 -0.553264 0.227717 0.598295 2.75114
-0.109962 0.00287946 0.261685 -0.214045 0.338074 -0.685591
-0.103034 -0.0385228 -0.127489 0.120517 0.175436 2.3843
-0.0811005 -0.0743149 0.0587385 -0.0445332 0.0737117 -0.648703
-0.0473562 -0.0992844 -0.0175203 0.00779691 0.0191769 2.72289
-0.00671534 -0.109795 -0.00176026 -0.00155112 0.00234617 -2.41927
0.0349035 -0.104316 0.0141742 0.00330268 0.0145539 0.228922
0.0714393 -0.0836447 -0.0124066 -0.00214653 0.0125909 -2.97027
0.0975712 -0.0507923 0.018721 0.00475787 0.0193161 0.248878
0.109494 -0.010543 -0.0309056 -0.0211527 0.0374512 -2.54139
0.10547 0.0312417 0.0622898 0.0638323 0.0891884 0.797628
0.0860869 0.0684766 -0.0904045 -0.175627 0.19753 -2.04618
0.0541666 0.0957391 0.0464049 0.406615 0.409254 1.45716
0.0143579 0.109059 0.186963 -0.724949 0.748669 -1.3184
# x y Real Imaginary Modulus Phase <-> f = 0 s = 6
-0.101256 0.0429804 0.839571 -0.045709 0.840814 -0.0543896
-0.109983 0.00191976 -0.548467 0.30964 0.629836 2.62764
-0.102694 -0.0394205 0.32402 -0.239903 0.403165 -0.637325
-0.0804489 -0.0750198 -0.149355 0.107056 0.183761 2.51969
-0.046488 -0.0996939 0.0514519 -0.0407097 0.0656093 -0.669364
-0.00575696 -0.109849 -0.00197055 0.0131897 0.013336 1.7191
0.0358125 -0.104007 -0.0103936 0.00495657 0.011515 2.69661
0.0721665 -0.0830181 0.0199838 0.0136301 0.0241895 0.598584
0.0980107 -0.049939 -0.017103 0.0119506 0.0208646 2.53171
0.109581 -0.00958713 0.0100833 -0.00249573 0.0103875 -0.242636
0.105194 0.0321609 -0.0324011 -0.0115619 0.0344021 -2.79884
0.0854861 0.0692252 0.0648491 0.0502035 0.082011 0.658784
0.0533291 0.0962082 -0.089731 -0.158301 0.181964 -2.08647
0.0134056 0.10918 0.0374862 0.394868 0.396643 1.47615
-0.0284701 0.106252 0.226021 -0.749612 0.782946 -1.27795
# x y Real Imaginary Modulus Phase <-> f = 0 s = 7
-0.109996 0.000959919 0.764645 -0.073616 0.768181 -0.095979
-0.102346 -0.0403151 -0.612174 0.358997 0.709673 2.61121
-0.0797912 -0.075719 0.35166 -0.20702 0.408071 -0.532064
-0.0456163 -0.100096 -0.122 0.0961042 0.155306 2.47437
-0.00479813 -0.109895 0.0109924 -0.0423004 0.0437054 -1.31656
0.0367188 -0.103691 0.00808473 0.00552687 0.00979332 0.599647
0.0728882 -0.0823851 -0.0289428 0.00698706 0.0297742 2.90472
0.0984428 -0.0490818 0.0124609 0.011593 0.0170197 0.749331
0.109661 -0.0086305 -0.021235 0.0194851 0.02882 2.39914
0.104909 0.0330776 0.00452246 -0.00301489 0.00543528 -0.58799
0.0848787 0.0699686 -0.0315839 -0.0121155 0.0338279 -2.77531
0.0524875 0.0966699 0.0632762 0.0515819 0.0816368 0.683933
0.0124524 0.109293 -0.0852248 -0.176839 0.196304 -2.01989
-0.0293962 0.105999 0.0185729 0.46622 0.46659 1.53098
-0.0669638 0.0872689 0.148133 -0.766547 0.780729 -1.3799
# x y Real Imaginary Modulus Phase <-> f = 0 s = 8
-0.10199 -0.0412067 0.721171 -0.143912 0.73539 -0.196965
-0.0791274 -0.0764124 -0.618363 0.328168 0.700048 2.65368
-0.044741 -0.10049 0.260671 -0.183269 0.318649 -0.612782
-0.00383894 -0.109933 -0.0296857 0.0928222 0.0974536 1.88033
0.0376222 -0.103366 -0.0200275 -0.0266358 0.0333251 -2.21551
0.0736044 -0.0817459 0.0253017 -0.0107107 0.0274753 -0.400447
0.0988673 -0.0482208 -0.0386103 0.00763019 0.0393571 2.94649
0.109732 -0.00767321 0.00960647 0.00858087 0.0128808 0.729067
0.104616 0.0339919 -0.0210693 0.0209654 0.0297231 2.35867
0.0842649 0.0707066 0.0113224 -0.00526994 0.0124887 -0.435623
0.0516419 0.0971242 -0.0344143 -0.00938454 0.0356709 -2.87537
0.0114981 0.109397 0.062829 0.0654868 0.0907524 0.806109
-0.0303201 0.105739 -0.0801243 -0.235766 0.249009 -1.8984
-0.0677228 0.0866812 0.0834911 0.522964 0.529587 1.41248
-0.0952628 0.055 0.0725239 -0.741362 0.744901 -1.47328
# x y Real Imaginary Modulus Phase <-> f = 0 s = 9
-0.0784575 -0.0771 0.86089 -0.0569564 0.862772 -0.0660636
-0.0438624 -0.100877 -0.503556 0.161177 0.528722 2.83182
-0.00287946 -0.109962 0.117981 -0.138695 0.182087 -0.865928
0.0385228 -0.103034 0.00999349 0.061077 0.0618892 1.40861
0.0743149 -0.0811005 -0.0234138 -0.00737914 0.0245491 -2.83628
0.0992844 -0.0473562 0.0291679 -0.0230663 0.0371863 -0.669113
0.109795 -0.00671534 -0.0357066 0.00576348 0.0361687 2.98156
0.104316 0.0349035 0.0124143 0.0144252 0.0190316 0.860182
0.0836447 0.0714393 -0.01434 0.0143795 0.0203078 2.35482
0.0507923 0.0975712 0.0174522 0.000667105 0.017465 0.038206
0.010543 0.109494 -0.0313109 -0.0246869 0.0398724 -2.47394
-0.0312417 0.10547 0.0453679 0.11403 0.122724 1.19214
-0.0684766 0.0860869 -0.0756111 -0.300155 0.309532 -1.81757
-0.0957391 0.0541666 0.0813371 0.597683 0.603192 1.43554
-0.109059 0.0143579 0.0020282 -0.791023 0.791025 -1.56823
# x y Real Imaginary Modulus Phase <-> f = 0 s = 10
-0.0429804 -0.101256 0.887154 0.126385 0.896111 0.141509
-0.00191976 -0.109983 -0.347551 0.121581 0.368203 2.80508
0.0394205 -0.102694 0.0770796 -0.11954 0.142236 -0.998083
0.0750198 -0.0804489 0.00412955 0.0579816 0.0581285 1.49969
0.0996939 -0.046488 -0.0201095 -0.00996974 0.0224452 -2.68133
0.109849 -0.00575696 0.0273911 -0.00995401 0.0291437 -0.348565
0.104007 0.0358125 -0.0281593 0.00174334 0.0282132 3.07976
0.0830181 0.0721665 0.0184966 0.0148519 0.0237214 0.676539
0.049939 0.0980107 -0.00966824 0.00226473 0.00992995 2.9115
0.00958713 0.109581 0.0100283 0.00909733 0.0135399 0.73676
-0.0321609 0.105194 -0.0117257 -0.0457487 0.0472275 -1.8217
-0.0692252 0.0854861 0.0308008 0.13097 0.134543 1.33982
-0.0962082 0.0533291 -0.0388087 -0.304889 0.307349 -1.6974
-0.10918 0.0134056 0.0476939 0.600885 0.602775 1.49159
-0.106252 -0.0284701 0.122108 -0.778661 0.788177 -1.41525
# x y Real Imaginary Modulus Phase <-> f = 0 s = 11
-0.000959919 -0.109996 0.767596 0.203604 0.79414 0.259278
0.0403151 -0.102346 -0.319678 0.098789 0.334594 2.84187
0.075719 -0.0797912 0.0997254 -0.121103 0.156879 -0.881902
0.100096 -0.0456163 -0.00630476 0.0739648 0.074233 1.65583
0.109895 -0.00479813 -0.0083179 -0.0361266 0.0370718 -1.7971
0.103691 0.0367188 0.00335828 0.0157009 0.016056 1.36008
0.0823851 0.0728882 -0.0067088 0.000509223 0.0067281 3.06583
0.0490818 0.0984428 0.013994 0.00394395 0.0145392 0.274706
0.0086305 0.109661 -0.00345795 -9.04387e-05 0.00345913 -3.11544
-0.0330776 0.104909 0.00304519 0.0094871 0.00996384 1.2602
-0.0699686 0.0848787 -0.0104106 -0.0444547 0.0456574 -1.80083
-0.0966699 0.0524875 0.0288653 0.106836 0.110667 1.30691
-0.109293 0.0124524 -0.0550739 -0.237829 0.244123 -1.79835
-0.105999 -0.0293962 0.010068 0.42596 0.426079 1.54716
-0.0872689 -0.0669638 0.283231 -0.676384 0.733291 -1.17424
# x y Real Imaginary Modulus Phase <-> f = 0 s = 12
0.0412067 -0.10199 0.820947 0.195857 0.843987 0.234196
0.0764124 -0.0791274 -0.424716 0.105571 0.43764 2.89796
0.10049 -0.044741 0.172493 -0.153636 0.230993 -0.727642
0.109933 -0.00383894 -0.0732272 0.104018 0.127208 2.18419
0.103366 0.0376222 0.0363881 -0.0487739 0.0608522 -0.929823
0.0817459 0.0736044 -0.0172519 0.0134565 0.0218793 2.47916
0.0482208 0.0988673 0.00193857 -0.000672009 0.00205175 -0.333688
0.00767321 0.109732 0.006243 -0.000666393 0.00627846 -0.10634
-0.0339919 0.104616 0.00038366 -0.000291729 0.000481976 -0.650114
-0.0707066 0.0842649 0.00731247 0.00522261 0.00898598 0.620197
-0.0971242 0.0516419 -0.0250408 -0.0170473 0.0302928 -2.54388
-0.109397 0.0114981 0.0600315 0.0430308 0.0738608 0.621915
-0.105739 -0.0303201 -0.0840538 -0.11154 0.139664 -2.21658
-0.0866812 -0.0677228 0.0320736 0.283722 0.28553 1.45823
-0.055 -0.0952628 0.272203 -0.514089 0.581706 -1.08384
# x y Real Imaginary Modulus Phase <-> f = 0 s = 13
0.0771 -0.0784575 0.94872 0.03378 0.949322 0.0355908
0.100877 -0.0438624 -0.575415 0.238867 0.623024 2.74812
0.109962 -0.00287946 0.334642 -0.227192 0.404477 -0.59643
0.103034 0.0385228 -0.18304 0.108091 0.212573 2.60816
0.0811005 0.0743149 0.0870651 -0.0321059 0.0927962 -0.353286
0.0473562 0.0992844 -0.0332658 -0.00051672 0.0332698 -3.12606
0.00671534 0.109795 0.00624535 -0.00211209 0.00659282 -0.326112
-0.0349035 0.104316 0.00516128 0.00352027 0.00624748 0.598579
-0.0714393 0.0836447 0.000469643 0.0121957 0.0122047 1.53231
-0.0975712 0.0507923 0.00155948 -0.0090023 0.00913638 -1.39927
-0.109494 0.010543 -0.0230142 0.00921369 0.02479 2.76079
-0.10547 -0.0312417 0.0494124 0.00151394 0.0494356 0.0306293
-0.0860869 -0.0684766 -0.0740302 -0.071841 0.103158 -2.3712
-0.0541666 -0.0957391 0.0270996 0.238494 0.240029 1.45765
-0.0143579 -0.109059 0.302573 -0.536645 0.616067 -1.0574
# x y Real Imaginary Modulus Phase <-> f = 0 s = 14
0.101256 -0.0429804 0.73785 -0.083313 0.742538 -0.112437
0.109983 -0.00191976 -0.567148 0.449276 0.723536 2.47165
0.102694 0.0394205 0.411967 -0.308577 0.51472 -0.642883
0.0804489 0.0750198 -0.211176 0.125478 0.245642 2.60546
0.046488 0.0996939 0.0911791 -0.0488307 0.103431 -0.491679
0.00575696 0.109849 -0.0229221 0.0200508 0.0304541 2.42291
-0.0358125 0.104007 -0.00201402 -0.0102747 0.0104702 -1.76436
-0.0721665 0.0830181 0.0106781 0.01234 0.0163186 0.85747
-0.0980107 0.049939 -0.0123634 0.020193 0.0236773 2.12018
-0.109581 0.00958713 -0.00136679 -0.0279662 0.0279996 -1.61963
-0.105194 -0.0321609 -0.00614245 0.0225842 0.0234046 1.83635
-0.0854861 -0.0692252 0.0369633 -0.000259244 0.0369642 -0.00701344
-0.0533291 -0.0962082 -0.0727611 -0.0796947 0.107914 -2.31075
-0.0134056 -0.10918 0.00360008 0.310241 0.310262 1.55919
0.0284701 -0.106252 0.310663 -0.728762 0.792216 -1.16784
# x y Real Imaginary Modulus Phase <-> f = 0 s = 15
0.109996 -0.000959919 0.665298 0.0158882 0.665488 0.0238768
0.102346 0.0403151 -0.525957 0.43896 0.685067 2.44611
0.0797912 0.075719 0.350849 -0.287008 0.453286 -0.685645
0.0456163 0.100096 -0.155614 0.137816 0.207867 2.41677
0.00479813 0.109895 0.0418753 -0.0550258 0.0691475 -0.920284
-0.0367188 0.103691 0.000170108 0.0224955 0.0224962 1.56323
-0.0728882 0.0823851 -0.0132866 -0.00265383 0.013549 -2.94445
-0.0984428 0.0490818 0.00734523 0.0134537 0.0153282 1.07106
-0.109661 0.0086305 -0.0199521 0.021978 0.0296836 2.30792
-0.104909 -0.0330776 -0.00312052 -0.0389524 0.0390772 -1.65074
-0.0848787 -0.0699686 -0.00545086 0.0212405 0.0219287 1.822
-0.0524875 -0.0966699 0.0522187 0.0130858 0.0538333 0.24554
-0.0124524 -0.109293 -0.0790425 -0.144375 0.164596 -2.0717
0.0293962 -0.105999 0.00505498 0.477551 0.477578 1.56021
0.0669638 -0.0872689 0.0721595 -0.780353 0.783683 -1.47859
