# x y Real Imaginary Modulus Phase <-> f = 0 s = 0
0.10199 0.0412067 0.725687 -0.039102 0.726739 -0.0538307
0.0791274 0.0764124 -0.573859 0.333479 0.663719 2.61517
0.044741 0.10049 0.300634 -0.224577 0.375254 -0.641586
0.00383894 0.109933 -0.0967152 0.10434 0.142269 2.31829
-0.0376222 0.103366 0.0158614 -0.0482651 0.0508046 -1.25328
-0.0736044 0.0817459 0.00281709 0.0138956 0.0141782 1.37077
-0.0988673 0.0482208 -0.0213399 0.00263451 0.0215019 3.01876
-0.109732 0.00767321 0.000113757 0.00563961 0.00564075 1.55063
-0.104616 -0.0339919 -0.0198483 0.0154702 0.0251651 2.47953
-0.0842649 -0.0707066 0.00775362 -0.0329494 0.0338494 -1.33968
-0.0516419 -0.0971242 -0.0210776 0.00508961 0.0216834 2.90466
-0.0114981 -0.109397 0.0547958 0.0654192 0.0853362 0.873539
0.0303201 -0.105739 -0.0465986 -0.282714 0.286529 -1.73415
0.0677228 -0.0866812 0.127824 0.646863 0.659372 1.3757
0.0952628 -0.055 -0.0208972 -0.634642 0.634986 -1.60371
# x y Real Imaginary Modulus Phase <-> f = 0 s = 1
0.0784575 0.0771 0.817812 -0.0905656 0.822811 -0.110292
0.0438624 0.100877 -0.585723 0.266744 0.643602 2.71425
0.00287946 0.109962 0.239545 -0.168825 0.293059 -0.613921
-0.0385228 0.103034 -0.0595623 0.100052 0.116439 2.10776
-0.0743149 0.0811005 0.00397132 -0.0423054 0.0424914 -1.4772
-0.0992844 0.0473562 0.00338318 0.010997 0.0115056 1.27234
-0.109795 0.00671534 -0.0221499 0.00492816 0.0226916 2.92267
-0.104316 -0.0349035 0.00308752 0.0102072 0.010664 1.27706
-0.0836447 -0.0714393 -0.0196946 0.0148474 0.0246642 2.49561
-0.0507923 -0.0975712 0.00867639 -0.00791324 0.011743 -0.739429
-0.010543 -0.109494 -0.0252546 -0.0324334 0.0411062 -2.23239
0.0312417 -0.10547 0.0102748 0.140874 0.141248 1.49799
0.0684766 -0.0860869 -0.0510323 -0.395581 0.398859 -1.69909
0.0957391 -0.0541666 0.192502 0.637673 0.666095 1.27761
0.109059 -0.0143579 0.0275413 -0.685434 0.685988 -1.53064
# x y Real Imaginary Modulus Phase <-> f = 0 s = 2
0.0429804 0.101256 0.888817 -0.0828879 0.892674 -0.0929874
0.00191976 0.109983 -0.533118 0.176874 0.561693 2.82125
-0.0394205 0.102694 0.193557 -0.17011 0.257685 -0.721013
-0.0750198 0.0804489 -0.0437103 0.0955244 0.10505 1.99994
-0.0996939 0.046488 0.00367425 -0.0438831 0.0440367 -1.48726
-0.109849 0.00575696 0.00847693 0.0125804 0.0151698 0.977856
-0.104007 -0.0358125 -0.0144383 -0.00119711 0.0144878 -3.05887
-0.0830181 -0.0721665 0.0103179 0.012591 0.0162786 0.884299
-0.049939 -0.0980107 -0.00818562 0.00923938 0.0123438 2.29579
-0.00958713 -0.109581 0.00603485 0.0115103 0.0129964 1.0879
0.0321609 -0.105194 0.00828124 -0.054436 0.0550623 -1.41983
0.0692252 -0.0854861 0.0051478 0.178045 0.17812 1.54189
0.0962082 -0.0533291 -0.0862317 -0.364382 0.374447 -1.80317
0.10918 -0.0134056 0.103405 0.573289 0.58254 1.39234
0.106252 0.0284701 0.0954787 -0.77975 0.785574 -1.44896
# x y Real Imaginary Modulus Phase <-> f = 0 s = 3
0.000959919 0.109996 0.917579 0.0140973 0.917687 0.0153623
-0.0403151 0.102346 -0.492525 0.188607 0.527403 2.77588
-0.075719 0.0797912 0.179707 -0.16093 0.241232 -0.730332
-0.100096 0.0456163 -0.0493767 0.0970368 0.108877 2.0415
-0.109895 0.00479813 0.00243907 -0.0443415 0.0444085 -1.51585
-0.103691 -0.0367188 0.00436985 0.0197688 0.020246 1.35325
-0.0823851 -0.0728882 -0.00720474 -0.00715895 0.0101567 -2.35938
-0.0490818 -0.0984428 0.00991199 0.00454105 0.0109027 0.4296
-0.0086305 -0.109661 -0.00375774 2.02563e-05 0.00375779 3.1362
0.0330776 -0.104909 -0.00351762 0.0103828 0.0109625 1.89745
0.0699686 -0.0848787 0.00776738 -0.0679724 0.0684147 -1.45702
0.0966699 -0.0524875 0.0376821 0.156984 0.161443 1.33522
0.109293 -0.0124524 -0.077046 -0.289784 0.299852 -1.83066
0.105999 0.0293962 0.0395649 0.53297 0.534436 1.4967
0.0872689 0.0669638 0.153973 -0.802778 0.817411 -1.3813
# x y Real Imaginary Modulus Phase <-> f = 0 s = 4
-0.0412067 0.10199 0.896385 -0.00640527 0.896408 -0.00714555
-0.0764124 0.0791274 -0.485745 0.167714 0.513883 2.80914
-0.10049 0.044741 0.204294 -0.164628 0.262371 -0.678291
-0.109933 0.00383894 -0.0667109 0.101427 0.121399 2.15258
-0.103366 -0.0376222 0.0236304 -0.0475374 0.0530867 -1.10948
-0.0817459 -0.0736044 -0.00865178 0.0162443 0.0184046 2.06019
-0.0482208 -0.0988673 -0.0012333 -0.00160355 0.00202297 -2.22641
-0.00767321 -0.109732 0.0101736 -0.000138898 0.0101745 -0.0136519
0.0339919 -0.104616 -0.00382018 -0.00181648 0.00423006 -2.69774
0.0707066 -0.0842649 0.00638934 0.0186647 0.019728 1.24098
0.0971242 -0.0516419 -0.0248407 -0.0427403 0.0494348 -2.09728
0.109397 -0.0114981 0.0475197 0.0936531 0.105019 1.10124
0.105739 0.0303201 -0.062338 -0.21299 0.221925 -1.85552
0.0866812 0.0677228 0.00194971 0.443617 0.443622 1.5664
0.055 0.0952628 0.241607 -0.746845 0.784954 -1.25792
# x y Real Imaginary Modulus Phase <-> f = 0 s = 5
-0.0771 0.0784575 0.92128 -0.0198181 0.921493 -0.0215082
-0.100877 0.0438624 -0.566099 0.21684 0.606207 2.77579
-0.109962 0.00287946 0.271437 -0.206013 0.340763 -0.649218
-0.103034 -0.0385228 -0.131407 0.114059 0.174004 2.42675
-0.0811005 -0.0743149 0.0582822 -0.038601 0.069906 -0.584981
-0.0473562 -0.0992844 -0.0140313 0.00643158 0.0154351 2.7118
-0.00671534 -0.109795 -0.00242266 -0.00217739 0.00325735 -2.40946
0.0349035 -0.104316 0.0119698 0.0054004 0.0131317 0.423825
0.0714393 -0.0836447 -0.0123326 -0.00330204 0.012767 -2.87998
0.0975712 -0.0507923 0.0182026 0.00580614 0.0191062 0.308771
0.109494 -0.010543 -0.0293244 -0.020679 0.0358823 -2.5274
0.10547 0.0312417 0.0567973 0.0641155 0.0856547 0.845848
0.0860869 0.0684766 -0.0783012 -0.177247 0.193772 -1.98678
0.0541666 0.0957391 0.0268548 0.410163 0.411041 1.50542
0.0143579 0.109059 0.211147 -0.73507 0.764795 -1.29108
# x y Real Imaginary Modulus Phase <-> f = 0 s = 6
-0.101256 0.0429804 0.85018 -0.0552871 0.851976 -0.0649384
-0.109983 0.00191976 -0.562225 0.311509 0.642756 2.63563
-0.102694 -0.0394205 0.331214 -0.235418 0.406355 -0.61792
-0.0804489 -0.0750198 -0.151739 0.103834 0.183865 2.54149
-0.046488 -0.0996939 0.0513565 -0.0360603 0.0627522 -0.612172
-0.00575696 -0.109849 -0.000755558 0.0134533 0.0134745 1.6269
0.0358125 -0.104007 -0.0129685 0.00304138 0.0133204 2.91124
0.0721665 -0.0830181 0.0141412 0.0139783 0.0198838 0.779602
0.0980107 -0.049939 -0.0192166 0.00896564 0.0212052 2.70505
0.109581 -0.00958713 0.00996816 -0.00342094 0.0105388 -0.330592
0.105194 0.0321609 -0.0301936 -0.0115933 0.0323428 -2.77498
0.0854861 0.0692252 0.0584534 0.0516984 0.0780354 0.724151
0.0533291 0.0962082 -0.0791471 -0.159396 0.177964 -2.03168
0.0134056 0.10918 0.021354 0.396732 0.397306 1.51702
-0.0284701 0.106252 0.24687 -0.756827 0.796073 -1.25549
# x y Real Imaginary Modulus Phase <-> f = 0 s = 7
-0.109996 0.000959919 0.76377 -0.0859698 0.768593 -0.112088
-0.102346 -0.0403151 -0.621558 0.360796 0.718684 2.61566
-0.0797912 -0.075719 0.353155 -0.202068 0.406878 -0.519711
-0.0456163 -0.100096 -0.123771 0.0902115 0.153158 2.51176
-0.00479813 -0.109895 0.00902345 -0.0402832 0.0412815 -1.35043
0.0367188 -0.103691 0.0104523 0.00354924 0.0110384 0.32735
0.0728882 -0.0823851 -0.0293467 0.00138545 0.0293794 3.09442
0.0984428 -0.0490818 0.00806388 0.00784131 0.0112478 0.771406
0.109661 -0.0086305 -0.022082 0.0150684 0.0267334 2.54279
0.104909 0.0330776 0.00547188 -0.00500055 0.00741262 -0.740421
0.0848787 0.0699686 -0.0281022 -0.0116734 0.0304302 -2.74789
0.0524875 0.0966699 0.0574603 0.0523328 0.0777201 0.738731
0.0124524 0.109293 -0.0755473 -0.177819 0.193202 -1.97254
-0.0293962 0.105999 0.00293733 0.468589 0.468598 1.56453
-0.0669638 0.0872689 0.153543 -0.780002 0.794971 -1.37643
# x y Real Imaginary Modulus Phase <-> f = 0 s = 8
-0.10199 -0.0412067 0.724117 -0.15656 0.740848 -0.21293
-0.0791274 -0.0764124 -0.628638 0.322693 0.706623 2.66735
-0.044741 -0.10049 0.265925 -0.174748 0.318202 -0.581374
-0.00383894 -0.109933 -0.0301661 0.089759 0.0946925 1.89502
0.0376222 -0.103366 -0.0182087 -0.0252617 0.0311402 -2.19535
0.0736044 -0.0817459 0.0282287 -0.0111641 0.0303561 -0.37661
0.0988673 -0.0482208 -0.0363265 1.34317e-06 0.0363265 3.14156
0.109732 -0.00767321 0.00568513 0.00288696 0.00637615 0.469875
0.104616 0.0339919 -0.0227716 0.0167169 0.0282489 2.50834
0.0842649 0.0707066 0.0117363 -0.00510326 0.0127979 -0.410163
0.0516419 0.0971242 -0.0327845 -0.00990998 0.0342495 -2.84805
0.0114981 0.109397 0.0579082 0.0663511 0.0880672 0.85324
-0.0303201 0.105739 -0.0691338 -0.237769 0.247616 -1.85375
-0.0677228 0.0866812 0.0764324 0.533929 0.539372 1.42861
-0.0952628 0.055 0.0646834 -0.752316 0.755092 -1.48503
# x y Real Imaginary Modulus Phase <-> f = 0 s = 9
-0.0784575 -0.0771 0.869123 -0.0646055 0.871521 -0.0741977
-0.0438624 -0.100877 -0.511148 0.15317 0.533604 2.85045
-0.00287946 -0.109962 0.117761 -0.133981 0.178378 -0.849739
0.0385228 -0.103034 0.00971352 0.0613525 0.0621166 1.41378
0.0743149 -0.0811005 -0.0233381 -0.00551577 0.023981 -2.90951
0.0992844 -0.0473562 0.0343681 -0.022029 0.040822 -0.570003
0.109795 -0.00671534 -0.0336845 -0.000208228 0.0336851 -3.13541
0.104316 0.0349035 0.00724268 0.00968987 0.0120975 0.92893
0.0836447 0.0714393 -0.0171518 0.0117816 0.0208084 2.53971
0.0507923 0.0975712 0.0166795 0.00062156 0.0166911 0.0372477
0.010543 0.109494 -0.0297199 -0.0249672 0.0388154 -2.44288
-0.0312417 0.10547 0.0387992 0.113532 0.119979 1.24149
-0.0684766 0.0860869 -0.0690554 -0.30332 0.311081 -1.79465
-0.0957391 0.0541666 0.0766498 0.60492 0.609757 1.44476
-0.109059 0.0143579 -0.00278099 -0.801027 0.801031 -1.57427
# x y Real Imaginary Modulus Phase <-> f = 0 s = 10
-0.0429804 -0.101256 0.899153 0.134206 0.909113 0.148165
-0.00191976 -0.109983 -0.351467 0.113692 0.369399 2.82874
0.0394205 -0.102694 0.0787387 -0.11521 0.139546 -0.971274
0.0750198 -0.0804489 0.00238238 0.0547511 0.0548029 1.52731
0.0996939 -0.046488 -0.0202872 -0.00744163 0.021609 -2.79002
0.109849 -0.00575696 0.030825 -0.0093418 0.0322094 -0.294261
0.104007 0.0358125 -0.0284431 -0.00347409 0.0286545 -3.02005
0.0830181 0.0721665 0.0128982 0.0151869 0.019925 0.866712
0.049939 0.0980107 -0.0106132 0.00126672 0.0106886 3.0228
0.00958713 0.109581 0.00972351 0.00830522 0.0127876 0.706892
-0.0321609 0.105194 -0.00894281 -0.0423799 0.0433132 -1.77876
-0.0692252 0.0854861 0.0262026 0.131898 0.134476 1.37469
-0.0962082 0.0533291 -0.0352311 -0.304168 0.306202 -1.68611
-0.10918 0.0134056 0.0390668 0.603058 0.604322 1.50611
-0.106252 -0.0284701 0.122834 -0.791233 0.800711 -1.41678
# x y Real Imaginary Modulus Phase <-> f = 0 s = 11
-0.000959919 -0.109996 0.770633 0.2182 0.800929 0.275921
0.0403151 -0.102346 -0.322893 0.0896979 0.33512 2.87063
0.075719 -0.0797912 0.0998088 -0.116109 0.153111 -0.860747
0.100096 -0.0456163 -0.007218 0.0737763 0.0741285 1.66832
0.109895 -0.00479813 -0.00754449 -0.0342182 0.03504 -1.78781
0.103691 0.0367188 0.00502098 0.0138176 0.0147016 1.22226
0.0823851 0.0728882 -0.00903045 -0.00187994 0.00922406 -2.93635
0.0490818 0.0984428 0.011282 0.0067522 0.0131483 0.539309
0.0086305 0.109661 -0.00420434 -4.09698e-05 0.00420454 -3.13185
-0.0330776 0.104909 0.00416295 0.00798906 0.00900862 1.09043
-0.0699686 0.0848787 -0.00684029 -0.0410679 0.0416336 -1.73584
-0.0966699 0.0524875 0.0233947 0.104893 0.10747 1.35135
-0.109293 0.0124524 -0.0465619 -0.23725 0.241776 -1.76459
-0.105999 -0.0293962 0.000234221 0.429698 0.429699 1.57025
-0.0872689 -0.0669638 0.296985 -0.682818 0.744608 -1.16054
# x y Real Imaginary Modulus Phase <-> f = 0 s = 12
0.0412067 -0.10199 0.826184 0.205773 0.851424 0.244098
0.0764124 -0.0791274 -0.424683 0.0986854 0.435999 2.91327
0.10049 -0.044741 0.173185 -0.150696 0.22957 -0.716073
0.109933 -0.00383894 -0.0713676 0.101106 0.123757 2.18545
0.103366 0.0376222 0.03416 -0.0483394 0.0591913 -0.955609
0.0817459 0.0736044 -0.0153289 0.0147821 0.0212952 2.37435
0.0482208 0.0988673 0.00178689 -0.00272087 0.00325516 -0.989702
0.00767321 0.109732 0.00614336 0.00126408 0.00627207 0.202932
-0.0339919 0.104616 -0.000413599 0.000667169 0.000784971 2.12574
-0.0707066 0.0842649 0.00773993 0.00396413 0.00869602 0.473333
-0.0971242 0.0516419 -0.0248374 -0.0152262 0.029133 -2.59164
-0.109397 0.0114981 0.0575627 0.0418937 0.0711937 0.629136
-0.105739 -0.0303201 -0.0811649 -0.110598 0.137184 -2.2039
-0.0866812 -0.0677228 0.0228347 0.28287 0.28379 1.49025
-0.055 -0.0952628 0.283342 -0.510152 0.583556 -1.06381
# x y Real Imaginary Modulus Phase <-> f = 0 s = 13
0.0771 -0.0784575 0.957403 0.0317482 0.957929 0.0331486
0.100877 -0.0438624 -0.585085 0.237954 0.631622 2.75532
0.109962 -0.00287946 0.338949 -0.222316 0.405353 -0.580511
0.103034 0.0385228 -0.184281 0.103484 0.211349 2.62992
0.0811005 0.0743149 0.0851309 -0.0282191 0.0896861 -0.320081
0.0473562 0.0992844 -0.028407 -0.00134043 0.0284387 -3.09444
0.00671534 0.109795 0.00563958 -0.00270162 0.00625329 -0.446745
-0.0349035 0.104316 0.00359867 0.00442961 0.00570718 0.888533
-0.0714393 0.0836447 -0.00351006 0.01211 0.0126084 1.85291
-0.0975712 0.0507923 0.00309007 -0.0121501 0.0125368 -1.32175
-0.109494 0.010543 -0.0205141 0.00956817 0.0226358 2.70517
-0.10547 -0.0312417 0.0484797 0.00346061 0.0486031 0.0712618
-0.0860869 -0.0684766 -0.0699949 -0.0706645 0.0994623 -2.35143
-0.0541666 -0.0957391 0.0193408 0.235817 0.236609 1.48896
-0.0143579 -0.109059 0.312489 -0.534829 0.619429 -1.04202
# x y Real Imaginary Modulus Phase <-> f = 0 s = 14
0.101256 -0.0429804 0.740031 -0.0976862 0.746451 -0.131244
0.109983 -0.00191976 -0.577228 0.452638 0.733535 2.47659
0.102694 0.0394205 0.41939 -0.303491 0.517682 -0.626423
0.0804489 0.0750198 -0.213621 0.122521 0.246263 2.62085
0.046488 0.0996939 0.0929078 -0.0421697 0.10203 -0.426082
0.00575696 0.109849 -0.0224982 0.0187559 0.0292908 2.44666
-0.0358125 0.104007 -0.000827736 -0.0106693 0.0107013 -1.64822
-0.0721665 0.0830181 0.00553016 0.0126339 0.0137912 1.1582
-0.0980107 0.049939 -0.0156261 0.0153866 0.0219299 2.36392
-0.109581 0.00958713 0.00199059 -0.0306841 0.0307486 -1.50601
-0.105194 -0.0321609 -0.00470015 0.0241328 0.0245863 1.76315
-0.0854861 -0.0692252 0.0347187 -0.000945642 0.0347316 -0.0272305
-0.0533291 -0.0962082 -0.070314 -0.0794221 0.106075 -2.29544
-0.0134056 -0.10918 -0.00137601 0.308537 0.30854 1.57526
0.0284701 -0.106252 0.319632 -0.732503 0.799203 -1.15935
# x y Real Imaginary Modulus Phase <-> f = 0 s = 15
0.109996 -0.000959919 0.653353 0.014987 0.653524 0.0229345
0.102346 0.0403151 -0.5322 0.445953 0.694342 2.44414
0.0797912 0.075719 0.355256 -0.28605 0.456105 -0.677901
0.0456163 0.100096 -0.160496 0.134773 0.209578 2.44309
0.00479813 0.109895 0.0423072 -0.0525743 0.067483 -0.893189
-0.0367188 0.103691 -0.00104959 0.0227307 0.0227549 1.61694
-0.0728882 0.0823851 -0.0136289 -0.00491319 0.0144874 -2.7956
-0.0984428 0.0490818 0.00264026 0.010414 0.0107434 1.3225
-0.109661 0.0086305 -0.0206969 0.014007 0.0249911 2.54663
-0.104909 -0.0330776 0.00258169 -0.0406763 0.0407581 -1.50741
-0.0848787 -0.0699686 -0.00371388 0.0233476 0.0236411 1.72854
-0.0524875 -0.0966699 0.0503659 0.0155185 0.0527024 0.298886
-0.0124524 -0.109293 -0.0759564 -0.144965 0.163659 -2.05343
0.0293962 -0.105999 -0.0032512 0.48143 0.481441 1.57755
0.0669638 -0.0872689 0.0695396 -0.79057 0.793623 -1.48306
