# x y Real Imaginary Modulus Phase <-> f = 0 s = 0
0.10199 0.0412067 0.738383 -0.0278166 0.738907 -0.0376545
0.0791274 0.0764124 -0.559005 0.326703 0.647473 2.6127
0.044741 0.10049 0.289147 -0.236136 0.373318 -0.684819
0.00383894 0.109933 -0.0949659 0.113188 0.14775 2.26888
-0.0376222 0.103366 0.0141166 -0.0528582 0.0547107 -1.30982
-0.0736044 0.0817459 0.00364173 0.0158648 0.0162774 1.34516
-0.0988673 0.0482208 -0.0216752 0.00369722 0.0219883 2.97264
-0.109732 0.00767321 0.00164968 0.00695473 0.0071477 1.3379
-0.104616 -0.0339919 -0.0228091 0.0173619 0.0286651 2.49097
-0.0842649 -0.0707066 0.0111058 -0.033908 0.0356805 -1.25428
-0.0516419 -0.0971242 -0.0261712 0.00656628 0.0269823 2.89577
-0.0114981 -0.109397 0.0582108 0.0658025 0.0878548 0.846539
0.0303201 -0.105739 -0.0569325 -0.282737 0.288412 -1.7695
0.0677228 -0.0866812 0.131827 0.634992 0.648532 1.3661
0.0952628 -0.055 -0.00439076 -0.638745 0.63876 -1.57767
# x y Real Imaginary Modulus Phase <-> f = 0 s = 1
0.0784575 0.0771 0.812381 -0.0721209 0.815576 -0.088545
0.0438624 0.100877 -0.565672 0.279743 0.631063 2.68233
0.00287946 0.109962 0.235319 -0.184522 0.299037 -0.664991
-0.0385228 0.103034 -0.0556756 0.110462 0.123699 2.03766
-0.0743149 0.0811005 0.00208704 -0.046988 0.0470343 -1.52641
-0.0992844 0.0473562 0.00397503 0.0127402 0.013346 1.26836
-0.109795 0.00671534 -0.0221049 0.00624069 0.022969 2.86643
-0.104316 -0.0349035 0.00509981 0.0115157 0.0125944 1.1539
-0.0836447 -0.0714393 -0.0218294 0.0153182 0.0266677 2.52971
-0.0507923 -0.0975712 0.0107454 -0.00816295 0.0134944 -0.649661
-0.010543 -0.109494 -0.0271313 -0.0325369 0.0423645 -2.26585
0.0312417 -0.10547 0.0166229 0.143324 0.144285 1.45533
0.0684766 -0.0860869 -0.059926 -0.390527 0.395098 -1.72306
0.0957391 -0.0541666 0.19105 0.624635 0.653199 1.27397
0.109059 -0.0143579 0.0437345 -0.68262 0.684019 -1.50682
# x y Real Imaginary Modulus Phase <-> f = 0 s = 2
0.0429804 0.101256 0.85617 -0.0846043 0.86034 -0.0984974
0.00191976 0.109983 -0.522447 0.200967 0.559766 2.77438
-0.0394205 0.102694 0.185956 -0.189858 0.265755 -0.795779
-0.0750198 0.0804489 -0.0391034 0.105659 0.112663 1.92526
-0.0996939 0.046488 0.000593901 -0.0493471 0.0493507 -1.55876
-0.109849 0.00575696 0.00978727 0.0133615 0.0165626 0.938589
-0.104007 -0.0358125 -0.0152238 -0.000477053 0.0152312 -3.11027
-0.0830181 -0.0721665 0.0125031 0.013106 0.0181134 0.808939
-0.049939 -0.0980107 -0.00977574 0.0093095 0.0134993 2.38062
-0.00958713 -0.109581 0.00708931 0.0107497 0.0128769 0.98778
0.0321609 -0.105194 0.00629151 -0.056359 0.0567091 -1.45962
0.0692252 -0.0854861 0.0127775 0.178158 0.178616 1.4992
0.0962082 -0.0533291 -0.0939911 -0.356812 0.368984 -1.82836
0.10918 -0.0134056 0.10706 0.55899 0.56915 1.38156
0.106252 0.0284701 0.104593 -0.763138 0.770273 -1.43459
# x y Real Imaginary Modulus Phase <-> f = 0 s = 3
0.000959919 0.109996 0.890638 -0.00653053 0.890662 -0.00733229
-0.0403151 0.102346 -0.477962 0.218337 0.52547 2.71309
-0.075719 0.0797912 0.173407 -0.17933 0.249458 -0.802187
-0.100096 0.0456163 -0.0451178 0.107294 0.116394 1.96886
-0.109895 0.00479813 -0.000291842 -0.0475239 0.0475248 -1.57694
-0.103691 -0.0367188 0.00597235 0.0216147 0.0224247 1.30121
-0.0823851 -0.0728882 -0.00807725 -0.0070953 0.0107511 -2.42082
-0.0490818 -0.0984428 0.0112516 0.00460658 0.0121581 0.388596
-0.0086305 -0.109661 -0.00508296 0.000195752 0.00508673 3.1031
0.0330776 -0.104909 -0.00323502 0.0107472 0.0112235 1.86318
0.0699686 -0.0848787 0.00366846 -0.0723807 0.0724736 -1.52016
0.0966699 -0.0524875 0.047997 0.156851 0.16403 1.27384
0.109293 -0.0124524 -0.0910399 -0.286568 0.300681 -1.8784
0.105999 0.0293962 0.0588657 0.524141 0.527436 1.45896
0.0872689 0.0669638 0.133034 -0.780839 0.792091 -1.40204
# x y Real Imaginary Modulus Phase <-> f = 0 s = 4
-0.0412067 0.10199 0.867112 -0.0309641 0.867665 -0.0356943
-0.0764124 0.0791274 -0.475406 0.192129 0.512761 2.75753
-0.10049 0.044741 0.198868 -0.180772 0.268751 -0.737769
-0.109933 0.00383894 -0.0627619 0.110196 0.126815 2.08852
-0.103366 -0.0376222 0.0227955 -0.0522079 0.0569675 -1.15912
-0.0817459 -0.0736044 -0.0085795 0.0178097 0.0197685 2.01972
-0.0482208 -0.0988673 -0.00146739 -0.0020377 0.00251106 -2.1949
-0.00767321 -0.109732 0.0103984 -0.000546118 0.0104128 -0.052471
0.0339919 -0.104616 -0.00455221 -0.00198578 0.00496648 -2.73025
0.0707066 -0.0842649 0.00791116 0.0197718 0.0212958 1.19018
0.0971242 -0.0516419 -0.0287435 -0.0438763 0.052453 -2.15075
0.109397 -0.0114981 0.0542957 0.0952425 0.109632 1.05267
0.105739 0.0303201 -0.0754105 -0.2155 0.228313 -1.90741
0.0866812 0.0677228 0.0243592 0.445365 0.446031 1.51616
0.055 0.0952628 0.20986 -0.739068 0.768286 -1.29413
# x y Real Imaginary Modulus Phase <-> f = 0 s = 5
-0.0771 0.0784575 0.891186 -0.0330049 0.891797 -0.0370179
-0.100877 0.0438624 -0.549013 0.236549 0.597805 2.73477
-0.109962 0.00287946 0.259218 -0.222916 0.341885 -0.710245
-0.103034 -0.0385228 -0.127788 0.125845 0.179351 2.36385
-0.0811005 -0.0743149 0.0589547 -0.0451351 0.0742485 -0.653404
-0.0473562 -0.0992844 -0.0147606 0.00801057 0.0167941 2.64437
-0.00671534 -0.109795 -0.00361013 -0.00273949 0.00453187 -2.49246
0.0349035 -0.104316 0.0131711 0.00542265 0.0142437 0.390558
0.0714393 -0.0836447 -0.0133363 -0.00264717 0.0135964 -2.94565
0.0975712 -0.0507923 0.0199424 0.00518646 0.0206058 0.254436
0.109494 -0.010543 -0.0327715 -0.0205482 0.0386808 -2.58155
0.10547 0.0312417 0.0653739 0.0646498 0.0919421 0.779829
0.0860869 0.0684766 -0.0956873 -0.178516 0.202544 -2.06284
0.0541666 0.0957391 0.0560734 0.411031 0.414838 1.43521
0.0143579 0.109059 0.173625 -0.726881 0.74733 -1.33633
# x y Real Imaginary Modulus Phase <-> f = 0 s = 6
-0.101256 0.0429804 0.832582 -0.0373538 0.83342 -0.044835
-0.109983 0.00191976 -0.536755 0.312245 0.62097 2.61472
-0.102694 -0.0394205 0.319293 -0.244336 0.402055 -0.653184
-0.0804489 -0.0750198 -0.146574 0.111759 0.184321 2.49016
-0.046488 -0.0996939 0.0509144 -0.0413053 0.0655623 -0.681575
-0.00575696 -0.109849 0.000460006 0.0148995 0.0149066 1.53993
0.0358125 -0.104007 -0.0147967 0.00207199 0.0149411 3.00247
0.0721665 -0.0830181 0.0164091 0.014582 0.021952 0.72651
0.0980107 -0.049939 -0.0186746 0.0109759 0.0216612 2.61023
0.109581 -0.00958713 0.0107115 -0.00332765 0.0112165 -0.301208
0.105194 0.0321609 -0.0338893 -0.0110803 0.0356547 -2.82559
0.0854861 0.0692252 0.0676675 0.0515005 0.0850364 0.650555
0.0533291 0.0962082 -0.0950187 -0.160485 0.186504 -2.10537
0.0134056 0.10918 0.0455011 0.398015 0.400607 1.45697
-0.0284701 0.106252 0.21688 -0.748942 0.779712 -1.28892
# x y Real Imaginary Modulus Phase <-> f = 0 s = 7
-0.109996 0.000959919 0.762239 -0.063734 0.764898 -0.0834202
-0.102346 -0.0403151 -0.607246 0.356292 0.704054 2.61098
-0.0797912 -0.075719 0.343537 -0.208331 0.40177 -0.545133
-0.0456163 -0.100096 -0.120944 0.0987864 0.156161 2.45669
-0.00479813 -0.109895 0.00773128 -0.0442642 0.0449343 -1.39788
0.0367188 -0.103691 0.0133638 0.00556595 0.0144766 0.394644
0.0728882 -0.0823851 -0.0311251 0.000939154 0.0311393 3.11143
0.0984428 -0.0490818 0.0088622 0.00959707 0.013063 0.825187
0.109661 -0.0086305 -0.0210573 0.0168313 0.0269574 2.46727
0.104909 0.0330776 0.00610041 -0.00501184 0.00789516 -0.687748
0.0848787 0.0699686 -0.0327489 -0.0116764 0.0347682 -2.7991
0.0524875 0.0966699 0.0659026 0.0522084 0.0840765 0.66997
0.0124524 0.109293 -0.0900217 -0.178741 0.200131 -2.03735
-0.0293962 0.105999 0.0261259 0.468365 0.469093 1.51507
-0.0669638 0.0872689 0.144424 -0.755879 0.769553 -1.382
# x y Real Imaginary Modulus Phase <-> f = 0 s = 8
-0.10199 -0.0412067 0.725115 -0.139912 0.73849 -0.190609
-0.0791274 -0.0764124 -0.609021 0.32577 0.690676 2.65041
-0.044741 -0.10049 0.256686 -0.188881 0.318691 -0.63438
-0.00383894 -0.109933 -0.0248487 0.0987033 0.101783 1.81742
0.0376222 -0.103366 -0.0255898 -0.0290175 0.0386892 -2.29351
0.0736044 -0.0817459 0.0318859 -0.0081003 0.0328987 -0.248778
0.0988673 -0.0482208 -0.0392795 0.000334434 0.0392809 3.13308
0.109732 -0.00767321 0.00522708 0.00495588 0.00720299 0.758771
0.104616 0.0339919 -0.0214435 0.0188961 0.0285812 2.41926
0.0842649 0.0707066 0.0126481 -0.00613806 0.0140588 -0.451813
0.0516419 0.0971242 -0.0360654 -0.00816716 0.0369786 -2.91889
0.0114981 0.109397 0.065838 0.0659146 0.0931632 0.78598
-0.0303201 0.105739 -0.0863261 -0.237791 0.252976 -1.91903
-0.0677228 0.0866812 0.0947122 0.516839 0.525445 1.38955
-0.0952628 0.055 0.0743008 -0.730266 0.734036 -1.4694
# x y Real Imaginary Modulus Phase <-> f = 0 s = 9
-0.0784575 -0.0771 0.851842 -0.0445091 0.853004 -0.052203
-0.0438624 -0.100877 -0.494387 0.165461 0.52134 2.81863
-0.00287946 -0.109962 0.109657 -0.144554 0.18144 -0.921822
0.0385228 -0.103034 0.0195412 0.0638162 0.0667411 1.27365
0.0743149 -0.0811005 -0.0318601 -0.00865906 0.0330158 -2.87622
0.0992844 -0.0473562 0.0370127 -0.0198731 0.0420104 -0.492751
0.109795 -0.00671534 -0.0358149 -0.000425669 0.0358175 -3.12971
0.104316 0.0349035 0.00759065 0.0110234 0.0133841 0.967768
0.0836447 0.0714393 -0.0164611 0.0137668 0.0214591 2.44509
0.0507923 0.0975712 0.0180695 3.50582e-05 0.0180696 0.00194018
0.010543 0.109494 -0.0333008 -0.0250743 0.0416853 -2.4962
-0.0312417 0.10547 0.0485916 0.116267 0.126013 1.17493
-0.0684766 0.0860869 -0.0827947 -0.299311 0.310551 -1.84067
-0.0957391 0.0541666 0.0836963 0.592105 0.597991 1.43037
-0.109059 0.0143579 0.00719935 -0.789157 0.789189 -1.56167
# x y Real Imaginary Modulus Phase <-> f = 0 s = 10
-0.0429804 -0.101256 0.876967 0.123447 0.885613 0.139847
-0.00191976 -0.109983 -0.344602 0.130456 0.368469 2.7797
0.0394205 -0.102694 0.0712901 -0.122736 0.141938 -1.04458
0.0750198 -0.0804489 0.0106554 0.0572452 0.0582284 1.38677
0.0996939 -0.046488 -0.0273367 -0.00986012 0.0290606 -2.79543
0.109849 -0.00575696 0.0339283 -0.00657649 0.0345598 -0.191461
0.104007 0.0358125 -0.0299043 -0.00451442 0.0302432 -2.99176
0.0830181 0.0721665 0.014007 0.0153618 0.020789 0.831498
0.049939 0.0980107 -0.0108144 0.00221537 0.0110389 2.93953
0.00958713 0.109581 0.0109741 0.00847458 0.0138654 0.657579
-0.0321609 0.105194 -0.0124416 -0.0451926 0.046874 -1.83944
-0.0692252 0.0854861 0.0350898 0.132164 0.136742 1.31128
-0.0962082 0.0533291 -0.0447974 -0.29984 0.303168 -1.7191
-0.10918 0.0134056 0.0509241 0.592236 0.594421 1.48502
-0.106252 -0.0284701 0.123297 -0.764831 0.774705 -1.41096
# x y Real Imaginary Modulus Phase <-> f = 0 s = 11
-0.000959919 -0.109996 0.764858 0.191135 0.788378 0.244881
0.0403151 -0.102346 -0.317531 0.109273 0.335807 2.81015
0.075719 -0.0797912 0.0947106 -0.124908 0.156755 -0.922039
0.100096 -0.0456163 -0.000565327 0.0782297 0.0782318 1.57802
0.109895 -0.00479813 -0.0119838 -0.0384741 0.0402973 -1.87275
0.103691 0.0367188 0.00620004 0.0162993 0.0174387 1.20731
0.0823851 0.0728882 -0.0100865 -0.00271768 0.0104462 -2.8784
0.0490818 0.0984428 0.0118944 0.00696738 0.0137848 0.529889
0.0086305 0.109661 -0.0046982 -7.66177e-05 0.00469882 -3.12529
-0.0330776 0.104909 0.00522182 0.00820896 0.00972905 1.00425
-0.0699686 0.0848787 -0.0105521 -0.0428231 0.044104 -1.8124
-0.0966699 0.0524875 0.0307635 0.106131 0.1105 1.28867
-0.109293 0.0124524 -0.0605764 -0.23666 0.24429 -1.82138
-0.105999 -0.0293962 0.0188306 0.42081 0.421232 1.52608
-0.0872689 -0.0669638 0.27636 -0.670291 0.725028 -1.17973
# x y Real Imaginary Modulus Phase <-> f = 0 s = 12
0.0412067 -0.10199 0.815534 0.182316 0.835664 0.219938
0.0764124 -0.0791274 -0.421679 0.112767 0.436497 2.88028
0.10049 -0.044741 0.170877 -0.160758 0.23461 -0.754895
0.109933 -0.00383894 -0.0719944 0.106807 0.128806 2.1639
0.103366 0.0376222 0.0349563 -0.0508468 0.0617037 -0.96852
0.0817459 0.0736044 -0.0152035 0.0150362 0.0213831 2.36173
0.0482208 0.0988673 0.00119305 -0.00331306 0.00352132 -1.22515
0.00767321 0.109732 0.00614422 0.000977702 0.00622152 0.157803
-0.0339919 0.104616 -0.00177226 0.000871958 0.00197515 2.68436
-0.0707066 0.0842649 0.00936581 0.00336769 0.00995288 0.345177
-0.0971242 0.0516419 -0.0278904 -0.0148951 0.0316186 -2.65107
-0.109397 0.0114981 0.065642 0.0411489 0.0774732 0.559942
-0.105739 -0.0303201 -0.0927025 -0.106781 0.141407 -2.28573
-0.0866812 -0.0677228 0.038913 0.28202 0.284692 1.43368
-0.055 -0.0952628 0.26027 -0.515527 0.577502 -1.10327
# x y Real Imaginary Modulus Phase <-> f = 0 s = 13
0.0771 -0.0784575 0.938943 0.0362006 0.93964 0.0385356
0.100877 -0.0438624 -0.568587 0.243046 0.618355 2.73764
0.109962 -0.00287946 0.330966 -0.22995 0.403008 -0.607218
0.103034 0.0385228 -0.181332 0.110806 0.212508 2.59308
0.0811005 0.0743149 0.0859718 -0.0321309 0.0917799 -0.357664
0.0473562 0.0992844 -0.02997 -0.000291546 0.0299714 -3.13187
0.00671534 0.109795 0.00559301 -0.00309345 0.00639149 -0.505215
-0.0349035 0.104316 0.00472508 0.00437756 0.00644122 0.747239
-0.0714393 0.0836447 -0.0049606 0.0124482 0.0134002 1.95001
-0.0975712 0.0507923 0.00588912 -0.0135406 0.0147658 -1.16055
-0.109494 0.010543 -0.0264615 0.0132794 0.0296067 2.67647
-0.10547 -0.0312417 0.0550311 -0.00456702 0.0552203 -0.0828
-0.0860869 -0.0684766 -0.077986 -0.0649804 0.10151 -2.44691
-0.0541666 -0.0957391 0.0353622 0.237122 0.239744 1.42276
-0.0143579 -0.109059 0.28968 -0.538344 0.611334 -1.07714
# x y Real Imaginary Modulus Phase <-> f = 0 s = 14
0.101256 -0.0429804 0.74295 -0.0781432 0.747048 -0.104794
0.109983 -0.00191976 -0.566324 0.442689 0.718816 2.47812
0.102694 0.0394205 0.407806 -0.306142 0.50993 -0.643952
0.0804489 0.0750198 -0.207867 0.129299 0.2448 2.58513
0.046488 0.0996939 0.0934056 -0.0502906 0.106084 -0.493902
0.00575696 0.109849 -0.0229939 0.0210487 0.0311732 2.40033
-0.0358125 0.104007 -0.00185687 -0.0111655 0.0113188 -1.73559
-0.0721665 0.0830181 0.00824968 0.0135715 0.0158822 1.02461
-0.0980107 0.049939 -0.017688 0.0166427 0.0242867 2.38663
-0.109581 0.00958713 0.00535719 -0.0318223 0.03227 -1.40401
-0.105194 -0.0321609 -0.01115 0.0288077 0.0308903 1.94009
-0.0854861 -0.0692252 0.0402905 -0.00847035 0.0411712 -0.207214
-0.0533291 -0.0962082 -0.0782739 -0.0759574 0.10907 -2.37121
-0.0134056 -0.10918 0.0100194 0.310406 0.310568 1.53853
0.0284701 -0.106252 0.304896 -0.723017 0.784675 -1.17172
# x y Real Imaginary Modulus Phase <-> f = 0 s = 15
0.109996 -0.000959919 0.670241 0.0170447 0.670458 0.0254252
0.102346 0.0403151 -0.523942 0.434251 0.680506 2.44953
0.0797912 0.075719 0.343584 -0.287968 0.448303 -0.697563
0.0456163 0.100096 -0.154302 0.144034 0.21108 2.3906
0.00479813 0.109895 0.0414282 -0.0574305 0.0708135 -0.945877
-0.0367188 0.103691 0.000519144 0.0244059 0.0244114 1.54953
-0.0728882 0.0823851 -0.0144138 -0.00413104 0.0149941 -2.86247
-0.0984428 0.0490818 0.00513771 0.0117142 0.0127914 1.15747
-0.109661 0.0086305 -0.0243013 0.0168031 0.0295448 2.53663
-0.104909 -0.0330776 0.00490781 -0.0424465 0.0427293 -1.45568
-0.0848787 -0.0699686 -0.00958208 0.0278713 0.0294725 1.90193
-0.0524875 -0.0966699 0.0571614 0.0110088 0.0582119 0.190262
-0.0124524 -0.109293 -0.0835186 -0.145355 0.16764 -2.09232
0.0293962 -0.105999 0.0118341 0.475997 0.476144 1.54594
0.0669638 -0.0872689 0.077373 -0.774561 0.778416 -1.47123
