# x y Real Imaginary Modulus Phase <-> f = 0 s = 0
0.10199 0.0412067 0.744115 -0.0334549 0.744866 -0.044929
0.0791274 0.0764124 -0.568262 0.323748 0.654014 2.62374
0.044741 0.10049 0.294142 -0.224556 0.37006 -0.65204
0.00383894 0.109933 -0.0898751 0.10724 0.139921 2.26833
-0.0376222 0.103366 0.00990987 -0.0489003 0.0498943 -1.37085
-0.0736044 0.0817459 0.00779626 0.0158808 0.0176913 1.11444
-0.0988673 0.0482208 -0.021342 -0.00152884 0.0213967 -3.07008
-0.109732 0.00767321 -0.000678402 0.00488572 0.00493259 1.70877
-0.104616 -0.0339919 -0.0199223 0.0191074 0.0276042 2.37707
-0.0842649 -0.0707066 0.00888093 -0.0315629 0.0327885 -1.29652
-0.0516419 -0.0971242 -0.0212931 0.0095756 0.0233471 2.71899
-0.0114981 -0.109397 0.0534032 0.0638865 0.0832669 0.874541
0.0303201 -0.105739 -0.0469928 -0.279221 0.283148 -1.73753
0.0677228 -0.0866812 0.125655 0.639971 0.652191 1.37692
0.0952628 -0.055 -0.00900302 -0.643299 0.643362 -1.58479
# x y Real Imaginary Modulus Phase <-> f = 0 s = 1
0.0784575 0.0771 0.814201 -0.0776725 0.817897 -0.0951095
0.0438624 0.100877 -0.568031 0.271173 0.62944 2.69619
0.00287946 0.109962 0.231221 -0.178998 0.292409 -0.658773
-0.0385228 0.103034 -0.0543476 0.104865 0.118111 2.04895
-0.0743149 0.0811005 0.00157514 -0.0415648 0.0415946 -1.53292
-0.0992844 0.0473562 0.0113437 0.00908583 0.0145338 0.675326
-0.109795 0.00671534 -0.0208854 -0.00046261 0.0208905 -3.11945
-0.104316 -0.0349035 0.00309909 0.00874984 0.00928246 1.2304
-0.0836447 -0.0714393 -0.0186418 0.0172054 0.0253681 2.39624
-0.0507923 -0.0975712 0.0106233 -0.00700489 0.0127249 -0.582946
-0.010543 -0.109494 -0.0283332 -0.0301124 0.0413464 -2.32576
0.0312417 -0.10547 0.0176856 0.136285 0.137427 1.44175
0.0684766 -0.0860869 -0.0551286 -0.387073 0.390979 -1.71227
0.0957391 -0.0541666 0.188791 0.624242 0.652165 1.27711
0.109059 -0.0143579 0.0464377 -0.688604 0.690168 -1.50346
# x y Real Imaginary Modulus Phase <-> f = 0 s = 2
0.0429804 0.101256 0.869981 -0.0768489 0.873368 -0.0881054
0.00191976 0.109983 -0.52152 0.189632 0.554926 2.79284
-0.0394205 0.102694 0.183955 -0.178692 0.256457 -0.770887
-0.0750198 0.0804489 -0.0378356 0.0993792 0.106338 1.93457
-0.0996939 0.046488 0.00164333 -0.0449238 0.0449538 -1.53423
-0.109849 0.00575696 0.0145416 0.00986723 0.0175733 0.596186
-0.104007 -0.0358125 -0.0163482 -0.00699135 0.0177804 -2.73748
-0.0830181 -0.0721665 0.00984416 0.0107678 0.0145895 0.830178
-0.049939 -0.0980107 -0.00807153 0.00919625 0.012236 2.29115
-0.00958713 -0.109581 0.00804988 0.0130815 0.0153599 1.01916
0.0321609 -0.105194 0.00260862 -0.0576899 0.0577489 -1.52561
0.0692252 -0.0854861 0.0143583 0.175331 0.175917 1.48909
0.0962082 -0.0533291 -0.0920088 -0.354892 0.366625 -1.82447
0.10918 -0.0134056 0.0996557 0.561056 0.569837 1.39501
0.106252 0.0284701 0.101405 -0.772037 0.778669 -1.4402
# x y Real Imaginary Modulus Phase <-> f = 0 s = 3
0.000959919 0.109996 0.895941 0.00377989 0.895949 0.00421888
-0.0403151 0.102346 -0.475659 0.203146 0.517223 2.73796
-0.075719 0.0797912 0.169518 -0.170789 0.240635 -0.789131
-0.100096 0.0456163 -0.0431044 0.100261 0.109134 1.97683
-0.109895 0.00479813 -0.00296354 -0.0457163 0.0458122 -1.63553
-0.103691 -0.0367188 0.00685881 0.0215686 0.0226329 1.26291
-0.0823851 -0.0728882 -0.0102692 -0.0094758 0.0139731 -2.39636
-0.0490818 -0.0984428 0.00913538 0.00512651 0.0104755 0.51138
-0.0086305 -0.109661 -0.0038203 -0.00103031 0.0039568 -2.87817
0.0330776 -0.104909 -0.00311627 0.0146392 0.0149672 1.78054
0.0699686 -0.0848787 0.000132121 -0.0732036 0.0732037 -1.56899
0.0966699 -0.0524875 0.0500256 0.15252 0.160515 1.25386
0.109293 -0.0124524 -0.0802945 -0.280109 0.291391 -1.84996
0.105999 0.0293962 0.0511747 0.525061 0.527549 1.47364
0.0872689 0.0669638 0.148603 -0.785408 0.799342 -1.3838
# x y Real Imaginary Modulus Phase <-> f = 0 s = 4
-0.0412067 0.10199 0.873507 -0.0171289 0.873675 -0.0196068
-0.0764124 0.0791274 -0.472574 0.180651 0.505926 2.77646
-0.10049 0.044741 0.195145 -0.171119 0.259545 -0.719895
-0.109933 0.00383894 -0.0602431 0.106551 0.122402 2.08538
-0.103366 -0.0376222 0.0205843 -0.0515349 0.0554938 -1.19079
-0.0817459 -0.0736044 -0.00738554 0.0185701 0.0199849 1.94933
-0.0482208 -0.0988673 -0.00284676 -0.00251624 0.00379942 -2.41775
-0.00767321 -0.109732 0.0104723 0.00151805 0.0105818 0.143956
0.0339919 -0.104616 -0.00378137 -0.00294954 0.00479568 -2.47915
0.0707066 -0.0842649 0.00754056 0.0223426 0.0235807 1.2453
0.0971242 -0.0516419 -0.0329337 -0.0453974 0.0560853 -2.1984
0.109397 -0.0114981 0.0546899 0.0881764 0.10376 1.01563
0.105739 0.0303201 -0.072187 -0.211602 0.223577 -1.89956
0.0866812 0.0677228 0.0152671 0.438742 0.439007 1.53601
0.055 0.0952628 0.221765 -0.737187 0.769821 -1.27858
# x y Real Imaginary Modulus Phase <-> f = 0 s = 5
-0.0771 0.0784575 0.898221 -0.0222434 0.898496 -0.0247588
-0.100877 0.0438624 -0.55016 0.221825 0.593197 2.75833
-0.109962 0.00287946 0.260407 -0.212107 0.335859 -0.683532
-0.103034 -0.0385228 -0.125187 0.119401 0.172998 2.37985
-0.0811005 -0.0743149 0.0553569 -0.042029 0.0695041 -0.649387
-0.0473562 -0.0992844 -0.0122073 0.00809531 0.0146476 2.55602
-0.00671534 -0.109795 -0.00445418 -0.00212148 0.0049336 -2.69709
0.0349035 -0.104316 0.0121319 0.00613176 0.0135935 0.467976
0.0714393 -0.0836447 -0.0128758 -0.00307548 0.013238 -2.90713
0.0975712 -0.0507923 0.0212229 0.00666006 0.0222434 0.304082
0.109494 -0.010543 -0.0339182 -0.0162071 0.0375914 -2.69584
0.10547 0.0312417 0.0608059 0.0617277 0.0866468 0.792921
0.0860869 0.0684766 -0.0880212 -0.172452 0.193617 -2.04274
0.0541666 0.0957391 0.0447052 0.40306 0.405532 1.46033
0.0143579 0.109059 0.19055 -0.721882 0.746607 -1.31272
# x y Real Imaginary Modulus Phase <-> f = 0 s = 6
-0.101256 0.0429804 0.840955 -0.0394231 0.841879 -0.0468446
-0.109983 0.00191976 -0.548377 0.309809 0.629841 2.62734
-0.102694 -0.0394205 0.323106 -0.239574 0.402235 -0.638021
-0.0804489 -0.0750198 -0.147286 0.107899 0.18258 2.50933
-0.046488 -0.0996939 0.0499693 -0.0381474 0.0628661 -0.652033
-0.00575696 -0.109849 0.00145053 0.0142287 0.0143024 1.4692
0.0358125 -0.104007 -0.0171685 0.00230954 0.0173231 3.00787
0.0721665 -0.0830181 0.0136325 0.0124783 0.0184812 0.741224
0.0980107 -0.049939 -0.0211171 0.00875861 0.0228615 2.74842
0.109581 -0.00958713 0.0136796 -0.00536581 0.0146943 -0.373807
0.105194 0.0321609 -0.0297397 -0.00664438 0.0304729 -2.92179
0.0854861 0.0692252 0.0636485 0.0487337 0.080163 0.653454
0.0533291 0.0962082 -0.0902166 -0.1554 0.179689 -2.09679
0.0134056 0.10918 0.0368476 0.390492 0.392227 1.47671
-0.0284701 0.106252 0.227733 -0.744221 0.778285 -1.27384
# x y Real Imaginary Modulus Phase <-> f = 0 s = 7
-0.109996 0.000959919 0.766287 -0.0709631 0.769566 -0.0923431
-0.102346 -0.0403151 -0.611785 0.356305 0.707979 2.61421
-0.0797912 -0.075719 0.346887 -0.204286 0.402571 -0.532228
-0.0456163 -0.100096 -0.121547 0.0925005 0.152742 2.49107
-0.00479813 -0.109895 0.00844806 -0.0397657 0.0406532 -1.36146
0.0367188 -0.103691 0.0115192 0.00151218 0.0116181 0.130528
0.0728882 -0.0823851 -0.0300559 -0.00112676 0.030077 -3.10412
0.0984428 -0.0490818 0.00845855 0.00666995 0.010772 0.667717
0.109661 -0.0086305 -0.0230404 0.01293 0.0264206 2.6302
0.104909 0.0330776 0.0114351 -0.010446 0.0154881 -0.740222
0.0848787 0.0699686 -0.026342 -0.00908792 0.0278656 -2.80938
0.0524875 0.0966699 0.0618278 0.0477829 0.0781401 0.657959
0.0124524 0.109293 -0.0843414 -0.172506 0.192021 -2.02554
-0.0293962 0.105999 0.0154826 0.459851 0.460112 1.53714
-0.0669638 0.0872689 0.153128 -0.762231 0.77746 -1.37254
# x y Real Imaginary Modulus Phase <-> f = 0 s = 8
-0.10199 -0.0412067 0.730174 -0.144392 0.744314 -0.195232
-0.0791274 -0.0764124 -0.6187 0.318997 0.696095 2.66555
-0.044741 -0.10049 0.259779 -0.178415 0.315146 -0.601807
-0.00383894 -0.109933 -0.027153 0.0918204 0.0957511 1.85832
0.0376222 -0.103366 -0.0212199 -0.0245964 0.0324849 -2.28263
0.0736044 -0.0817459 0.0310629 -0.0144148 0.0342445 -0.43448
0.0988673 -0.0482208 -0.0354631 0.00179824 0.0355086 3.09093
0.109732 -0.00767321 0.0045749 0.0029 0.00541661 0.564969
0.104616 0.0339919 -0.0223977 0.0139564 0.0263901 2.58435
0.0842649 0.0707066 0.0165302 -0.0116169 0.0202039 -0.612584
0.0516419 0.0971242 -0.0360002 -0.006952 0.0366653 -2.95083
0.0114981 0.109397 0.0632853 0.0631994 0.0894382 0.784719
-0.0303201 0.105739 -0.0794123 -0.231965 0.245182 -1.90064
-0.0677228 0.0866812 0.0841516 0.522216 0.528953 1.41103
-0.0952628 0.055 0.0731269 -0.738413 0.742026 -1.47209
# x y Real Imaginary Modulus Phase <-> f = 0 s = 9
-0.0784575 -0.0771 0.864058 -0.0532178 0.865695 -0.0615128
-0.0438624 -0.100877 -0.503374 0.155944 0.526976 2.84117
-0.00287946 -0.109962 0.114966 -0.135003 0.177322 -0.865385
0.0385228 -0.103034 0.0111217 0.0578347 0.0588943 1.38081
0.0743149 -0.0811005 -0.0254422 -0.00423635 0.0257925 -2.9766
0.0992844 -0.0473562 0.0375483 -0.0215641 0.0432999 -0.521311
0.109795 -0.00671534 -0.0335265 0.00422474 0.0337916 3.01624
0.104316 0.0349035 0.00755756 0.00962217 0.0122353 0.905002
0.0836447 0.0714393 -0.018911 0.00817498 0.0206023 2.73357
0.0507923 0.0975712 0.0181955 -0.0020748 0.0183134 -0.113538
0.010543 0.109494 -0.0339448 -0.0234409 0.041252 -2.53723
-0.0312417 0.10547 0.0465922 0.110774 0.120173 1.17265
-0.0684766 0.0860869 -0.0769036 -0.298704 0.308444 -1.82278
-0.0957391 0.0541666 0.0806789 0.595246 0.600689 1.43608
-0.109059 0.0143579 0.00754301 -0.792249 0.792285 -1.56128
# x y Real Imaginary Modulus Phase <-> f = 0 s = 10
-0.0429804 -0.101256 0.885997 0.13207 0.895786 0.147975
-0.00191976 -0.109983 -0.345911 0.118314 0.365585 2.81203
0.0394205 -0.102694 0.0743903 -0.11617 0.137947 -1.00123
0.0750198 -0.0804489 0.00560536 0.0532859 0.0535799 1.46599
0.0996939 -0.046488 -0.0221187 -0.00369781 0.0224257 -2.97594
0.109849 -0.00575696 0.0331604 -0.00793756 0.0340972 -0.234948
0.104007 0.0358125 -0.0280428 -0.000379584 0.0280454 -3.12806
0.0830181 0.0721665 0.0137831 0.0143044 0.0198643 0.803954
0.049939 0.0980107 -0.014249 -0.000261242 0.0142514 -3.12326
0.00958713 0.109581 0.0117718 0.00796411 0.0142128 0.594807
-0.0321609 0.105194 -0.0136182 -0.0416319 0.0438026 -1.88694
-0.0692252 0.0854861 0.0317725 0.130739 0.134545 1.3324
-0.0962082 0.0533291 -0.040017 -0.299696 0.302356 -1.70354
-0.10918 0.0134056 0.0431381 0.593675 0.59524 1.49826
-0.106252 -0.0284701 0.126021 -0.779267 0.789391 -1.41047
# x y Real Imaginary Modulus Phase <-> f = 0 s = 11
-0.000959919 -0.109996 0.765303 0.210073 0.793611 0.267898
0.0403151 -0.102346 -0.315747 0.0938097 0.329388 2.8528
0.075719 -0.0797912 0.097744 -0.116336 0.151947 -0.872027
0.100096 -0.0456163 -0.00479913 0.0743808 0.0745354 1.63523
0.109895 -0.00479813 -0.0108163 -0.0308456 0.0326871 -1.90806
0.103691 0.0367188 0.00741052 0.0163073 0.0179121 1.14427
0.0823851 0.0728882 -0.00854694 -0.00212515 0.00880718 -2.89789
0.0490818 0.0984428 0.0107818 0.00681453 0.0127548 0.563645
0.0086305 0.109661 -0.00621698 0.000608699 0.00624671 3.04399
-0.0330776 0.104909 0.00592058 0.0074237 0.00949551 0.897567
-0.0699686 0.0848787 -0.0085245 -0.04042 0.0413092 -1.77865
-0.0966699 0.0524875 0.0257876 0.103169 0.106343 1.32586
-0.109293 0.0124524 -0.0518859 -0.234564 0.240234 -1.78849
-0.105999 -0.0293962 0.00598983 0.423535 0.423577 1.55665
-0.0872689 -0.0669638 0.287472 -0.67441 0.733123 -1.16786
# x y Real Imaginary Modulus Phase <-> f = 0 s = 12
0.0412067 -0.10199 0.820271 0.200839 0.8445 0.240121
0.0764124 -0.0791274 -0.424073 0.101186 0.435977 2.90737
0.10049 -0.044741 0.170497 -0.154647 0.230185 -0.736688
0.109933 -0.00383894 -0.070837 0.101086 0.123435 2.18203
0.103366 0.0376222 0.0305361 -0.0502211 0.058776 -1.02449
0.0817459 0.0736044 -0.0158048 0.017848 0.0238399 2.29556
0.0482208 0.0988673 0.00358923 -0.00356473 0.00505864 -0.781973
0.00767321 0.109732 0.00594532 0.00165691 0.00617189 0.271795
-0.0339919 0.104616 -0.00185115 0.00212684 0.00281961 2.287
-0.0707066 0.0842649 0.00819835 0.00307229 0.00875511 0.358546
-0.0971242 0.0516419 -0.0240987 -0.013205 0.0274795 -2.64032
-0.109397 0.0114981 0.0593223 0.0408517 0.0720278 0.603061
-0.105739 -0.0303201 -0.0825523 -0.107558 0.135586 -2.22541
-0.0866812 -0.0677228 0.0289267 0.280553 0.28204 1.46805
-0.055 -0.0952628 0.275308 -0.508522 0.578264 -1.07459
# x y Real Imaginary Modulus Phase <-> f = 0 s = 13
0.0771 -0.0784575 0.953425 0.0370009 0.954142 0.0387889
0.100877 -0.0438624 -0.576021 0.23895 0.623616 2.74837
0.109962 -0.00287946 0.336267 -0.222075 0.40298 -0.58366
0.103034 0.0385228 -0.175786 0.105076 0.204797 2.60283
0.0811005 0.0743149 0.0834689 -0.0359812 0.0908939 -0.407004
0.0473562 0.0992844 -0.032592 0.00285125 0.0327164 3.05433
0.00671534 0.109795 0.00758556 -0.00285119 0.0081037 -0.359534
-0.0349035 0.104316 0.00353469 0.00469624 0.00587781 0.925592
-0.0714393 0.0836447 -0.00661125 0.0118235 0.0135464 2.08065
-0.0975712 0.0507923 0.00164016 -0.0155566 0.0156428 -1.46575
-0.109494 0.010543 -0.0204423 0.0109887 0.0232086 2.64836
-0.10547 -0.0312417 0.0457029 -0.000637753 0.0457074 -0.0139534
-0.0860869 -0.0684766 -0.0712379 -0.0683508 0.0987252 -2.37687
-0.0541666 -0.0957391 0.0245218 0.231804 0.233098 1.4654
-0.0143579 -0.109059 0.306723 -0.530781 0.613032 -1.04681
# x y Real Imaginary Modulus Phase <-> f = 0 s = 14
0.101256 -0.0429804 0.744784 -0.0913026 0.750359 -0.121981
0.109983 -0.00191976 -0.575578 0.443399 0.726562 2.48519
0.102694 0.0394205 0.409749 -0.301098 0.508482 -0.633726
0.0804489 0.0750198 -0.205125 0.128442 0.24202 2.58216
0.046488 0.0996939 0.0915087 -0.0524475 0.105473 -0.520437
0.00575696 0.109849 -0.0258062 0.0234032 0.0348378 2.40499
-0.0358125 0.104007 -0.000109964 -0.0109531 0.0109536 -1.58084
-0.0721665 0.0830181 0.00450636 0.0123151 0.0131137 1.22001
-0.0980107 0.049939 -0.0153089 0.0131165 0.0201595 2.43317
-0.109581 0.00958713 0.00383225 -0.0343488 0.0345619 -1.45969
-0.105194 -0.0321609 -0.00343767 0.0254227 0.0256541 1.7052
-0.0854861 -0.0692252 0.0341292 -0.00362787 0.0343215 -0.1059
-0.0533291 -0.0962082 -0.069588 -0.0761139 0.10313 -2.31144
-0.0134056 -0.10918 0.0001663 0.307465 0.307465 1.57026
0.0284701 -0.106252 0.316503 -0.728101 0.793918 -1.16074
# x y Real Imaginary Modulus Phase <-> f = 0 s = 15
0.109996 -0.000959919 0.669896 0.0102859 0.669975 0.0153533
0.102346 0.0403151 -0.525361 0.431005 0.679536 2.45454
0.0797912 0.075719 0.343941 -0.28499 0.446671 -0.691938
0.0456163 0.100096 -0.148905 0.140887 0.204992 2.38386
0.00479813 0.109895 0.0383527 -0.0618338 0.0727623 -1.01562
-0.0367188 0.103691 0.000388545 0.0266745 0.0266773 1.55623
-0.0728882 0.0823851 -0.0146067 -0.00667101 0.0160579 -2.71317
-0.0984428 0.0490818 0.00207378 0.00931623 0.00954425 1.35177
-0.109661 0.0086305 -0.0200243 0.0156864 0.0254369 2.47707
-0.104909 -0.0330776 0.00452327 -0.0397335 0.0399902 -1.45744
-0.0848787 -0.0699686 -0.00237467 0.0280794 0.0281797 1.65517
-0.0524875 -0.0966699 0.0502691 0.0142179 0.0522411 0.275636
-0.0124524 -0.109293 -0.0795397 -0.144021 0.164526 -2.07539
0.0293962 -0.105999 0.00449745 0.477456 0.477477 1.56138
0.0669638 -0.0872689 0.0752449 -0.785287 0.788883 -1.47527
