# x y Real Imaginary Modulus Phase <-> f = 0 s = 0
0.10199 0.0412067 0.730351 -0.0379193 0.731334 -0.0518728
0.0791274 0.0764124 -0.572352 0.327091 0.659223 2.6224
0.044741 0.10049 0.288286 -0.228387 0.36779 -0.669981
0.00383894 0.109933 -0.0958171 0.109594 0.145574 2.28922
-0.0376222 0.103366 0.0163361 -0.051759 0.0542757 -1.26507
-0.0736044 0.0817459 0.00151459 0.0134881 0.0135729 1.45897
-0.0988673 0.0482208 -0.0144502 0.0123702 0.0190218 2.43359
-0.109732 0.00767321 0.0117367 0.0110519 0.0161213 0.755357
-0.104616 -0.0339919 -0.0158462 0.0207617 0.0261181 2.22272
-0.0842649 -0.0707066 0.0101287 -0.0314604 0.0330507 -1.25932
-0.0516419 -0.0971242 -0.0228786 0.00637813 0.023751 2.86971
-0.0114981 -0.109397 0.05586 0.0677496 0.0878086 0.88129
0.0303201 -0.105739 -0.0562019 -0.282223 0.287765 -1.76736
0.0677228 -0.0866812 0.124646 0.638651 0.650701 1.37805
0.0952628 -0.055 -0.0124615 -0.642802 0.642922 -1.59018
# x y Real Imaginary Modulus Phase <-> f = 0 s = 1
0.0784575 0.0771 0.817533 -0.0801232 0.82145 -0.097694
0.0438624 0.100877 -0.571112 0.273779 0.633343 2.69458
0.00287946 0.109962 0.235504 -0.178507 0.295511 -0.64859
-0.0385228 0.103034 -0.0560207 0.10809 0.121744 2.04896
-0.0743149 0.0811005 0.00381332 -0.0485812 0.0487306 -1.49246
-0.0992844 0.0473562 0.00146902 0.0129329 0.0130161 1.45769
-0.109795 0.00671534 -0.0139617 0.0128721 0.01899 2.39678
-0.104316 -0.0349035 0.0160645 0.0130972 0.0207269 0.683994
-0.0836447 -0.0714393 -0.0152686 0.0171325 0.0229489 2.29873
-0.0507923 -0.0975712 0.0116225 -0.00590512 0.0130366 -0.470087
-0.010543 -0.109494 -0.0231449 -0.0331707 0.0404473 -2.18001
0.0312417 -0.10547 0.015897 0.144376 0.145249 1.46113
0.0684766 -0.0860869 -0.0570871 -0.389518 0.393679 -1.71632
0.0957391 -0.0541666 0.183504 0.632123 0.658219 1.28826
0.109059 -0.0143579 0.0320135 -0.68834 0.689084 -1.52432
# x y Real Imaginary Modulus Phase <-> f = 0 s = 2
0.0429804 0.101256 0.862419 -0.0835994 0.866462 -0.096634
0.00191976 0.109983 -0.521784 0.194873 0.556987 2.78416
-0.0394205 0.102694 0.183889 -0.183997 0.260135 -0.78569
-0.0750198 0.0804489 -0.0389038 0.100762 0.108012 1.93926
-0.0996939 0.046488 0.00110899 -0.0514638 0.0514757 -1.54925
-0.109849 0.00575696 0.00539776 0.0101245 0.0114735 1.08099
-0.104007 -0.0358125 -0.00955456 0.00167348 0.00970001 2.9682
-0.0830181 -0.0721665 0.0196381 0.00929039 0.0217248 0.441879
-0.049939 -0.0980107 -0.00467067 0.00626372 0.00781341 2.21152
-0.00958713 -0.109581 0.00543709 0.00960967 0.0110412 1.05591
0.0321609 -0.105194 0.00794782 -0.0571018 0.0576522 -1.4325
0.0692252 -0.0854861 0.00843167 0.176965 0.177166 1.52319
0.0962082 -0.0533291 -0.087785 -0.35498 0.365673 -1.81323
0.10918 -0.0134056 0.0968732 0.56698 0.575197 1.40157
0.106252 0.0284701 0.101488 -0.773169 0.779801 -1.44028
# x y Real Imaginary Modulus Phase <-> f = 0 s = 3
0.000959919 0.109996 0.894108 -0.000866031 0.894109 -0.000968597
-0.0403151 0.102346 -0.475953 0.209534 0.520034 2.72688
-0.075719 0.0797912 0.172808 -0.17404 0.24526 -0.78895
-0.100096 0.0456163 -0.046222 0.104458 0.114227 1.98739
-0.109895 0.00479813 0.00269478 -0.0464476 0.0465257 -1.51284
-0.103691 -0.0367188 0.00411355 0.017042 0.0175314 1.33395
-0.0823851 -0.0728882 -0.00633473 -0.00521726 0.00820662 -2.45263
-0.0490818 -0.0984428 0.0119099 0.00011935 0.0119105 0.0100207
-0.0086305 -0.109661 -0.00255798 0.000304491 0.00257604 3.02311
0.0330776 -0.104909 -0.00805835 0.0109634 0.0136063 2.20464
0.0699686 -0.0848787 0.00373477 -0.0703668 0.0704658 -1.51777
0.0966699 -0.0524875 0.0426695 0.15423 0.160024 1.30089
0.109293 -0.0124524 -0.0872892 -0.283352 0.296492 -1.86963
0.105999 0.0293962 0.0496787 0.524574 0.526921 1.47638
0.0872689 0.0669638 0.139384 -0.784027 0.79632 -1.39485
# x y Real Imaginary Modulus Phase <-> f = 0 s = 4
-0.0412067 0.10199 0.866991 -0.0243287 0.867332 -0.0280538
-0.0764124 0.0791274 -0.474516 0.185312 0.509417 2.76928
-0.10049 0.044741 0.198313 -0.177646 0.266245 -0.730481
-0.109933 0.00383894 -0.063934 0.105065 0.122988 2.11746
-0.103366 -0.0376222 0.0240177 -0.048453 0.0540791 -1.1106
-0.0817459 -0.0736044 -0.0103761 0.0150849 0.018309 2.17332
-0.0482208 -0.0988673 -0.000366228 -0.000248045 0.000442322 -2.54627
-0.00767321 -0.109732 0.00733558 -0.00446744 0.00858887 -0.547018
0.0339919 -0.104616 -0.00253304 -0.00135615 0.00287323 -2.65004
0.0707066 -0.0842649 0.00733213 0.0169895 0.0185042 1.16338
0.0971242 -0.0516419 -0.0234201 -0.0407389 0.0469911 -2.09254
0.109397 -0.0114981 0.0502355 0.0949817 0.107448 1.0843
0.105739 0.0303201 -0.0704314 -0.212537 0.223903 -1.89079
0.0866812 0.0677228 0.0195207 0.441951 0.442382 1.52666
0.055 0.0952628 0.21674 -0.736318 0.767555 -1.28453
# x y Real Imaginary Modulus Phase <-> f = 0 s = 5
-0.0771 0.0784575 0.897805 -0.0287748 0.898266 -0.0320392
-0.100877 0.0438624 -0.549869 0.229327 0.595774 2.74647
-0.109962 0.00287946 0.259748 -0.215123 0.337264 -0.6917
-0.103034 -0.0385228 -0.128834 0.120875 0.17666 2.38806
-0.0811005 -0.0743149 0.0593982 -0.0439495 0.0738898 -0.637014
-0.0473562 -0.0992844 -0.019606 0.00677013 0.020742 2.8091
-0.00671534 -0.109795 -0.00286348 -0.00103507 0.00304482 -2.79473
0.0349035 -0.104316 0.0137037 0.00116816 0.0137534 0.0850385
0.0714393 -0.0836447 -0.0088901 -0.00197902 0.00910771 -2.92255
0.0975712 -0.0507923 0.0168328 0.00327312 0.0171481 0.192053
0.109494 -0.010543 -0.0288841 -0.0230559 0.0369577 -2.46794
0.10547 0.0312417 0.0625655 0.0640616 0.0895451 0.797213
0.0860869 0.0684766 -0.0927447 -0.174669 0.197765 -2.05891
0.0541666 0.0957391 0.0507825 0.40526 0.408429 1.44614
0.0143579 0.109059 0.180075 -0.723175 0.745258 -1.32675
# x y Real Imaginary Modulus Phase <-> f = 0 s = 6
-0.101256 0.0429804 0.841909 -0.0433484 0.843024 -0.0514428
-0.109983 0.00191976 -0.54895 0.307173 0.629048 2.63144
-0.102694 -0.0394205 0.322223 -0.235635 0.399189 -0.631412
-0.0804489 -0.0750198 -0.145854 0.106702 0.180717 2.50999
-0.046488 -0.0996939 0.0505822 -0.0408906 0.0650431 -0.679841
-0.00575696 -0.109849 -0.00294398 0.0124509 0.0127942 1.80298
0.0358125 -0.104007 -0.0117582 0.00268202 0.0120602 2.91733
0.0721665 -0.0830181 0.0224191 0.00959059 0.0243844 0.404228
0.0980107 -0.049939 -0.00848317 0.0130332 0.0155508 2.1478
0.109581 -0.00958713 0.00867737 -0.000612298 0.00869895 -0.0704458
0.105194 0.0321609 -0.0316048 -0.0149225 0.0349506 -2.70046
0.0854861 0.0692252 0.0659807 0.0483067 0.081774 0.631969
0.0533291 0.0962082 -0.0906191 -0.158336 0.182434 -2.09062
0.0134056 0.10918 0.0400618 0.394073 0.396105 1.46948
-0.0284701 0.106252 0.224477 -0.747948 0.780907 -1.27923
# x y Real Imaginary Modulus Phase <-> f = 0 s = 7
-0.109996 0.000959919 0.763698 -0.0753211 0.767403 -0.0983089
-0.102346 -0.0403151 -0.615838 0.358087 0.712379 2.61491
-0.0797912 -0.075719 0.346405 -0.201965 0.400982 -0.527849
-0.0456163 -0.100096 -0.118556 0.0977083 0.153631 2.4523
-0.00479813 -0.109895 0.0093633 -0.0440296 0.0450142 -1.36126
0.0367188 -0.103691 0.0115898 0.00448524 0.0124274 0.369249
0.0728882 -0.0823851 -0.0263253 0.00325185 0.0265254 3.01869
0.0984428 -0.0490818 0.016522 0.0112016 0.0199613 0.595794
0.109661 -0.0086305 -0.0105788 0.0228954 0.0252212 2.00363
0.104909 0.0330776 0.00502197 0.00121258 0.00516629 0.23692
0.0848787 0.0699686 -0.0319858 -0.0161167 0.0358168 -2.67485
0.0524875 0.0966699 0.0627336 0.0513875 0.0810937 0.686303
0.0124524 0.109293 -0.086563 -0.178199 0.198111 -2.02299
-0.0293962 0.105999 0.0213808 0.465218 0.465709 1.52487
-0.0669638 0.0872689 0.151261 -0.763853 0.778686 -1.3753
# x y Real Imaginary Modulus Phase <-> f = 0 s = 8
-0.10199 -0.0412067 0.722635 -0.146465 0.737329 -0.199973
-0.0791274 -0.0764124 -0.616135 0.322087 0.695243 2.65991
-0.044741 -0.10049 0.255939 -0.181448 0.313732 -0.616706
-0.00383894 -0.109933 -0.0257908 0.0941207 0.0975903 1.83825
0.0376222 -0.103366 -0.022849 -0.026164 0.0347366 -2.28866
0.0736044 -0.0817459 0.0313617 -0.00780743 0.0323189 -0.243988
0.0988673 -0.0482208 -0.0342114 0.00550837 0.034652 2.98195
0.109732 -0.00767321 0.0130464 0.00934421 0.0160475 0.621535
0.104616 0.0339919 -0.00949515 0.0231303 0.0250034 1.96033
0.0842649 0.0707066 0.00921769 -0.0048358 0.0104092 -0.48315
0.0516419 0.0971242 -0.0325938 -0.0114493 0.0345462 -2.80379
0.0114981 0.109397 0.0624241 0.064726 0.0899234 0.8035
-0.0303201 0.105739 -0.0808357 -0.23571 0.249186 -1.90117
-0.0677228 0.0866812 0.0821747 0.520319 0.526768 1.41416
-0.0952628 0.055 0.0722014 -0.742597 0.746099 -1.47387
# x y Real Imaginary Modulus Phase <-> f = 0 s = 9
-0.0784575 -0.0771 0.863564 -0.0513101 0.865087 -0.059347
-0.0438624 -0.100877 -0.49667 0.158277 0.52128 2.83309
-0.00287946 -0.109962 0.11419 -0.141488 0.181819 -0.891765
0.0385228 -0.103034 0.0151296 0.0623686 0.0641775 1.33281
0.0743149 -0.0811005 -0.0261376 -0.00689478 0.0270316 -2.88368
0.0992844 -0.0473562 0.0349841 -0.0188753 0.0397512 -0.494777
0.109795 -0.00671534 -0.0304719 0.00255335 0.0305787 3.05799
0.104316 0.0349035 0.0170752 0.0132132 0.0215905 0.658575
0.0836447 0.0714393 -0.00652802 0.0141089 0.015546 2.00415
0.0507923 0.0975712 0.0145597 -0.00109018 0.0146005 -0.0747368
0.010543 0.109494 -0.0291393 -0.0250874 0.0384509 -2.43078
-0.0312417 0.10547 0.0429869 0.114604 0.122401 1.21195
-0.0684766 0.0860869 -0.0755379 -0.296516 0.305986 -1.82024
-0.0957391 0.0541666 0.0764602 0.598619 0.603482 1.44376
-0.109059 0.0143579 0.00163149 -0.794227 0.794229 -1.56874
# x y Real Imaginary Modulus Phase <-> f = 0 s = 10
-0.0429804 -0.101256 0.879362 0.136958 0.889964 0.154506
-0.00191976 -0.109983 -0.340735 0.124314 0.362704 2.79176
0.0394205 -0.102694 0.0706411 -0.119471 0.138793 -1.03681
0.0750198 -0.0804489 0.0092868 0.0576594 0.0584025 1.4111
0.0996939 -0.046488 -0.0233886 -0.00910392 0.0250979 -2.77039
0.109849 -0.00575696 0.0318998 -0.00637514 0.0325306 -0.19725
0.104007 0.0358125 -0.0249512 -0.00162684 0.0250041 -3.07648
0.0830181 0.0721665 0.0199105 0.0115078 0.0229969 0.524068
0.049939 0.0980107 -0.0059601 0.00154534 0.00615718 2.8879
0.00958713 0.109581 0.00751335 0.00797353 0.0109557 0.815104
-0.0321609 0.105194 -0.0102541 -0.0457648 0.0468995 -1.79122
-0.0692252 0.0854861 0.0319325 0.128987 0.132881 1.32811
-0.0962082 0.0533291 -0.038328 -0.298526 0.300976 -1.69849
-0.10918 0.0134056 0.0430208 0.595829 0.597381 1.49872
-0.106252 -0.0284701 0.129534 -0.77582 0.786559 -1.40536
# x y Real Imaginary Modulus Phase <-> f = 0 s = 11
-0.000959919 -0.109996 0.762288 0.20259 0.78875 0.259761
0.0403151 -0.102346 -0.314468 0.104854 0.331488 2.81975
0.075719 -0.0797912 0.0969047 -0.121668 0.155543 -0.898211
0.100096 -0.0456163 -0.00299845 0.0775415 0.0775995 1.60945
0.109895 -0.00479813 -0.00856531 -0.0361785 0.0371786 -1.80327
0.103691 0.0367188 0.00712256 0.0162234 0.0177181 1.1571
0.0823851 0.0728882 -0.00601955 -0.00299967 0.00672555 -2.67929
0.0490818 0.0984428 0.0128505 0.0019467 0.0129971 0.150345
0.0086305 0.109661 -0.003073 -0.000114196 0.00307512 -3.10445
-0.0330776 0.104909 0.000455389 0.00908082 0.00909223 1.52069
-0.0699686 0.0848787 -0.0111739 -0.0438928 0.0452927 -1.82007
-0.0966699 0.0524875 0.0306359 0.105605 0.109959 1.28845
-0.109293 0.0124524 -0.0559741 -0.232415 0.239061 -1.80713
-0.105999 -0.0293962 0.0100092 0.419171 0.419291 1.54692
-0.0872689 -0.0669638 0.285311 -0.664757 0.723397 -1.16538
# x y Real Imaginary Modulus Phase <-> f = 0 s = 12
0.0412067 -0.10199 0.816284 0.189345 0.837956 0.227929
0.0764124 -0.0791274 -0.425289 0.109998 0.439284 2.8885
0.10049 -0.044741 0.173268 -0.157251 0.233986 -0.736976
0.109933 -0.00383894 -0.0736869 0.105889 0.129004 2.17876
0.103366 0.0376222 0.038116 -0.0487368 0.0618717 -0.907079
0.0817459 0.0736044 -0.0162214 0.0122279 0.020314 2.49566
0.0482208 0.0988673 0.00204145 -0.00142913 0.00249197 -0.610763
0.00767321 0.109732 0.00467495 -0.0020517 0.00510535 -0.413561
-0.0339919 0.104616 -0.00140819 -0.000185077 0.0014203 -3.01091
-0.0707066 0.0842649 0.00679489 0.00389737 0.00783327 0.520761
-0.0971242 0.0516419 -0.025881 -0.0171114 0.0310262 -2.55741
-0.109397 0.0114981 0.0626889 0.0402242 0.0744841 0.570481
-0.105739 -0.0303201 -0.086374 -0.108802 0.138919 -2.24178
-0.0866812 -0.0677228 0.0372321 0.279546 0.282015 1.43839
-0.055 -0.0952628 0.269237 -0.508454 0.575339 -1.08381
# x y Real Imaginary Modulus Phase <-> f = 0 s = 13
0.0771 -0.0784575 0.940455 0.0374382 0.9412 0.0397876
0.100877 -0.0438624 -0.57058 0.240273 0.619106 2.74303
0.109962 -0.00287946 0.329661 -0.227595 0.400595 -0.604248
0.103034 0.0385228 -0.181795 0.110267 0.212623 2.59637
0.0811005 0.0743149 0.0862458 -0.0309969 0.0916468 -0.345025
0.0473562 0.0992844 -0.033266 -0.000839612 0.0332766 -3.11636
0.00671534 0.109795 0.00527342 -0.00201459 0.00564514 -0.364918
-0.0349035 0.104316 0.00691376 0.00114043 0.00700719 0.163479
-0.0714393 0.0836447 -0.0014629 0.0103714 0.0104741 1.71092
-0.0975712 0.0507923 0.00470974 -0.0126554 0.0135034 -1.21453
-0.109494 0.010543 -0.0235571 0.0125566 0.0266947 2.65187
-0.10547 -0.0312417 0.0513746 -0.00198097 0.0514128 -0.0385403
-0.0860869 -0.0684766 -0.0769283 -0.0649925 0.100707 -2.4401
-0.0541666 -0.0957391 0.0318613 0.234959 0.237109 1.43601
-0.0143579 -0.109059 0.296248 -0.532489 0.60935 -1.06309
# x y Real Imaginary Modulus Phase <-> f = 0 s = 14
0.101256 -0.0429804 0.743325 -0.0870375 0.748403 -0.116561
0.109983 -0.00191976 -0.574708 0.444004 0.726243 2.4838
0.102694 0.0394205 0.409438 -0.301384 0.508402 -0.634541
0.0804489 0.0750198 -0.209052 0.126159 0.24417 2.59862
0.046488 0.0996939 0.0900585 -0.0478861 0.101998 -0.488702
0.00575696 0.109849 -0.0206408 0.0177474 0.0272215 2.43142
-0.0358125 0.104007 -0.00125799 -0.00950447 0.00958736 -1.70239
-0.0721665 0.0830181 0.0157831 0.00897967 0.0181588 0.517269
-0.0980107 0.049939 -0.0113 0.0176245 0.0209359 2.14093
-0.109581 0.00958713 0.00533634 -0.0288137 0.0293037 -1.38767
-0.105194 -0.0321609 -0.00668254 0.0275508 0.0283497 1.80875
-0.0854861 -0.0692252 0.0397795 -0.00485244 0.0400744 -0.121384
-0.0533291 -0.0962082 -0.0736509 -0.0761142 0.105914 -2.33975
-0.0134056 -0.10918 0.00437402 0.310364 0.310395 1.5567
0.0284701 -0.106252 0.306433 -0.722931 0.785194 -1.16988
# x y Real Imaginary Modulus Phase <-> f = 0 s = 15
0.109996 -0.000959919 0.661853 0.0101524 0.66193 0.0153382
0.102346 0.0403151 -0.535514 0.438732 0.692287 2.45521
0.0797912 0.075719 0.346647 -0.280514 0.445928 -0.680339
0.0456163 0.100096 -0.155422 0.13937 0.208759 2.41059
0.00479813 0.109895 0.0421231 -0.0516094 0.0666174 -0.886261
-0.0367188 0.103691 0.00026254 0.0196308 0.0196325 1.55742
-0.0728882 0.0823851 -0.00915355 0.000261958 0.0091573 3.11298
-0.0984428 0.0490818 0.0149552 0.0126088 0.0195612 0.700478
-0.109661 0.0086305 -0.0180243 0.021346 0.0279379 2.27202
-0.104909 -0.0330776 0.00454247 -0.0392877 0.0395494 -1.45569
-0.0848787 -0.0699686 -0.00706601 0.0264981 0.0274241 1.83139
-0.0524875 -0.0966699 0.0555226 0.012552 0.0569237 0.222333
-0.0124524 -0.109293 -0.0803127 -0.144391 0.165224 -2.0784
0.0293962 -0.105999 0.00963214 0.476506 0.476604 1.55058
0.0669638 -0.0872689 0.0772363 -0.782465 0.786268 -1.47241
