# x y Real Imaginary Modulus Phase <-> f = 0 s = 0
0.10199 0.0412067 0.725288 -0.0392249 0.726348 -0.0540292
0.0791274 0.0764124 -0.573625 0.335447 0.664507 2.61244
0.044741 0.10049 0.300464 -0.224241 0.374917 -0.641139
0.00383894 0.109933 -0.0964755 0.103634 0.141589 2.32044
-0.0376222 0.103366 0.016651 -0.0476784 0.0505024 -1.2348
-0.0736044 0.0817459 0.00324563 0.0152757 0.0156167 1.36144
-0.0988673 0.0482208 -0.0204941 0.00307594 0.0207236 2.99262
-0.109732 0.00767321 0.000459725 0.00530718 0.00532705 1.48439
-0.104616 -0.0339919 -0.0210072 0.016247 0.0265569 2.48328
-0.0842649 -0.0707066 0.00834937 -0.0330218 0.034061 -1.32314
-0.0516419 -0.0971242 -0.0195747 0.00480578 0.020156 2.90084
-0.0114981 -0.109397 0.0557033 0.0649248 0.0855458 0.861696
0.0303201 -0.105739 -0.045837 -0.283949 0.287625 -1.73084
0.0677228 -0.0866812 0.128582 0.646287 0.658954 1.37441
0.0952628 -0.055 -0.0225575 -0.634316 0.634717 -1.60634
# x y Real Imaginary Modulus Phase <-> f = 0 s = 1
0.0784575 0.0771 0.818286 -0.0889996 0.823112 -0.108338
0.0438624 0.100877 -0.584049 0.268056 0.642625 2.71131
0.00287946 0.109962 0.240235 -0.169195 0.293837 -0.6136
-0.0385228 0.103034 -0.059725 0.0997533 0.116266 2.11028
-0.0743149 0.0811005 0.00348503 -0.0419674 0.0421118 -1.48794
-0.0992844 0.0473562 0.00426082 0.0117941 0.0125402 1.22412
-0.109795 0.00671534 -0.0226922 0.00352789 0.0229648 2.98736
-0.104316 -0.0349035 0.00369186 0.010349 0.0109878 1.22813
-0.0836447 -0.0714393 -0.0210303 0.0148558 0.0257481 2.52658
-0.0507923 -0.0975712 0.00768668 -0.00833678 0.0113396 -0.825948
-0.010543 -0.109494 -0.024696 -0.0330586 0.0412646 -2.2124
0.0312417 -0.10547 0.0104899 0.142647 0.143032 1.49739
0.0684766 -0.0860869 -0.0502425 -0.395785 0.398961 -1.69706
0.0957391 -0.0541666 0.192676 0.637362 0.665849 1.27723
0.109059 -0.0143579 0.0283029 -0.686128 0.686712 -1.52957
# x y Real Imaginary Modulus Phase <-> f = 0 s = 2
0.0429804 0.101256 0.887432 -0.0842933 0.891426 -0.0947015
0.00191976 0.109983 -0.533929 0.17537 0.561991 2.82424
-0.0394205 0.102694 0.192538 -0.169696 0.256647 -0.722424
-0.0750198 0.0804489 -0.0430014 0.0947112 0.104016 1.99699
-0.0996939 0.046488 0.00306253 -0.042645 0.0427549 -1.4991
-0.109849 0.00575696 0.00727616 0.0124684 0.0144362 1.04255
-0.104007 -0.0358125 -0.0144471 -0.00121706 0.0144983 -3.05755
-0.0830181 -0.0721665 0.010186 0.0119475 0.0157002 0.864815
-0.049939 -0.0980107 -0.0069563 0.00829102 0.0108227 2.26888
-0.00958713 -0.109581 0.00677339 0.0114671 0.0133182 1.03726
0.0321609 -0.105194 0.00778885 -0.0561224 0.0566603 -1.43289
0.0692252 -0.0854861 0.00549575 0.177579 0.177664 1.53986
0.0962082 -0.0533291 -0.0864841 -0.364641 0.374756 -1.80367
0.10918 -0.0134056 0.103109 0.572376 0.58159 1.39257
0.106252 0.0284701 0.09588 -0.779698 0.785571 -1.44844
# x y Real Imaginary Modulus Phase <-> f = 0 s = 3
0.000959919 0.109996 0.91641 0.0145414 0.916526 0.0158665
-0.0403151 0.102346 -0.49315 0.189018 0.528133 2.77558
-0.075719 0.0797912 0.179498 -0.161189 0.241249 -0.731708
-0.100096 0.0456163 -0.0491198 0.0969344 0.108669 2.03982
-0.109895 0.00479813 0.00200045 -0.0434331 0.0434791 -1.52477
-0.103691 -0.0367188 0.00377756 0.0193518 0.019717 1.37802
-0.0823851 -0.0728882 -0.00683012 -0.00641579 0.00937085 -2.38746
-0.0490818 -0.0984428 0.00922866 0.00382189 0.00998875 0.39263
-0.0086305 -0.109661 -0.00309245 -0.000426072 0.00312166 -3.00468
0.0330776 -0.104909 -0.00363469 0.00989072 0.0105374 1.92296
0.0699686 -0.0848787 0.00797873 -0.06805 0.0685161 -1.45408
0.0966699 -0.0524875 0.0390246 0.157632 0.162391 1.32811
0.109293 -0.0124524 -0.0764262 -0.290186 0.300081 -1.82832
0.105999 0.0293962 0.0394947 0.533513 0.534973 1.4969
0.0872689 0.0669638 0.15371 -0.802082 0.816678 -1.38145
# x y Real Imaginary Modulus Phase <-> f = 0 s = 4
-0.0412067 0.10199 0.896824 -0.00613386 0.896845 -0.00683943
-0.0764124 0.0791274 -0.48559 0.167703 0.513733 2.80906
-0.10049 0.044741 0.204481 -0.165211 0.262883 -0.679571
-0.109933 0.00383894 -0.0672008 0.101153 0.121441 2.15719
-0.103366 -0.0376222 0.023551 -0.0472445 0.0527891 -1.10836
-0.0817459 -0.0736044 -0.00879765 0.0166697 0.0188488 2.05641
-0.0482208 -0.0988673 -0.00173025 -0.00199482 0.00264066 -2.28529
-0.00767321 -0.109732 0.0100944 -0.000420127 0.0101032 -0.0415956
0.0339919 -0.104616 -0.00442499 -0.00219911 0.00494131 -2.68037
0.0707066 -0.0842649 0.00568473 0.0187221 0.0195661 1.27601
0.0971242 -0.0516419 -0.0249855 -0.0433824 0.050063 -2.09333
0.109397 -0.0114981 0.0469675 0.0940276 0.105105 1.10754
0.105739 0.0303201 -0.0621813 -0.212809 0.221707 -1.85508
0.0866812 0.0677228 0.00202507 0.443557 0.443562 1.56623
0.055 0.0952628 0.241546 -0.746849 0.784938 -1.25799
# x y Real Imaginary Modulus Phase <-> f = 0 s = 5
-0.0771 0.0784575 0.921265 -0.019918 0.92148 -0.0216169
-0.100877 0.0438624 -0.566234 0.216611 0.606252 2.77622
-0.109962 0.00287946 0.271496 -0.205879 0.340729 -0.648802
-0.103034 -0.0385228 -0.131518 0.114248 0.174212 2.42635
-0.0811005 -0.0743149 0.0581885 -0.0385391 0.0697937 -0.584984
-0.0473562 -0.0992844 -0.014088 0.00668077 0.0155918 2.69878
-0.00671534 -0.109795 -0.00256441 -0.00201785 0.00326312 -2.47491
0.0349035 -0.104316 0.0118584 0.00539468 0.0130278 0.426941
0.0714393 -0.0836447 -0.0124699 -0.00331597 0.0129033 -2.88169
0.0975712 -0.0507923 0.0179625 0.00576516 0.018865 0.31057
0.109494 -0.010543 -0.0290286 -0.0205106 0.0355436 -2.52647
0.10547 0.0312417 0.0567864 0.0644206 0.0858761 0.848299
0.0860869 0.0684766 -0.0782731 -0.177455 0.193951 -1.98621
0.0541666 0.0957391 0.0268537 0.410139 0.411017 1.50542
0.0143579 0.109059 0.211375 -0.735297 0.765076 -1.29088
# x y Real Imaginary Modulus Phase <-> f = 0 s = 6
-0.101256 0.0429804 0.850292 -0.055124 0.852077 -0.064739
-0.109983 0.00191976 -0.562262 0.311625 0.642844 2.6355
-0.102694 -0.0394205 0.331336 -0.23525 0.406357 -0.617409
-0.0804489 -0.0750198 -0.151864 0.103931 0.184023 2.54143
-0.046488 -0.0996939 0.0513522 -0.0361595 0.0628058 -0.613504
-0.00575696 -0.109849 -0.00082766 0.0134366 0.0134621 1.63232
0.0358125 -0.104007 -0.0128531 0.00303711 0.013207 2.90955
0.0721665 -0.0830181 0.0140299 0.0138594 0.0197211 0.779283
0.0980107 -0.049939 -0.01897 0.00908977 0.0210354 2.69475
0.109581 -0.00958713 0.00991419 -0.00352077 0.0105208 -0.341232
0.105194 0.0321609 -0.030128 -0.0114624 0.0322348 -2.77805
0.0854861 0.0692252 0.058351 0.0515747 0.0778767 0.723832
0.0533291 0.0962082 -0.0793666 -0.159603 0.178248 -2.03226
0.0134056 0.10918 0.0213812 0.396766 0.397341 1.51696
-0.0284701 0.106252 0.246912 -0.756663 0.79593 -1.25537
# x y Real Imaginary Modulus Phase <-> f = 0 s = 7
-0.109996 0.000959919 0.763937 -0.0860099 0.768763 -0.112116
-0.102346 -0.0403151 -0.621449 0.36066 0.718522 2.61574
-0.0797912 -0.075719 0.353277 -0.20206 0.40698 -0.519546
-0.0456163 -0.100096 -0.123828 0.0903089 0.153262 2.51147
-0.00479813 -0.109895 0.00912651 -0.0405026 0.0415181 -1.34917
0.0367188 -0.103691 0.0102638 0.00361885 0.0108831 0.338974
0.0728882 -0.0823851 -0.0293785 0.00133302 0.0294088 3.09625
0.0984428 -0.0490818 0.00784397 0.00778217 0.0110494 0.781443
0.109661 -0.0086305 -0.0219825 0.0149088 0.0265614 2.54564
0.104909 0.0330776 0.00548511 -0.00464605 0.00718834 -0.702767
0.0848787 0.0699686 -0.0279709 -0.0115689 0.030269 -2.74941
0.0524875 0.0966699 0.0573665 0.0524181 0.0777082 0.740355
0.0124524 0.109293 -0.07561 -0.17783 0.193237 -1.97282
-0.0293962 0.105999 0.00285233 0.468527 0.468536 1.56471
-0.0669638 0.0872689 0.153712 -0.779691 0.794699 -1.37615
# x y Real Imaginary Modulus Phase <-> f = 0 s = 8
-0.10199 -0.0412067 0.724336 -0.156943 0.741144 -0.213373
-0.0791274 -0.0764124 -0.628363 0.322852 0.706451 2.66697
-0.044741 -0.10049 0.265945 -0.174842 0.318271 -0.581585
-0.00383894 -0.109933 -0.0302685 0.0897137 0.0946823 1.89619
0.0376222 -0.103366 -0.0183192 -0.0251111 0.0310831 -2.20106
0.0736044 -0.0817459 0.0281156 -0.0111901 0.0302606 -0.378784
0.0988673 -0.0482208 -0.0361574 1.38672e-05 0.0361574 3.14121
0.109732 -0.00767321 0.00563952 0.0031635 0.00646622 0.511213
0.104616 0.0339919 -0.0229629 0.0166328 0.0283539 2.51472
0.0842649 0.0707066 0.0118904 -0.00495526 0.0128817 -0.394857
0.0516419 0.0971242 -0.0328239 -0.00963554 0.034209 -2.85606
0.0114981 0.109397 0.0578229 0.0662749 0.0879537 0.853401
-0.0303201 0.105739 -0.0691163 -0.23772 0.247564 -1.85374
-0.0677228 0.0866812 0.0763419 0.53398 0.53941 1.42879
-0.0952628 0.055 0.0646719 -0.751902 0.754678 -1.485
# x y Real Imaginary Modulus Phase <-> f = 0 s = 9
-0.0784575 -0.0771 0.869329 -0.0646521 0.87173 -0.0742334
-0.0438624 -0.100877 -0.511237 0.15319 0.533695 2.85046
-0.00287946 -0.109962 0.117682 -0.133911 0.178273 -0.849814
0.0385228 -0.103034 0.00951778 0.0612158 0.0619513 1.41655
0.0743149 -0.0811005 -0.0233619 -0.00564518 0.0240343 -2.9045
0.0992844 -0.0473562 0.0344712 -0.0220225 0.0409055 -0.568509
0.109795 -0.00671534 -0.0339297 -0.000420157 0.0339323 -3.12921
0.104316 0.0349035 0.00734253 0.00965543 0.0121301 0.920637
0.0836447 0.0714393 -0.0171509 0.0119875 0.0209249 2.53158
0.0507923 0.0975712 0.0167675 0.000554387 0.0167767 0.0330511
0.010543 0.109494 -0.0296203 -0.0249912 0.0387547 -2.44076
-0.0312417 0.10547 0.0388345 0.113542 0.12 1.24124
-0.0684766 0.0860869 -0.0691361 -0.303115 0.3109 -1.79505
-0.0957391 0.0541666 0.0765871 0.604932 0.609761 1.44486
-0.109059 0.0143579 -0.00281558 -0.800801 0.800806 -1.57431
# x y Real Imaginary Modulus Phase <-> f = 0 s = 10
-0.0429804 -0.101256 0.899238 0.134259 0.909205 0.148208
-0.00191976 -0.109983 -0.351621 0.113723 0.369554 2.82879
0.0394205 -0.102694 0.078624 -0.115072 0.139367 -0.971394
0.0750198 -0.0804489 0.00225175 0.0548913 0.0549374 1.5298
0.0996939 -0.046488 -0.0202887 -0.00753773 0.0216437 -2.78587
0.109849 -0.00575696 0.0308737 -0.0094037 0.032274 -0.295659
0.104007 0.0358125 -0.028403 -0.00340187 0.028606 -3.02239
0.0830181 0.0721665 0.012545 0.0153471 0.0198219 0.885526
0.049939 0.0980107 -0.0103678 0.00117886 0.0104346 3.02838
0.00958713 0.109581 0.00973412 0.0082604 0.0127666 0.703682
-0.0321609 0.105194 -0.00886709 -0.0422841 0.0432038 -1.7775
-0.0692252 0.0854861 0.0261431 0.131895 0.134461 1.37512
-0.0962082 0.0533291 -0.0351528 -0.304172 0.306197 -1.68585
-0.10918 0.0134056 0.0391597 0.603356 0.604625 1.50598
-0.106252 -0.0284701 0.122827 -0.791301 0.800777 -1.4168
# x y Real Imaginary Modulus Phase <-> f = 0 s = 11
-0.000959919 -0.109996 0.770834 0.218238 0.801132 0.275899
0.0403151 -0.102346 -0.322974 0.08978 0.33522 2.87046
0.075719 -0.0797912 0.0999285 -0.116043 0.15314 -0.859875
0.100096 -0.0456163 -0.00713065 0.0736707 0.074015 1.66729
0.109895 -0.00479813 -0.0075975 -0.0341637 0.0349983 -1.78962
0.103691 0.0367188 0.00490038 0.0136803 0.0145315 1.22683
0.0823851 0.0728882 -0.00887452 -0.0019354 0.00908311 -2.92687
0.0490818 0.0984428 0.011297 0.00675796 0.0131641 0.539101
0.0086305 0.109661 -0.00421808 9.0018e-06 0.00421809 3.13946
-0.0330776 0.104909 0.00408215 0.00818268 0.00914441 1.10805
-0.0699686 0.0848787 -0.00700891 -0.0411233 0.0417163 -1.73961
-0.0966699 0.0524875 0.0234934 0.104797 0.107398 1.35026
-0.109293 0.0124524 -0.0464797 -0.237289 0.241799 -1.76422
-0.105999 -0.0293962 0.000317258 0.429811 0.429811 1.57006
-0.0872689 -0.0669638 0.296883 -0.682992 0.744726 -1.16076
# x y Real Imaginary Modulus Phase <-> f = 0 s = 12
0.0412067 -0.10199 0.826118 0.205923 0.851396 0.244287
0.0764124 -0.0791274 -0.424833 0.0991412 0.436248 2.91233
0.10049 -0.044741 0.173286 -0.150942 0.229808 -0.716595
0.109933 -0.00383894 -0.0716697 0.101 0.123845 2.18794
0.103366 0.0376222 0.0342095 -0.0479761 0.0589237 -0.951364
0.0817459 0.0736044 -0.0152659 0.0148585 0.0213031 2.36972
0.0482208 0.0988673 0.00162038 -0.00252455 0.00299983 -1.00017
0.00767321 0.109732 0.00593964 0.00130613 0.00608155 0.216455
-0.0339919 0.104616 -0.000472285 0.000479929 0.000673339 2.34817
-0.0707066 0.0842649 0.00791177 0.00408329 0.00890334 0.476446
-0.0971242 0.0516419 -0.0250305 -0.0151159 0.0292406 -2.59831
-0.109397 0.0114981 0.0575352 0.0420284 0.0712509 0.630892
-0.105739 -0.0303201 -0.0814677 -0.110555 0.137329 -2.20586
-0.0866812 -0.0677228 0.0229379 0.282794 0.283723 1.48986
-0.055 -0.0952628 0.283048 -0.510083 0.583353 -1.06419
# x y Real Imaginary Modulus Phase <-> f = 0 s = 13
0.0771 -0.0784575 0.957697 0.0316867 0.958221 0.0330743
0.100877 -0.0438624 -0.585935 0.23828 0.632533 2.75535
0.109962 -0.00287946 0.339329 -0.222227 0.405622 -0.579813
0.103034 0.0385228 -0.184002 0.103665 0.211194 2.62853
0.0811005 0.0743149 0.0847582 -0.0278575 0.0892188 -0.317548
0.0473562 0.0992844 -0.0284872 -0.00130002 0.0285168 -3.09599
0.00671534 0.109795 0.00558226 -0.00231242 0.00604226 -0.392725
-0.0349035 0.104316 0.0040341 0.00454735 0.00607884 0.845136
-0.0714393 0.0836447 -0.00295325 0.0121224 0.012477 1.80976
-0.0975712 0.0507923 0.00344638 -0.0120307 0.0125146 -1.2918
-0.109494 0.010543 -0.0212972 0.00999707 0.0235269 2.70272
-0.10547 -0.0312417 0.04906 0.0034509 0.0491812 0.0702247
-0.0860869 -0.0684766 -0.0702265 -0.0706257 0.0995979 -2.35336
-0.0541666 -0.0957391 0.0191356 0.235836 0.236611 1.48983
-0.0143579 -0.109059 0.312474 -0.534619 0.619239 -1.04187
# x y Real Imaginary Modulus Phase <-> f = 0 s = 14
0.101256 -0.0429804 0.74006 -0.0974394 0.746447 -0.130911
0.109983 -0.00191976 -0.576441 0.452724 0.732969 2.47583
0.102694 0.0394205 0.419376 -0.304038 0.517992 -0.627293
0.0804489 0.0750198 -0.213859 0.122173 0.246296 2.62256
0.046488 0.0996939 0.0920549 -0.0420462 0.101203 -0.428454
0.00575696 0.109849 -0.0229394 0.0186395 0.0295576 2.45924
-0.0358125 0.104007 -0.00138758 -0.0105561 0.0106469 -1.7015
-0.0721665 0.0830181 0.00499845 0.011832 0.0128445 1.17108
-0.0980107 0.049939 -0.0156105 0.0155764 0.0220524 2.35729
-0.109581 0.00958713 0.00210008 -0.0307535 0.0308251 -1.50261
-0.105194 -0.0321609 -0.00476451 0.0242613 0.0247247 1.76471
-0.0854861 -0.0692252 0.034154 -0.000391628 0.0341562 -0.011466
-0.0533291 -0.0962082 -0.0707664 -0.0786806 0.105823 -2.30329
-0.0134056 -0.10918 -0.000913707 0.307462 0.307464 1.57377
0.0284701 -0.106252 0.319604 -0.732454 0.799147 -1.15935
# x y Real Imaginary Modulus Phase <-> f = 0 s = 15
0.109996 -0.000959919 0.652706 0.0152637 0.652884 0.023381
0.102346 0.0403151 -0.532825 0.446328 0.695062 2.4443
0.0797912 0.075719 0.354222 -0.285688 0.455072 -0.678706
0.0456163 0.100096 -0.160453 0.134548 0.2094 2.44378
0.00479813 0.109895 0.0418237 -0.0534 0.0678291 -0.906375
-0.0367188 0.103691 -0.0015353 0.022494 0.0225464 1.63894
-0.0728882 0.0823851 -0.0157259 -0.0053728 0.0166184 -2.81237
-0.0984428 0.0490818 0.00265754 0.0108603 0.0111807 1.33081
-0.109661 0.0086305 -0.0212618 0.012847 0.0248417 2.59807
-0.104909 -0.0330776 0.00283649 -0.0400314 0.0401318 -1.50006
-0.0848787 -0.0699686 -0.00455717 0.0232066 0.0236498 1.7647
-0.0524875 -0.0966699 0.0487041 0.0149826 0.0509565 0.298437
-0.0124524 -0.109293 -0.0746352 -0.144783 0.162888 -2.04676
0.0293962 -0.105999 -0.0027113 0.481501 0.481509 1.57643
0.0669638 -0.0872689 0.0691319 -0.790976 0.793991 -1.48362
