# x y Real Imaginary Modulus Phase <-> f = 0 s = 0
0.10199 0.0412067 0.733618 -0.0373832 0.73457 -0.0509133
0.0791274 0.0764124 -0.572525 0.330861 0.661252 2.61758
0.044741 0.10049 0.295925 -0.22486 0.371664 -0.649779
0.00383894 0.109933 -0.0946358 0.105065 0.141402 2.30402
-0.0376222 0.103366 0.0143916 -0.0486658 0.0507492 -1.28327
-0.0736044 0.0817459 0.00358878 0.0120348 0.0125585 1.28099
-0.0988673 0.0482208 -0.0208478 0.00281059 0.0210364 3.00759
-0.109732 0.00767321 -0.000795965 0.00647452 0.00652326 1.69312
-0.104616 -0.0339919 -0.0164181 0.0189187 0.0250494 2.28555
-0.0842649 -0.0707066 0.00396439 -0.0364731 0.0366879 -1.46253
-0.0516419 -0.0971242 -0.0174549 0.00324493 0.017754 2.95779
-0.0114981 -0.109397 0.0533713 0.0646598 0.0838414 0.880748
0.0303201 -0.105739 -0.0460986 -0.281539 0.285288 -1.73309
0.0677228 -0.0866812 0.124529 0.645709 0.657607 1.38028
0.0952628 -0.055 -0.0165177 -0.639456 0.63967 -1.59662
# x y Real Imaginary Modulus Phase <-> f = 0 s = 1
0.0784575 0.0771 0.819957 -0.0851659 0.824369 -0.103495
0.0438624 0.100877 -0.579767 0.265676 0.637741 2.7119
0.00287946 0.109962 0.236392 -0.169691 0.290992 -0.622597
-0.0385228 0.103034 -0.0572891 0.101126 0.116226 2.08623
-0.0743149 0.0811005 0.00280746 -0.0450519 0.0451393 -1.50856
-0.0992844 0.0473562 0.00672576 0.00967719 0.0117849 0.963426
-0.109795 0.00671534 -0.0195415 0.0056193 0.0203334 2.86159
-0.104316 -0.0349035 0.00228892 0.00909985 0.00938331 1.32438
-0.0836447 -0.0714393 -0.0187443 0.0163317 0.0248611 2.42487
-0.0507923 -0.0975712 0.00324227 -0.00995572 0.0104704 -1.25596
-0.010543 -0.109494 -0.0245943 -0.0312197 0.0397435 -2.23804
0.0312417 -0.10547 0.0115105 0.141597 0.142064 1.48968
0.0684766 -0.0860869 -0.0510763 -0.392728 0.396036 -1.70013
0.0957391 -0.0541666 0.190646 0.634165 0.662202 1.27877
0.109059 -0.0143579 0.0339801 -0.685919 0.68676 -1.5213
# x y Real Imaginary Modulus Phase <-> f = 0 s = 2
0.0429804 0.101256 0.882144 -0.0778765 0.885575 -0.0880526
0.00191976 0.109983 -0.527158 0.179626 0.556921 2.81319
-0.0394205 0.102694 0.188074 -0.171697 0.25466 -0.739908
-0.0750198 0.0804489 -0.0411707 0.0949865 0.103525 1.97979
-0.0996939 0.046488 0.00557824 -0.043815 0.0441687 -1.44416
-0.109849 0.00575696 0.0103883 0.0128287 0.0165074 0.890126
-0.104007 -0.0358125 -0.013782 -0.000289379 0.0137851 -3.1206
-0.0830181 -0.0721665 0.0115664 0.0113379 0.0161966 0.775421
-0.049939 -0.0980107 -0.00711186 0.0113483 0.0133926 2.13061
-0.00958713 -0.109581 0.00483921 0.01077 0.0118072 1.1485
0.0321609 -0.105194 0.00891036 -0.0545583 0.0552812 -1.40891
0.0692252 -0.0854861 0.00637022 0.174446 0.174562 1.5343
0.0962082 -0.0533291 -0.0846436 -0.361525 0.371301 -1.80078
0.10918 -0.0134056 0.101341 0.570978 0.579902 1.39514
0.106252 0.0284701 0.0985569 -0.777599 0.78382 -1.44472
# x y Real Imaginary Modulus Phase <-> f = 0 s = 3
0.000959919 0.109996 0.90763 0.012664 0.907718 0.0139519
-0.0403151 0.102346 -0.483824 0.191054 0.52018 2.76551
-0.075719 0.0797912 0.175937 -0.163664 0.240291 -0.749274
-0.100096 0.0456163 -0.0474498 0.0997875 0.110494 2.01466
-0.109895 0.00479813 0.00156527 -0.04331 0.0433383 -1.53467
-0.103691 -0.0367188 0.00475504 0.0214713 0.0219915 1.35285
-0.0823851 -0.0728882 -0.00645284 -0.00654891 0.00919387 -2.34881
-0.0490818 -0.0984428 0.011768 0.00322984 0.0122032 0.267864
-0.0086305 -0.109661 -0.0042463 0.00197399 0.0046827 2.70644
0.0330776 -0.104909 -0.00555905 0.0104484 0.0118352 2.05975
0.0699686 -0.0848787 0.00441319 -0.0694376 0.0695777 -1.50733
0.0966699 -0.0524875 0.039641 0.154453 0.159459 1.31957
0.109293 -0.0124524 -0.0792025 -0.285674 0.29645 -1.84125
0.105999 0.0293962 0.0418255 0.527373 0.529029 1.49165
0.0872689 0.0669638 0.154593 -0.794557 0.809456 -1.37863
# x y Real Imaginary Modulus Phase <-> f = 0 s = 4
-0.0412067 0.10199 0.885754 -0.00760554 0.885786 -0.0085863
-0.0764124 0.0791274 -0.479235 0.171993 0.509164 2.79702
-0.10049 0.044741 0.198306 -0.166572 0.258981 -0.698644
-0.109933 0.00383894 -0.0650249 0.101886 0.120868 2.13884
-0.103366 -0.0376222 0.0222729 -0.047854 0.0527834 -1.13518
-0.0817459 -0.0736044 -0.00893858 0.0173453 0.019513 2.04663
-0.0482208 -0.0988673 -0.000212882 -0.00166263 0.0016762 -1.69814
-0.00767321 -0.109732 0.0105445 -0.0011062 0.0106024 -0.104525
0.0339919 -0.104616 -0.00487127 -0.00163084 0.00513702 -2.81853
0.0707066 -0.0842649 0.00666523 0.0195277 0.0206339 1.24187
0.0971242 -0.0516419 -0.0258971 -0.0419363 0.0492881 -2.12401
0.109397 -0.0114981 0.0485768 0.0924862 0.104467 1.08717
0.105739 0.0303201 -0.0651378 -0.210682 0.220522 -1.87065
0.0866812 0.0677228 0.00610815 0.440317 0.440359 1.55693
0.055 0.0952628 0.235454 -0.740624 0.77715 -1.26299
# x y Real Imaginary Modulus Phase <-> f = 0 s = 5
-0.0771 0.0784575 0.911695 -0.0195003 0.911904 -0.0213858
-0.100877 0.0438624 -0.555735 0.215311 0.595987 2.77197
-0.109962 0.00287946 0.266299 -0.207673 0.337703 -0.662334
-0.103034 -0.0385228 -0.129084 0.114801 0.172748 2.41469
-0.0811005 -0.0743149 0.0560769 -0.0418593 0.0699773 -0.641233
-0.0473562 -0.0992844 -0.0168225 0.00833119 0.0187725 2.68176
-0.00671534 -0.109795 -0.00108166 -0.00226147 0.00250683 -2.01693
0.0349035 -0.104316 0.0143505 0.00508297 0.0152241 0.340414
0.0714393 -0.0836447 -0.01324 -0.00264699 0.013502 -2.94427
0.0975712 -0.0507923 0.0187522 0.00525512 0.0194746 0.273231
0.109494 -0.010543 -0.0289656 -0.020372 0.0354122 -2.52864
0.10547 0.0312417 0.0570051 0.0624077 0.084524 0.83061
0.0860869 0.0684766 -0.081769 -0.174576 0.192777 -2.00883
0.0541666 0.0957391 0.0327299 0.404492 0.405814 1.49006
0.0143579 0.109059 0.204621 -0.726978 0.755227 -1.29643
# x y Real Imaginary Modulus Phase <-> f = 0 s = 6
-0.101256 0.0429804 0.849645 -0.0475783 0.850976 -0.0559395
-0.109983 0.00191976 -0.557557 0.309027 0.63747 2.63549
-0.102694 -0.0394205 0.329914 -0.23596 0.405612 -0.620866
-0.0804489 -0.0750198 -0.147848 0.102311 0.179797 2.53625
-0.046488 -0.0996939 0.0491614 -0.0400001 0.0633787 -0.683007
-0.00575696 -0.109849 0.000387289 0.013885 0.0138904 1.54291
0.0358125 -0.104007 -0.0126153 0.00499599 0.0135686 2.76452
0.0721665 -0.0830181 0.0175869 0.0139544 0.0224505 0.670738
0.0980107 -0.049939 -0.0187294 0.00997986 0.0212224 2.65202
0.109581 -0.00958713 0.0113503 -0.00565691 0.0126819 -0.462361
0.105194 0.0321609 -0.0290298 -0.0127344 0.0317 -2.7282
0.0854861 0.0692252 0.0599141 0.0482827 0.0769475 0.678307
0.0533291 0.0962082 -0.0810309 -0.158282 0.177818 -2.04395
0.0134056 0.10918 0.0276567 0.392823 0.393795 1.50051
-0.0284701 0.106252 0.240139 -0.751338 0.788781 -1.26144
# x y Real Imaginary Modulus Phase <-> f = 0 s = 7
-0.109996 0.000959919 0.765927 -0.0793356 0.770025 -0.103213
-0.102346 -0.0403151 -0.618295 0.357817 0.714368 2.61697
-0.0797912 -0.075719 0.353081 -0.200369 0.405973 -0.51617
-0.0456163 -0.100096 -0.120637 0.0892285 0.15005 2.50475
-0.00479813 -0.109895 0.00957359 -0.0376662 0.0388638 -1.3219
0.0367188 -0.103691 0.01045 0.00389491 0.0111522 0.35677
0.0728882 -0.0823851 -0.02934 0.00700519 0.0301647 2.90722
0.0984428 -0.0490818 0.00959329 0.00959769 0.0135701 0.785627
0.109661 -0.0086305 -0.0213988 0.0167974 0.0272041 2.47608
0.104909 0.0330776 0.00738423 -0.00643199 0.00979272 -0.716585
0.0848787 0.0699686 -0.025247 -0.0120437 0.0279725 -2.69649
0.0524875 0.0966699 0.0592659 0.0519321 0.0787997 0.719541
0.0124524 0.109293 -0.0797684 -0.174353 0.191734 -1.99988
-0.0293962 0.105999 0.00821226 0.46053 0.460603 1.55297
-0.0669638 0.0872689 0.158218 -0.772345 0.788384 -1.36874
# x y Real Imaginary Modulus Phase <-> f = 0 s = 8
-0.10199 -0.0412067 0.729459 -0.150136 0.74475 -0.202984
-0.0791274 -0.0764124 -0.624993 0.319415 0.701885 2.66913
-0.044741 -0.10049 0.263243 -0.177463 0.317475 -0.59316
-0.00383894 -0.109933 -0.0286984 0.0878177 0.092388 1.88665
0.0376222 -0.103366 -0.0156619 -0.0190853 0.0246889 -2.25799
0.0736044 -0.0817459 0.0285228 -0.0144332 0.0319666 -0.468454
0.0988673 -0.0482208 -0.0372094 0.00696682 0.037856 2.9565
0.109732 -0.00767321 0.00741451 0.00352896 0.00821149 0.444226
0.104616 0.0339919 -0.0205228 0.0183424 0.027525 2.41224
0.0842649 0.0707066 0.0124619 -0.00541561 0.0135878 -0.40995
0.0516419 0.0971242 -0.0317655 -0.00652564 0.0324289 -2.93898
0.0114981 0.109397 0.0574782 0.0653557 0.0870351 0.849442
-0.0303201 0.105739 -0.0716361 -0.235883 0.246521 -1.86564
-0.0677228 0.0866812 0.0769871 0.528679 0.534255 1.42619
-0.0952628 0.055 0.069307 -0.747648 0.750854 -1.47836
# x y Real Imaginary Modulus Phase <-> f = 0 s = 9
-0.0784575 -0.0771 0.871799 -0.0608397 0.873919 -0.0696735
-0.0438624 -0.100877 -0.509002 0.153436 0.531625 2.84881
-0.00287946 -0.109962 0.118068 -0.129795 0.175462 -0.832676
0.0385228 -0.103034 0.00626581 0.0579933 0.0583308 1.46317
0.0743149 -0.0811005 -0.016619 0.00103423 0.0166511 3.07944
0.0992844 -0.0473562 0.0341134 -0.0279927 0.0441284 -0.687164
0.109795 -0.00671534 -0.03269 0.0046959 0.0330255 2.99892
0.104316 0.0349035 0.00844681 0.00863031 0.012076 0.796143
0.0836447 0.0714393 -0.0160154 0.0125808 0.0203659 2.47573
0.0507923 0.0975712 0.0173761 0.00190677 0.0174805 0.109297
0.010543 0.109494 -0.0311469 -0.0232295 0.0388553 -2.50078
-0.0312417 0.10547 0.0417359 0.110663 0.118272 1.21015
-0.0684766 0.0860869 -0.0699706 -0.300824 0.308854 -1.79933
-0.0957391 0.0541666 0.0769831 0.601269 0.606177 1.44345
-0.109059 0.0143579 0.00360862 -0.798853 0.798861 -1.56628
# x y Real Imaginary Modulus Phase <-> f = 0 s = 10
-0.0429804 -0.101256 0.893046 0.136783 0.903461 0.151983
-0.00191976 -0.109983 -0.346338 0.11135 0.363798 2.83052
0.0394205 -0.102694 0.0807429 -0.112823 0.138738 -0.949636
0.0750198 -0.0804489 -0.00197838 0.0525525 0.0525897 1.60842
0.0996939 -0.046488 -0.0108115 -0.00259079 0.0111176 -2.90639
0.109849 -0.00575696 0.0297536 -0.0181429 0.0348488 -0.547573
0.104007 0.0358125 -0.0300349 -0.0013963 0.0300674 -3.09514
0.0830181 0.0721665 0.0141845 0.0143525 0.0201791 0.791284
0.049939 0.0980107 -0.00965333 0.00160882 0.00978647 2.97645
0.00958713 0.109581 0.0111584 0.0087084 0.0141544 0.662695
-0.0321609 0.105194 -0.0114984 -0.0427445 0.044264 -1.83358
-0.0692252 0.0854861 0.0289676 0.127657 0.130902 1.34766
-0.0962082 0.0533291 -0.0346899 -0.301567 0.303556 -1.68533
-0.10918 0.0134056 0.0397774 0.599086 0.600405 1.5045
-0.106252 -0.0284701 0.127342 -0.787935 0.798159 -1.41057
# x y Real Imaginary Modulus Phase <-> f = 0 s = 11
-0.000959919 -0.109996 0.767573 0.21494 0.7971 0.273033
0.0403151 -0.102346 -0.320098 0.0862313 0.33151 2.87845
0.075719 -0.0797912 0.101161 -0.11476 0.152982 -0.848298
0.100096 -0.0456163 -0.0094803 0.0706476 0.0712809 1.70419
0.109895 -0.00479813 -0.00680464 -0.0310188 0.0317564 -1.78675
0.103691 0.0367188 0.00224413 0.0111552 0.0113787 1.37227
0.0823851 0.0728882 -0.0107637 0.000562153 0.0107784 3.08941
0.0490818 0.0984428 0.0135077 0.00605802 0.014804 0.421594
0.0086305 0.109661 -0.00359155 -0.00111614 0.00376098 -2.84028
-0.0330776 0.104909 0.00385228 0.00899033 0.0097809 1.16597
-0.0699686 0.0848787 -0.0110726 -0.0422209 0.0436487 -1.82727
-0.0966699 0.0524875 0.0242495 0.101977 0.10482 1.33734
-0.109293 0.0124524 -0.0478716 -0.237996 0.242763 -1.76929
-0.105999 -0.0293962 0.00117142 0.425797 0.425799 1.56805
-0.0872689 -0.0669638 0.293128 -0.678415 0.739034 -1.16295
# x y Real Imaginary Modulus Phase <-> f = 0 s = 12
0.0412067 -0.10199 0.821178 0.208365 0.847201 0.248495
0.0764124 -0.0791274 -0.425482 0.0966348 0.436318 2.91826
0.10049 -0.044741 0.169129 -0.146191 0.223554 -0.712779
0.109933 -0.00383894 -0.0691671 0.0997405 0.121377 2.17713
0.103366 0.0376222 0.0330941 -0.0472701 0.0577034 -0.959999
0.0817459 0.0736044 -0.0152739 0.0131775 0.0201728 2.42974
0.0482208 0.0988673 0.000627617 -0.00110218 0.00126834 -1.05316
0.00767321 0.109732 0.00634527 0.000357454 0.00635533 0.0562745
-0.0339919 0.104616 0.000518393 -4.66359e-07 0.000518393 -0.000899625
-0.0707066 0.0842649 0.00863449 0.00435672 0.00967137 0.467298
-0.0971242 0.0516419 -0.0234784 -0.0123789 0.0265419 -2.65639
-0.109397 0.0114981 0.0546896 0.041439 0.0686159 0.648419
-0.105739 -0.0303201 -0.0781839 -0.106981 0.132505 -2.20191
-0.0866812 -0.0677228 0.0244073 0.28043 0.281491 1.48398
-0.055 -0.0952628 0.282896 -0.509625 0.582879 -1.06404
# x y Real Imaginary Modulus Phase <-> f = 0 s = 13
0.0771 -0.0784575 0.95951 0.036515 0.960204 0.0380376
0.100877 -0.0438624 -0.582121 0.235402 0.627917 2.75731
0.109962 -0.00287946 0.33635 -0.222249 0.403145 -0.583908
0.103034 0.0385228 -0.181593 0.105081 0.209805 2.61701
0.0811005 0.0743149 0.0854912 -0.0306484 0.0908189 -0.344225
0.0473562 0.0992844 -0.0310565 -0.00119556 0.0310795 -3.10312
0.00671534 0.109795 0.00474655 -0.00289866 0.00556165 -0.548241
-0.0349035 0.104316 0.00384007 0.00430375 0.00576788 0.842273
-0.0714393 0.0836447 0.000818248 0.0135634 0.0135881 1.51054
-0.0975712 0.0507923 0.000941093 -0.0111186 0.0111583 -1.48636
-0.109494 0.010543 -0.0154645 0.0120088 0.0195796 2.48132
-0.10547 -0.0312417 0.0440587 0.00603361 0.04447 0.136098
-0.0860869 -0.0684766 -0.0662957 -0.0713115 0.0973676 -2.31976
-0.0541666 -0.0957391 0.0183399 0.233659 0.234377 1.49247
-0.0143579 -0.109059 0.312291 -0.53202 0.616904 -1.04
# x y Real Imaginary Modulus Phase <-> f = 0 s = 14
0.101256 -0.0429804 0.744169 -0.0994897 0.75079 -0.132904
0.109983 -0.00191976 -0.577901 0.451121 0.73313 2.47878
0.102694 0.0394205 0.417928 -0.302873 0.516135 -0.627113
0.0804489 0.0750198 -0.211367 0.121392 0.243746 2.62027
0.046488 0.0996939 0.0906391 -0.0453633 0.101357 -0.464034
0.00575696 0.109849 -0.0224485 0.0208356 0.0306277 2.39344
-0.0358125 0.104007 -0.00225022 -0.0106647 0.0108995 -1.77874
-0.0721665 0.0830181 0.00791271 0.0115678 0.0140151 0.970869
-0.0980107 0.049939 -0.0130349 0.0193059 0.0232944 2.16467
-0.109581 0.00958713 -0.00055456 -0.0307949 0.0307999 -1.5888
-0.105194 -0.0321609 0.00438423 0.0246398 0.0250269 1.39471
-0.0854861 -0.0692252 0.0299235 0.00396555 0.0301851 0.131755
-0.0533291 -0.0962082 -0.0678425 -0.0823039 0.106661 -2.26018
-0.0134056 -0.10918 -0.00454597 0.307502 0.307536 1.58558
0.0284701 -0.106252 0.320543 -0.73125 0.79842 -1.15767
# x y Real Imaginary Modulus Phase <-> f = 0 s = 15
0.109996 -0.000959919 0.660498 0.0110587 0.660591 0.0167413
0.102346 0.0403151 -0.53198 0.442214 0.691777 2.44808
0.0797912 0.075719 0.353583 -0.283345 0.453106 -0.675566
0.0456163 0.100096 -0.157491 0.136013 0.208094 2.42924
0.00479813 0.109895 0.040648 -0.0532557 0.0669957 -0.918862
-0.0367188 0.103691 -0.00073377 0.0217413 0.0217537 1.60453
-0.0728882 0.0823851 -0.0128573 -0.00475433 0.0137082 -2.78741
-0.0984428 0.0490818 0.0034379 0.0106147 0.0111575 1.25758
-0.109661 0.0086305 -0.0181659 0.019313 0.026514 2.3256
-0.104909 -0.0330776 -0.00147326 -0.042023 0.0420488 -1.60584
-0.0848787 -0.0699686 0.00673826 0.0205211 0.0215991 1.25353
-0.0524875 -0.0966699 0.0470117 0.0146547 0.0492428 0.302179
-0.0124524 -0.109293 -0.0765566 -0.141835 0.161177 -2.06574
0.0293962 -0.105999 -0.00388062 0.478882 0.478898 1.5789
0.0669638 -0.0872689 0.0731809 -0.792714 0.796084 -1.47874
