# x y Real Imaginary Modulus Phase <-> f = 0 s = 0
0.10199 0.0412067 0.734382 -0.0406683 0.735507 -0.0553212
0.0791274 0.0764124 -0.570553 0.32586 0.657051 2.62267
0.044741 0.10049 0.291153 -0.23511 0.374229 -0.679306
0.00383894 0.109933 -0.098235 0.110105 0.147558 2.29928
-0.0376222 0.103366 0.0147221 -0.0461542 0.0484453 -1.26202
-0.0736044 0.0817459 0.00392902 0.01858 0.0189909 1.3624
-0.0988673 0.0482208 -0.0189111 0.0128589 0.0228687 2.54444
-0.109732 0.00767321 0.00753815 0.00991759 0.0124572 0.920876
-0.104616 -0.0339919 -0.0173165 0.0154259 0.023191 2.41387
-0.0842649 -0.0707066 0.0116103 -0.0379364 0.0396733 -1.2738
-0.0516419 -0.0971242 -0.0229957 0.00878296 0.0246159 2.77675
-0.0114981 -0.109397 0.057994 0.0660471 0.087895 0.85023
0.0303201 -0.105739 -0.0535825 -0.283168 0.288193 -1.75781
0.0677228 -0.0866812 0.120626 0.639642 0.650917 1.3844
0.0952628 -0.055 -0.0121272 -0.642842 0.642956 -1.58966
# x y Real Imaginary Modulus Phase <-> f = 0 s = 1
0.0784575 0.0771 0.822798 -0.0794141 0.826622 -0.0962191
0.0438624 0.100877 -0.57065 0.269648 0.631151 2.70016
0.00287946 0.109962 0.234521 -0.180345 0.295845 -0.655546
-0.0385228 0.103034 -0.0589656 0.108923 0.123859 2.06698
-0.0743149 0.0811005 0.00415598 -0.0444012 0.0445952 -1.47747
-0.0992844 0.0473562 0.00191859 0.0193793 0.019474 1.47212
-0.109795 0.00671534 -0.0171662 0.0132839 0.0217058 2.48301
-0.104316 -0.0349035 0.0114434 0.0119785 0.0165661 0.80824
-0.0836447 -0.0714393 -0.018837 0.0141687 0.0235708 2.4967
-0.0507923 -0.0975712 0.012232 -0.00756923 0.0143845 -0.554133
-0.010543 -0.109494 -0.0265817 -0.0333799 0.0426709 -2.2433
0.0312417 -0.10547 0.0185718 0.143904 0.145098 1.44245
0.0684766 -0.0860869 -0.0588901 -0.389078 0.393509 -1.72101
0.0957391 -0.0541666 0.185896 0.631957 0.658732 1.28471
0.109059 -0.0143579 0.0358928 -0.691416 0.692347 -1.51893
# x y Real Imaginary Modulus Phase <-> f = 0 s = 2
0.0429804 0.101256 0.866283 -0.0872757 0.870668 -0.100409
0.00191976 0.109983 -0.524543 0.191039 0.558249 2.79232
-0.0394205 0.102694 0.187055 -0.185308 0.263303 -0.780706
-0.0750198 0.0804489 -0.0395832 0.10315 0.110484 1.93721
-0.0996939 0.046488 0.00915965 -0.0495491 0.0503887 -1.388
-0.109849 0.00575696 0.00937197 0.016199 0.0187147 1.0463
-0.104007 -0.0358125 -0.0120634 0.00406856 0.012731 2.81631
-0.0830181 -0.0721665 0.0197063 0.0127308 0.0234609 0.573578
-0.049939 -0.0980107 -0.0109103 0.00573132 0.0123241 2.6579
-0.00958713 -0.109581 0.00536358 0.00637821 0.00833364 0.871595
0.0321609 -0.105194 0.00687379 -0.055222 0.0556481 -1.44696
0.0692252 -0.0854861 0.00591118 0.179804 0.179901 1.53793
0.0962082 -0.0533291 -0.0910492 -0.359652 0.370998 -1.81875
0.10918 -0.0134056 0.103075 0.560875 0.570268 1.38905
0.106252 0.0284701 0.1049 -0.774057 0.781132 -1.4361
# x y Real Imaginary Modulus Phase <-> f = 0 s = 3
0.000959919 0.109996 0.89756 -0.00252687 0.897563 -0.00281525
-0.0403151 0.102346 -0.480467 0.210941 0.524733 2.7279
-0.075719 0.0797912 0.176099 -0.174792 0.248119 -0.781676
-0.100096 0.0456163 -0.0478006 0.10556 0.115878 1.996
-0.109895 0.00479813 0.00153942 -0.0467286 0.0467539 -1.53786
-0.103691 -0.0367188 0.00599418 0.0190866 0.0200057 1.2665
-0.0823851 -0.0728882 -0.00643109 -0.00628215 0.00899023 -2.36791
-0.0490818 -0.0984428 0.0110271 -0.000597983 0.0110433 -0.0541753
-0.0086305 -0.109661 -0.00399111 -0.00141624 0.00423494 -2.8006
0.0330776 -0.104909 -0.00637626 0.0109737 0.0126916 2.09717
0.0699686 -0.0848787 0.00301906 -0.0695532 0.0696186 -1.52742
0.0966699 -0.0524875 0.0401757 0.152996 0.158183 1.314
0.109293 -0.0124524 -0.0863429 -0.290035 0.302614 -1.86014
0.105999 0.0293962 0.0514694 0.523968 0.52649 1.47288
0.0872689 0.0669638 0.1414 -0.789953 0.802508 -1.39367
# x y Real Imaginary Modulus Phase <-> f = 0 s = 4
-0.0412067 0.10199 0.87219 -0.0283407 0.87265 -0.0324823
-0.0764124 0.0791274 -0.479073 0.187529 0.514469 2.76849
-0.10049 0.044741 0.201236 -0.176894 0.267932 -0.721114
-0.109933 0.00383894 -0.0633864 0.105172 0.122797 2.11319
-0.103366 -0.0376222 0.0224922 -0.0488616 0.0537899 -1.13939
-0.0817459 -0.0736044 -0.0102546 0.0155181 0.0186002 2.15474
-0.0482208 -0.0988673 -0.00100315 1.69715e-05 0.00100329 3.12468
-0.00767321 -0.109732 0.00926035 -0.00372908 0.00998299 -0.382826
0.0339919 -0.104616 -0.00276937 -0.0013375 0.00307543 -2.69167
0.0707066 -0.0842649 0.00909268 0.0194042 0.0214289 1.13259
0.0971242 -0.0516419 -0.0268994 -0.0383924 0.046878 -2.18195
0.109397 -0.0114981 0.0490424 0.0943269 0.106314 1.09134
0.105739 0.0303201 -0.0711849 -0.214921 0.226403 -1.89064
0.0866812 0.0677228 0.0209842 0.444166 0.444662 1.52359
0.055 0.0952628 0.216126 -0.740375 0.771275 -1.28677
# x y Real Imaginary Modulus Phase <-> f = 0 s = 5
-0.0771 0.0784575 0.902492 -0.030628 0.903012 -0.0339241
-0.100877 0.0438624 -0.554536 0.229903 0.600305 2.74857
-0.109962 0.00287946 0.261896 -0.217552 0.340468 -0.693172
-0.103034 -0.0385228 -0.130546 0.11944 0.176941 2.40059
-0.0811005 -0.0743149 0.0581004 -0.0430186 0.0722928 -0.63734
-0.0473562 -0.0992844 -0.01751 0.00648949 0.0186739 2.78667
-0.00671534 -0.109795 -0.00257284 0.000275471 0.00258755 3.03493
0.0349035 -0.104316 0.0129942 0.00241733 0.0132171 0.183929
0.0714393 -0.0836447 -0.0103429 -0.00138606 0.0104353 -3.00838
0.0975712 -0.0507923 0.0192734 0.00647086 0.0203307 0.323915
0.109494 -0.010543 -0.0313907 -0.0210401 0.0377897 -2.5511
0.10547 0.0312417 0.0606058 0.0654167 0.0891763 0.823554
0.0860869 0.0684766 -0.0940317 -0.178292 0.201569 -2.05613
0.0541666 0.0957391 0.0496058 0.409152 0.412148 1.45014
0.0143579 0.109059 0.181195 -0.732224 0.75431 -1.32821
# x y Real Imaginary Modulus Phase <-> f = 0 s = 6
-0.101256 0.0429804 0.841925 -0.0433294 0.84304 -0.0514193
-0.109983 0.00191976 -0.547406 0.305335 0.626804 2.63279
-0.102694 -0.0394205 0.319431 -0.239816 0.399434 -0.643986
-0.0804489 -0.0750198 -0.148477 0.11018 0.184892 2.50319
-0.046488 -0.0996939 0.0495514 -0.0392207 0.0631949 -0.669546
-0.00575696 -0.109849 -0.000359188 0.0153197 0.0153239 1.59424
0.0358125 -0.104007 -0.0135734 0.0037568 0.0140837 2.87158
0.0721665 -0.0830181 0.017854 0.012504 0.0217972 0.610957
0.0980107 -0.049939 -0.0130239 0.0119544 0.0176785 2.39899
0.109581 -0.00958713 0.0111796 0.000665782 0.0111994 0.059483
0.105194 0.0321609 -0.0316062 -0.00883079 0.0328167 -2.86914
0.0854861 0.0692252 0.0677372 0.0513045 0.0849734 0.648223
0.0533291 0.0962082 -0.0893467 -0.159976 0.183235 -2.08014
0.0134056 0.10918 0.0387268 0.400574 0.402442 1.47442
-0.0284701 0.106252 0.228062 -0.750846 0.784718 -1.27591
# x y Real Imaginary Modulus Phase <-> f = 0 s = 7
-0.109996 0.000959919 0.767563 -0.0746142 0.771181 -0.0969047
-0.102346 -0.0403151 -0.612972 0.356927 0.709317 2.6143
-0.0797912 -0.075719 0.347385 -0.205255 0.403493 -0.53367
-0.0456163 -0.100096 -0.120691 0.094021 0.152991 2.47977
-0.00479813 -0.109895 0.0103921 -0.0470148 0.0481496 -1.35325
0.0367188 -0.103691 0.0100805 0.00378783 0.0107687 0.359434
0.0728882 -0.0823851 -0.0286898 0.000166822 0.0286903 3.13578
0.0984428 -0.0490818 0.0142638 0.00678583 0.0157957 0.44405
0.109661 -0.0086305 -0.0118389 0.0209268 0.0240435 2.08564
0.104909 0.0330776 0.00368205 -0.00413101 0.00553378 -0.842798
0.0848787 0.0699686 -0.0311313 -0.0139694 0.0341219 -2.7198
0.0524875 0.0966699 0.0667118 0.0543855 0.0860712 0.683959
0.0124524 0.109293 -0.0868066 -0.178376 0.198377 -2.02371
-0.0293962 0.105999 0.0204516 0.469173 0.469618 1.52723
-0.0669638 0.0872689 0.150131 -0.767031 0.781585 -1.37751
# x y Real Imaginary Modulus Phase <-> f = 0 s = 8
-0.10199 -0.0412067 0.720752 -0.14804 0.735798 -0.202579
-0.0791274 -0.0764124 -0.61774 0.32408 0.697589 2.65844
-0.044741 -0.10049 0.25581 -0.181445 0.313625 -0.616938
-0.00383894 -0.109933 -0.0244011 0.0951975 0.098275 1.82171
0.0376222 -0.103366 -0.0279206 -0.0304445 0.0413089 -2.31298
0.0736044 -0.0817459 0.0274117 -0.00840605 0.0286716 -0.297555
0.0988673 -0.0482208 -0.0397875 0.00152665 0.0398168 3.10324
0.109732 -0.00767321 0.00984311 0.00670813 0.0119116 0.598205
0.104616 0.0339919 -0.0158081 0.0220467 0.0271285 2.19286
0.0842649 0.0707066 0.0106671 -0.000951282 0.0107094 -0.0889439
0.0516419 0.0971242 -0.0302945 -0.00995947 0.0318896 -2.82397
0.0114981 0.109397 0.0620891 0.0650066 0.0898939 0.808349
-0.0303201 0.105739 -0.0813703 -0.237981 0.251508 -1.90025
-0.0677228 0.0866812 0.0847388 0.51968 0.526543 1.40916
-0.0952628 0.055 0.072685 -0.742427 0.745977 -1.47321
# x y Real Imaginary Modulus Phase <-> f = 0 s = 9
-0.0784575 -0.0771 0.865903 -0.0477767 0.86722 -0.0551197
-0.0438624 -0.100877 -0.495796 0.159612 0.520855 2.83014
-0.00287946 -0.109962 0.10789 -0.140784 0.17737 -0.916913
0.0385228 -0.103034 0.0196356 0.0626487 0.0656538 1.26707
0.0743149 -0.0811005 -0.0295554 -0.00691809 0.0303542 -2.91166
0.0992844 -0.0473562 0.0370318 -0.0207229 0.0424358 -0.510182
0.109795 -0.00671534 -0.0336502 -0.000105044 0.0336503 -3.13847
0.104316 0.0349035 0.0115406 0.0101019 0.0153373 0.719019
0.0836447 0.0714393 -0.00957813 0.0161013 0.0187348 2.10743
0.0507923 0.0975712 0.0162123 -0.00176167 0.0163077 -0.108238
0.010543 0.109494 -0.0308655 -0.023098 0.0385512 -2.49915
-0.0312417 0.10547 0.0421154 0.110267 0.118036 1.20595
-0.0684766 0.0860869 -0.0779902 -0.299445 0.309435 -1.82558
-0.0957391 0.0541666 0.0763994 0.594949 0.599834 1.44308
-0.109059 0.0143579 0.00183861 -0.797008 0.79701 -1.56849
# x y Real Imaginary Modulus Phase <-> f = 0 s = 10
-0.0429804 -0.101256 0.879963 0.134897 0.890243 0.152115
-0.00191976 -0.109983 -0.342181 0.126595 0.364848 2.78724
0.0394205 -0.102694 0.068908 -0.120903 0.139161 -1.05277
0.0750198 -0.0804489 0.0115487 0.0555004 0.0566892 1.36564
0.0996939 -0.046488 -0.0284462 -0.01107 0.0305242 -2.77047
0.109849 -0.00575696 0.0343825 -0.00756043 0.0352039 -0.216447
0.104007 0.0358125 -0.026675 -0.00478504 0.0271008 -2.9641
0.0830181 0.0721665 0.0175938 0.0136613 0.022275 0.660237
0.049939 0.0980107 -0.00722016 0.00150118 0.00737456 2.9366
0.00958713 0.109581 0.00831831 0.00673855 0.0107052 0.680861
-0.0321609 0.105194 -0.0104912 -0.0449209 0.0461297 -1.80023
-0.0692252 0.0854861 0.0304346 0.130396 0.1339 1.3415
-0.0962082 0.0533291 -0.0397991 -0.298093 0.300738 -1.70352
-0.10918 0.0134056 0.0408311 0.595992 0.597389 1.50239
-0.106252 -0.0284701 0.126929 -0.77587 0.786184 -1.40864
# x y Real Imaginary Modulus Phase <-> f = 0 s = 11
-0.000959919 -0.109996 0.760618 0.200667 0.786643 0.257944
0.0403151 -0.102346 -0.313553 0.106346 0.331097 2.8146
0.075719 -0.0797912 0.0932112 -0.122897 0.154246 -0.921908
0.100096 -0.0456163 -0.00233954 0.0768996 0.0769351 1.60121
0.109895 -0.00479813 -0.0116553 -0.037686 0.0394472 -1.87074
0.103691 0.0367188 0.00754183 0.0140522 0.0159481 1.07822
0.0823851 0.0728882 -0.00641382 -0.00446541 0.00781518 -2.53341
0.0490818 0.0984428 0.01161 0.00370892 0.0121881 0.309211
0.0086305 0.109661 -0.003186 0.000354038 0.00320561 3.03092
-0.0330776 0.104909 0.000865156 0.00770665 0.00775506 1.459
-0.0699686 0.0848787 -0.00934128 -0.0413041 0.0423472 -1.79321
-0.0966699 0.0524875 0.0296723 0.105195 0.1093 1.29587
-0.109293 0.0124524 -0.0547339 -0.232498 0.238854 -1.802
-0.105999 -0.0293962 0.0113162 0.419797 0.419949 1.54385
-0.0872689 -0.0669638 0.285901 -0.668939 0.727474 -1.1669
# x y Real Imaginary Modulus Phase <-> f = 0 s = 12
0.0412067 -0.10199 0.813621 0.187787 0.835011 0.226832
0.0764124 -0.0791274 -0.420831 0.109638 0.434878 2.88673
0.10049 -0.044741 0.172586 -0.160619 0.235763 -0.749497
0.109933 -0.00383894 -0.0717649 0.106048 0.128049 2.16573
0.103366 0.0376222 0.0363175 -0.0513166 0.0628677 -0.954912
0.0817459 0.0736044 -0.0151456 0.0124982 0.0196365 2.45167
0.0482208 0.0988673 0.00320271 -0.00208074 0.00381927 -0.576152
0.00767321 0.109732 0.00628313 -0.000487304 0.006302 -0.0774026
-0.0339919 0.104616 -0.000336022 0.000971046 0.00102754 1.90394
-0.0707066 0.0842649 0.00792108 0.00457605 0.00914789 0.523865
-0.0971242 0.0516419 -0.026132 -0.0143576 0.0298165 -2.63919
-0.109397 0.0114981 0.0638815 0.0384364 0.0745533 0.541656
-0.105739 -0.0303201 -0.0897756 -0.107496 0.140053 -2.26661
-0.0866812 -0.0677228 0.0358487 0.279022 0.281316 1.44302
-0.055 -0.0952628 0.267629 -0.507359 0.573618 -1.0854
# x y Real Imaginary Modulus Phase <-> f = 0 s = 13
0.0771 -0.0784575 0.940857 0.0394162 0.941682 0.0418695
0.100877 -0.0438624 -0.569274 0.241998 0.618576 2.73964
0.109962 -0.00287946 0.330549 -0.224264 0.399446 -0.596122
0.103034 0.0385228 -0.180613 0.111931 0.212484 2.58679
0.0811005 0.0743149 0.08454 -0.0318654 0.0903461 -0.360459
0.0473562 0.0992844 -0.0292936 -0.000139437 0.0292939 -3.13683
0.00671534 0.109795 0.00502602 -0.0018949 0.00537136 -0.360539
-0.0349035 0.104316 0.00664748 0.00373499 0.0076249 0.511907
-0.0714393 0.0836447 -0.00438348 0.0132055 0.0139141 1.89129
-0.0975712 0.0507923 0.0038502 -0.0127821 0.0133494 -1.27822
-0.109494 0.010543 -0.0276816 0.0139108 0.0309803 2.67592
-0.10547 -0.0312417 0.0515397 -0.00383135 0.0516819 -0.0742015
-0.0860869 -0.0684766 -0.0770824 -0.0631987 0.0996783 -2.45484
-0.0541666 -0.0957391 0.0342965 0.233999 0.236499 1.42527
-0.0143579 -0.109059 0.294616 -0.532521 0.608586 -1.06546
# x y Real Imaginary Modulus Phase <-> f = 0 s = 14
0.101256 -0.0429804 0.743137 -0.0837166 0.747837 -0.11218
0.109983 -0.00191976 -0.573408 0.443258 0.724758 2.48352
0.102694 0.0394205 0.411715 -0.299709 0.509249 -0.629241
0.0804489 0.0750198 -0.213297 0.127099 0.248294 2.60421
0.046488 0.0996939 0.0893044 -0.0458849 0.100403 -0.474629
0.00575696 0.109849 -0.0207802 0.0205155 0.029201 2.36261
-0.0358125 0.104007 -0.00181377 -0.00954727 0.00971803 -1.75854
-0.0721665 0.0830181 0.0124591 0.0134621 0.0183428 0.824073
-0.0980107 0.049939 -0.0151325 0.0145414 0.0209868 2.37611
-0.109581 0.00958713 0.00311665 -0.0312987 0.0314535 -1.47155
-0.105194 -0.0321609 -0.0112732 0.0270623 0.0293164 1.9655
-0.0854861 -0.0692252 0.0402509 -0.0105368 0.0416072 -0.256034
-0.0533291 -0.0962082 -0.076986 -0.072437 0.105707 -2.38663
-0.0134056 -0.10918 0.00960492 0.303958 0.304109 1.53921
0.0284701 -0.106252 0.307288 -0.722925 0.785523 -1.16887
# x y Real Imaginary Modulus Phase <-> f = 0 s = 15
0.109996 -0.000959919 0.660325 0.0133217 0.66046 0.0201717
0.102346 0.0403151 -0.532152 0.436397 0.688207 2.45474
0.0797912 0.075719 0.343583 -0.28409 0.445821 -0.690897
0.0456163 0.100096 -0.157307 0.135306 0.207493 2.43124
0.00479813 0.109895 0.0366839 -0.0531308 0.0645646 -0.966512
-0.0367188 0.103691 0.000314067 0.0246001 0.0246021 1.55803
-0.0728882 0.0823851 -0.00980915 -0.00100944 0.00986095 -3.03905
-0.0984428 0.0490818 0.0083121 0.0126225 0.0151135 0.988458
-0.109661 0.0086305 -0.0191228 0.0183053 0.026472 2.37803
-0.104909 -0.0330776 0.00712355 -0.042832 0.0434203 -1.40599
-0.0848787 -0.0699686 -0.0102908 0.0283169 0.0301288 1.91937
-0.0524875 -0.0966699 0.0544185 0.00916663 0.0551852 0.16688
-0.0124524 -0.109293 -0.0819033 -0.147752 0.168935 -2.07696
0.0293962 -0.105999 0.0126093 0.47694 0.477107 1.54436
0.0669638 -0.0872689 0.0788311 -0.780078 0.784051 -1.47008
