# x y Real Imaginary Modulus Phase <-> f = 0 s = 0
0.10199 0.0412067 0.733604 -0.037451 0.734559 -0.0510064
0.0791274 0.0764124 -0.575094 0.330917 0.663505 2.61945
0.044741 0.10049 0.295966 -0.221632 0.369752 -0.64276
0.00383894 0.109933 -0.094565 0.106066 0.1421 2.29893
-0.0376222 0.103366 0.0154419 -0.0481968 0.0506101 -1.26074
-0.0736044 0.0817459 0.00386517 0.0136016 0.0141401 1.29392
-0.0988673 0.0482208 -0.0199389 0.00551085 0.0206864 2.87194
-0.109732 0.00767321 0.00583713 0.0104074 0.0119326 1.05965
-0.104616 -0.0339919 -0.0192302 0.0273053 0.0333973 2.18438
-0.0842649 -0.0707066 -0.000296179 -0.027444 0.0274456 -1.58159
-0.0516419 -0.0971242 -0.0222856 0.000518453 0.0222916 3.11833
-0.0114981 -0.109397 0.0515055 0.0691679 0.0862381 0.930732
0.0303201 -0.105739 -0.0514903 -0.284213 0.28884 -1.75002
0.0677228 -0.0866812 0.127078 0.647494 0.659846 1.377
0.0952628 -0.055 -0.0172844 -0.640833 0.641066 -1.59776
# x y Real Imaginary Modulus Phase <-> f = 0 s = 1
0.0784575 0.0771 0.818768 -0.0874622 0.823426 -0.106418
0.0438624 0.100877 -0.578946 0.263648 0.636152 2.71426
0.00287946 0.109962 0.235565 -0.171849 0.291587 -0.630264
-0.0385228 0.103034 -0.0564791 0.101091 0.115798 2.08029
-0.0743149 0.0811005 0.0033516 -0.0423211 0.0424536 -1.49177
-0.0992844 0.0473562 0.00377047 0.00996636 0.0106557 1.20912
-0.109795 0.00671534 -0.0192412 0.00695491 0.0204596 2.79475
-0.104316 -0.0349035 0.0104437 0.0142971 0.0177053 0.939908
-0.0836447 -0.0714393 -0.0140893 0.0224797 0.0265301 2.13066
-0.0507923 -0.0975712 0.00555161 -0.00208785 0.00593123 -0.359717
-0.010543 -0.109494 -0.0216199 -0.0331072 0.0395412 -2.1493
0.0312417 -0.10547 0.0126331 0.143268 0.143824 1.48285
0.0684766 -0.0860869 -0.0516503 -0.396802 0.400149 -1.70023
0.0957391 -0.0541666 0.191765 0.633789 0.662165 1.27698
0.109059 -0.0143579 0.0352963 -0.685572 0.68648 -1.51936
# x y Real Imaginary Modulus Phase <-> f = 0 s = 2
0.0429804 0.101256 0.881595 -0.0764932 0.884907 -0.0865501
0.00191976 0.109983 -0.528076 0.180197 0.557974 2.81275
-0.0394205 0.102694 0.187122 -0.171605 0.253895 -0.742169
-0.0750198 0.0804489 -0.0409517 0.0959704 0.104343 1.97412
-0.0996939 0.046488 0.00277038 -0.0446123 0.0446982 -1.50878
-0.109849 0.00575696 0.00828397 0.0108578 0.0136571 0.919058
-0.104007 -0.0358125 -0.0121187 6.49701e-05 0.0121189 3.13623
-0.0830181 -0.0721665 0.0168371 0.0106284 0.0199111 0.56308
-0.049939 -0.0980107 -0.00140309 0.00880017 0.00891132 1.7289
-0.00958713 -0.109581 0.00355637 0.0123412 0.0128434 1.29023
0.0321609 -0.105194 0.00793735 -0.0572255 0.0577733 -1.43297
0.0692252 -0.0854861 0.00400541 0.175085 0.175131 1.54792
0.0962082 -0.0533291 -0.0835166 -0.363056 0.372538 -1.7969
0.10918 -0.0134056 0.100045 0.571983 0.580666 1.39764
0.106252 0.0284701 0.0977239 -0.779399 0.785502 -1.44606
# x y Real Imaginary Modulus Phase <-> f = 0 s = 3
0.000959919 0.109996 0.91078 0.010206 0.910837 0.0112053
-0.0403151 0.102346 -0.481827 0.189203 0.517644 2.76741
-0.075719 0.0797912 0.17396 -0.163395 0.238663 -0.754091
-0.100096 0.0456163 -0.0457983 0.0985416 0.108664 2.00586
-0.109895 0.00479813 0.00246431 -0.0435811 0.0436507 -1.51431
-0.103691 -0.0367188 0.00496285 0.0197406 0.0203549 1.3245
-0.0823851 -0.0728882 -0.00642485 -0.00474122 0.00798485 -2.50585
-0.0490818 -0.0984428 0.0117601 0.000846834 0.0117906 0.071885
-0.0086305 -0.109661 -0.000977084 0.000434196 0.00106921 2.72342
0.0330776 -0.104909 -0.00861 0.0129482 0.0155495 2.15761
0.0699686 -0.0848787 0.00356072 -0.0707939 0.0708834 -1.52054
0.0966699 -0.0524875 0.0412478 0.152363 0.157848 1.30641
0.109293 -0.0124524 -0.0777988 -0.283406 0.29389 -1.83871
0.105999 0.0293962 0.0408338 0.52664 0.528221 1.49341
0.0872689 0.0669638 0.155001 -0.794522 0.8095 -1.37813
# x y Real Imaginary Modulus Phase <-> f = 0 s = 4
-0.0412067 0.10199 0.889093 -0.00387014 0.889101 -0.00435288
-0.0764124 0.0791274 -0.480037 0.170038 0.509263 2.80116
-0.10049 0.044741 0.198848 -0.166481 0.259338 -0.697032
-0.109933 0.00383894 -0.0646935 0.102922 0.121566 2.13196
-0.103366 -0.0376222 0.0244085 -0.0489511 0.054699 -1.10825
-0.0817459 -0.0736044 -0.0104587 0.0163559 0.0194139 2.13972
-0.0482208 -0.0988673 0.00112415 -0.000502494 0.00123135 -0.420356
-0.00767321 -0.109732 0.00875508 -0.00405617 0.00964904 -0.433853
0.0339919 -0.104616 -0.00176048 -0.00159102 0.0023729 -2.40671
0.0707066 -0.0842649 0.00577503 0.0200549 0.0208698 1.29042
0.0971242 -0.0516419 -0.0265919 -0.0441886 0.0515729 -2.11253
0.109397 -0.0114981 0.049766 0.0924996 0.105037 1.0772
0.105739 0.0303201 -0.0661091 -0.211727 0.221808 -1.87344
0.0866812 0.0677228 0.00637132 0.44102 0.441066 1.55635
0.055 0.0952628 0.236113 -0.743979 0.780547 -1.26349
# x y Real Imaginary Modulus Phase <-> f = 0 s = 5
-0.0771 0.0784575 0.911432 -0.0183325 0.911616 -0.0201112
-0.100877 0.0438624 -0.554855 0.214497 0.594872 2.77271
-0.109962 0.00287946 0.263721 -0.20525 0.33418 -0.661359
-0.103034 -0.0385228 -0.127178 0.115453 0.171766 2.40448
-0.0811005 -0.0743149 0.0580114 -0.0427976 0.0720899 -0.635611
-0.0473562 -0.0992844 -0.0186986 0.0078355 0.0202739 2.74478
-0.00671534 -0.109795 -0.000627608 -0.00149506 0.00162145 -1.96824
0.0349035 -0.104316 0.0142286 0.00128255 0.0142863 0.0898959
0.0714393 -0.0836447 -0.0103787 -0.00155668 0.0104948 -2.99271
0.0975712 -0.0507923 0.0178068 0.00540444 0.0186089 0.294669
0.109494 -0.010543 -0.0282837 -0.020408 0.0348777 -2.51655
0.10547 0.0312417 0.0580792 0.0628904 0.0856061 0.825149
0.0860869 0.0684766 -0.0817082 -0.173255 0.191556 -2.01147
0.0541666 0.0957391 0.0322094 0.402251 0.403538 1.49089
0.0143579 0.109059 0.208818 -0.725018 0.754491 -1.29037
# x y Real Imaginary Modulus Phase <-> f = 0 s = 6
-0.101256 0.0429804 0.848319 -0.0498141 0.84978 -0.0586536
-0.109983 0.00191976 -0.560964 0.308369 0.640134 2.63897
-0.102694 -0.0394205 0.330198 -0.23437 0.40492 -0.617264
-0.0804489 -0.0750198 -0.149932 0.10158 0.181102 2.54612
-0.046488 -0.0996939 0.0497896 -0.0395472 0.0635845 -0.671247
-0.00575696 -0.109849 -0.00287516 0.0133204 0.0136272 1.78338
0.0358125 -0.104007 -0.00783863 0.00553994 0.0095987 2.52635
0.0721665 -0.0830181 0.0219723 0.0116612 0.024875 0.487923
0.0980107 -0.049939 -0.0153398 0.0115819 0.0192211 2.49488
0.109581 -0.00958713 0.00969736 -0.00285477 0.0101088 -0.286299
0.105194 0.0321609 -0.029339 -0.0108639 0.0312858 -2.78696
0.0854861 0.0692252 0.0596369 0.0494141 0.0774488 0.691928
0.0533291 0.0962082 -0.0825565 -0.156104 0.17659 -2.05726
0.0134056 0.10918 0.0256706 0.39159 0.392431 1.50534
-0.0284701 0.106252 0.239097 -0.750593 0.787755 -1.26241
# x y Real Imaginary Modulus Phase <-> f = 0 s = 7
-0.109996 0.000959919 0.766608 -0.0808871 0.770864 -0.105124
-0.102346 -0.0403151 -0.618981 0.360002 0.716058 2.61481
-0.0797912 -0.075719 0.355236 -0.201911 0.408608 -0.516849
-0.0456163 -0.100096 -0.121163 0.0918663 0.152052 2.49286
-0.00479813 -0.109895 0.0127802 -0.0398893 0.0418866 -1.26074
0.0367188 -0.103691 0.0059737 0.00533732 0.00801075 0.729195
0.0728882 -0.0823851 -0.0260989 0.0113134 0.0284455 2.73256
0.0984428 -0.0490818 0.0145345 0.0127866 0.0193584 0.721509
0.109661 -0.0086305 -0.0180168 0.0178108 0.0253344 2.36194
0.104909 0.0330776 0.00473951 -0.00492461 0.00683482 -0.804549
0.0848787 0.0699686 -0.0277426 -0.012 0.0302267 -2.73335
0.0524875 0.0966699 0.059102 0.0508897 0.0779924 0.710874
0.0124524 0.109293 -0.0788756 -0.174032 0.191072 -1.99633
-0.0293962 0.105999 0.00948611 0.46041 0.460508 1.5502
-0.0669638 0.0872689 0.157209 -0.773951 0.789756 -1.3704
# x y Real Imaginary Modulus Phase <-> f = 0 s = 8
-0.10199 -0.0412067 0.727885 -0.151379 0.74346 -0.205048
-0.0791274 -0.0764124 -0.627382 0.320284 0.704408 2.66957
-0.044741 -0.10049 0.259657 -0.175963 0.313663 -0.595585
-0.00383894 -0.109933 -0.0330549 0.0914813 0.09727 1.91753
0.0376222 -0.103366 -0.017533 -0.0270844 0.0322641 -2.1453
0.0736044 -0.0817459 0.0197891 -0.0104273 0.0223682 -0.484952
0.0988673 -0.0482208 -0.0396503 0.0137805 0.0419768 2.8071
0.109732 -0.00767321 0.00992458 0.0107971 0.0146654 0.82748
0.104616 0.0339919 -0.017116 0.0194266 0.0258911 2.29305
0.0842649 0.0707066 0.0109003 -0.006208 0.0125442 -0.51771
0.0516419 0.0971242 -0.0316388 -0.00902906 0.0329019 -2.8636
0.0114981 0.109397 0.0594777 0.0654544 0.0884414 0.833201
-0.0303201 0.105739 -0.0737289 -0.232607 0.244012 -1.87775
-0.0677228 0.0866812 0.0730209 0.528844 0.533861 1.43359
-0.0952628 0.055 0.0695226 -0.748147 0.75137 -1.47814
# x y Real Imaginary Modulus Phase <-> f = 0 s = 9
-0.0784575 -0.0771 0.870994 -0.0616969 0.873176 -0.0707169
-0.0438624 -0.100877 -0.503383 0.150979 0.525537 2.8502
-0.00287946 -0.109962 0.120689 -0.135945 0.181788 -0.844775
0.0385228 -0.103034 0.00914807 0.0587824 0.05949 1.41641
0.0743149 -0.0811005 -0.0226679 -0.00924686 0.0244814 -2.75427
0.0992844 -0.0473562 0.0215441 -0.0227173 0.0313085 -0.811898
0.109795 -0.00671534 -0.0368585 0.0115934 0.0386388 2.83685
0.104316 0.0349035 0.0134514 0.015918 0.0208404 0.869187
0.0836447 0.0714393 -0.0115969 0.0132766 0.0176283 2.28877
0.0507923 0.0975712 0.0160962 0.000892823 0.0161209 0.0554112
0.010543 0.109494 -0.0292007 -0.0252149 0.0385807 -2.42931
-0.0312417 0.10547 0.0428233 0.111355 0.119305 1.20367
-0.0684766 0.0860869 -0.0686107 -0.300207 0.307948 -1.79548
-0.0957391 0.0541666 0.0776949 0.602817 0.607803 1.44262
-0.109059 0.0143579 0.00152829 -0.796906 0.796907 -1.56888
# x y Real Imaginary Modulus Phase <-> f = 0 s = 10
-0.0429804 -0.101256 0.889276 0.143654 0.900804 0.160157
-0.00191976 -0.109983 -0.345608 0.113953 0.36391 2.8231
0.0394205 -0.102694 0.0755803 -0.115789 0.138273 -0.992496
0.0750198 -0.0804489 0.00474594 0.0581735 0.0583668 1.48939
0.0996939 -0.046488 -0.0191724 -0.0127915 0.0230479 -2.55323
0.109849 -0.00575696 0.0220461 -0.0101141 0.0242554 -0.430123
0.104007 0.0358125 -0.0262144 0.00640444 0.0269854 2.90198
0.0830181 0.0721665 0.0203573 0.0130097 0.0241593 0.568652
0.049939 0.0980107 -0.00832658 0.00243842 0.00867628 2.85671
0.00958713 0.109581 0.008848 0.00963597 0.013082 0.828002
-0.0321609 0.105194 -0.0109602 -0.0450139 0.046329 -1.80963
-0.0692252 0.0854861 0.0274857 0.128323 0.131234 1.35979
-0.0962082 0.0533291 -0.0327872 -0.304489 0.306249 -1.67806
-0.10918 0.0134056 0.0393971 0.601418 0.602707 1.50538
-0.106252 -0.0284701 0.125702 -0.790272 0.800207 -1.41306
# x y Real Imaginary Modulus Phase <-> f = 0 s = 11
-0.000959919 -0.109996 0.763508 0.219394 0.794404 0.279811
0.0403151 -0.102346 -0.315083 0.09446 0.328938 2.85032
0.075719 -0.0797912 0.0995512 -0.118216 0.154549 -0.870899
0.100096 -0.0456163 -0.0076129 0.0722662 0.0726661 1.67575
0.109895 -0.00479813 -0.00617707 -0.0359166 0.0364439 -1.74111
0.103691 0.0367188 0.00177116 0.0152183 0.015321 1.45493
0.0823851 0.0728882 -0.00482871 0.00142802 0.00503544 2.85405
0.0490818 0.0984428 0.0140957 0.00167738 0.0141952 0.118442
0.0086305 0.109661 -0.00221537 -0.000222502 0.00222652 -3.04149
-0.0330776 0.104909 0.00189935 0.00995192 0.0101315 1.38221
-0.0699686 0.0848787 -0.0108557 -0.0431877 0.0445312 -1.81706
-0.0966699 0.0524875 0.0265815 0.104247 0.107583 1.32113
-0.109293 0.0124524 -0.0509622 -0.234395 0.239871 -1.78488
-0.105999 -0.0293962 0.00240712 0.42176 0.421767 1.56509
-0.0872689 -0.0669638 0.296176 -0.66897 0.731602 -1.154
# x y Real Imaginary Modulus Phase <-> f = 0 s = 12
0.0412067 -0.10199 0.823792 0.205411 0.849015 0.244365
0.0764124 -0.0791274 -0.428671 0.102173 0.440679 2.90761
0.10049 -0.044741 0.178679 -0.151916 0.234531 -0.70462
0.109933 -0.00383894 -0.0778836 0.10145 0.127898 2.22553
0.103366 0.0376222 0.0384316 -0.0455308 0.0595822 -0.86975
0.0817459 0.0736044 -0.0170995 0.0124511 0.0211524 2.51222
0.0482208 0.0988673 0.003005 0.00025278 0.00301561 0.0839222
0.00767321 0.109732 0.00549441 -0.00196837 0.00583635 -0.344005
-0.0339919 0.104616 0.00122341 -0.00153116 0.00195989 -0.89666
-0.0707066 0.0842649 0.00673258 0.00625294 0.00918841 0.748478
-0.0971242 0.0516419 -0.0225546 -0.0171609 0.0283409 -2.49118
-0.109397 0.0114981 0.0565899 0.0454393 0.0725751 0.676542
-0.105739 -0.0303201 -0.080409 -0.112734 0.138472 -2.19037
-0.0866812 -0.0677228 0.0277657 0.280832 0.282201 1.47225
-0.055 -0.0952628 0.282477 -0.505367 0.578955 -1.0611
# x y Real Imaginary Modulus Phase <-> f = 0 s = 13
0.0771 -0.0784575 0.950861 0.0369032 0.951577 0.0387908
0.100877 -0.0438624 -0.579928 0.238119 0.626911 2.75198
0.109962 -0.00287946 0.336194 -0.223312 0.403602 -0.586318
0.103034 0.0385228 -0.183084 0.104926 0.211019 2.62119
0.0811005 0.0743149 0.0850199 -0.0307257 0.0904016 -0.346789
0.0473562 0.0992844 -0.0348737 7.48145e-05 0.0348738 3.13945
0.00671534 0.109795 0.00695265 -0.00153152 0.00711933 -0.216816
-0.0349035 0.104316 0.00564539 0.00238932 0.00613019 0.400374
-0.0714393 0.0836447 0.00336105 0.0107715 0.0112837 1.26834
-0.0975712 0.0507923 0.000187808 -0.00668356 0.0066862 -1.5427
-0.109494 0.010543 -0.0218047 0.00668174 0.0228055 2.84424
-0.10547 -0.0312417 0.048557 0.0011398 0.0485704 0.0234691
-0.0860869 -0.0684766 -0.0725903 -0.0700157 0.100854 -2.37425
-0.0541666 -0.0957391 0.0248123 0.235308 0.236613 1.46574
-0.0143579 -0.109059 0.310261 -0.529168 0.613417 -1.0405
# x y Real Imaginary Modulus Phase <-> f = 0 s = 14
0.101256 -0.0429804 0.739962 -0.0947997 0.74601 -0.12742
0.109983 -0.00191976 -0.576804 0.452051 0.732839 2.47686
0.102694 0.0394205 0.417601 -0.305978 0.5177 -0.63234
0.0804489 0.0750198 -0.21292 0.120718 0.244761 2.62582
0.046488 0.0996939 0.0907233 -0.0476817 0.10249 -0.483896
0.00575696 0.109849 -0.0241796 0.0195918 0.0311206 2.46063
-0.0358125 0.104007 -0.000571149 -0.00861137 0.00863029 -1.63702
-0.0721665 0.0830181 0.0119887 0.0111056 0.0163421 0.747178
-0.0980107 0.049939 -0.00874095 0.0224181 0.0240619 1.94257
-0.109581 0.00958713 -0.00559108 -0.02365 0.0243019 -1.80294
-0.105194 -0.0321609 -0.0078467 0.0188321 0.0204014 1.96559
-0.0854861 -0.0692252 0.0370865 0.000783455 0.0370948 0.0211219
-0.0533291 -0.0962082 -0.0694783 -0.0786919 0.104975 -2.29409
-0.0134056 -0.10918 -0.00259718 0.308724 0.308735 1.57921
0.0284701 -0.106252 0.311537 -0.726875 0.790824 -1.16588
# x y Real Imaginary Modulus Phase <-> f = 0 s = 15
0.109996 -0.000959919 0.658263 0.00869108 0.65832 0.0132023
0.102346 0.0403151 -0.529755 0.442508 0.690256 2.44569
0.0797912 0.075719 0.355455 -0.284626 0.455368 -0.67519
0.0456163 0.100096 -0.155381 0.134982 0.205824 2.42633
0.00479813 0.109895 0.0414422 -0.0556335 0.0693725 -0.930558
-0.0367188 0.103691 -0.000385722 0.0217377 0.0217411 1.58854
-0.0728882 0.0823851 -0.0122879 -0.00223115 0.0124888 -2.96198
-0.0984428 0.0490818 0.00917247 0.0131739 0.0160526 0.962584
-0.109661 0.0086305 -0.0196761 0.0270546 0.033453 2.19959
-0.104909 -0.0330776 -0.00992784 -0.0350458 0.0364249 -1.84685
-0.0848787 -0.0699686 -0.00726587 0.0167651 0.0182719 1.97975
-0.0524875 -0.0966699 0.0517333 0.0129661 0.0533334 0.245575
-0.0124524 -0.109293 -0.0745371 -0.146218 0.16412 -2.04223
0.0293962 -0.105999 0.00411183 0.47969 0.479708 1.56222
0.0669638 -0.0872689 0.0700985 -0.789189 0.792296 -1.48221
