# x y Real Imaginary Modulus Phase <-> f = 0 s = 0
0.10199 0.0412067 0.727645 -0.0381196 0.728643 -0.0523398
0.0791274 0.0764124 -0.571043 0.330834 0.659955 2.6165
0.044741 0.10049 0.296796 -0.228546 0.374595 -0.656206
0.00383894 0.109933 -0.0978401 0.106619 0.144708 2.31328
-0.0376222 0.103366 0.0161461 -0.0491308 0.0517159 -1.25328
-0.0736044 0.0817459 0.00155539 0.0143299 0.0144141 1.46268
-0.0988673 0.0482208 -0.0214264 0.00824805 0.0229591 2.77413
-0.109732 0.00767321 0.00441502 0.0101136 0.0110353 1.15919
-0.104616 -0.0339919 -0.0196718 0.0183686 0.0269144 2.39044
-0.0842649 -0.0707066 0.00850065 -0.030214 0.031387 -1.29654
-0.0516419 -0.0971242 -0.0249724 0.00369477 0.0252442 2.9947
-0.0114981 -0.109397 0.0548855 0.0672965 0.0868403 0.886629
0.0303201 -0.105739 -0.0511166 -0.284615 0.289169 -1.7485
0.0677228 -0.0866812 0.131985 0.644876 0.658244 1.36892
0.0952628 -0.055 -0.0146506 -0.634972 0.635141 -1.59387
# x y Real Imaginary Modulus Phase <-> f = 0 s = 1
0.0784575 0.0771 0.81868 -0.0853112 0.823113 -0.103831
0.0438624 0.100877 -0.578099 0.271047 0.638486 2.70317
0.00287946 0.109962 0.239147 -0.174299 0.295925 -0.629818
-0.0385228 0.103034 -0.0588534 0.103327 0.118913 2.08855
-0.0743149 0.0811005 0.00415053 -0.0442934 0.0444874 -1.47736
-0.0992844 0.0473562 0.000662261 0.0133498 0.0133662 1.52123
-0.109795 0.00671534 -0.0216895 0.00999944 0.0238835 2.70961
-0.104316 -0.0349035 0.00836345 0.0139933 0.0163021 1.03209
-0.0836447 -0.0714393 -0.0182701 0.0155912 0.0240184 2.43514
-0.0507923 -0.0975712 0.00905608 -0.00464038 0.0101757 -0.473522
-0.010543 -0.109494 -0.0248372 -0.0336362 0.0418124 -2.20684
0.0312417 -0.10547 0.0127431 0.143667 0.144231 1.48233
0.0684766 -0.0860869 -0.0537251 -0.395864 0.399493 -1.70569
0.0957391 -0.0541666 0.191058 0.635119 0.663234 1.27859
0.109059 -0.0143579 0.0299736 -0.686072 0.686726 -1.52714
# x y Real Imaginary Modulus Phase <-> f = 0 s = 2
0.0429804 0.101256 0.8736 -0.0829588 0.87753 -0.0946781
0.00191976 0.109983 -0.528493 0.185741 0.560183 2.80362
-0.0394205 0.102694 0.188842 -0.17712 0.258907 -0.753378
-0.0750198 0.0804489 -0.0408211 0.0988843 0.106979 1.9623
-0.0996939 0.046488 0.00199509 -0.046814 0.0468565 -1.5282
-0.109849 0.00575696 0.00670004 0.0126198 0.0142881 1.08272
-0.104007 -0.0358125 -0.0135562 0.00158832 0.0136489 3.02496
-0.0830181 -0.0721665 0.0146109 0.0129406 0.0195176 0.724848
-0.049939 -0.0980107 -0.0062142 0.00824642 0.0103257 2.21657
-0.00958713 -0.109581 0.00478642 0.0119813 0.012902 1.19073
0.0321609 -0.105194 0.00929468 -0.0573001 0.0580491 -1.40999
0.0692252 -0.0854861 0.00662425 0.177975 0.178098 1.53359
0.0962082 -0.0533291 -0.0857014 -0.361896 0.371905 -1.80332
0.10918 -0.0134056 0.102753 0.570148 0.579333 1.39249
0.106252 0.0284701 0.10009 -0.776129 0.782556 -1.44254
# x y Real Imaginary Modulus Phase <-> f = 0 s = 3
0.000959919 0.109996 0.906487 0.00821127 0.906524 0.0090581
-0.0403151 0.102346 -0.483079 0.198277 0.522187 2.75212
-0.075719 0.0797912 0.176487 -0.166995 0.242971 -0.757771
-0.100096 0.0456163 -0.0481085 0.100751 0.111648 2.01628
-0.109895 0.00479813 0.00281693 -0.0440747 0.0441646 -1.50697
-0.103691 -0.0367188 0.00463983 0.0190666 0.019623 1.33209
-0.0823851 -0.0728882 -0.00720757 -0.00582898 0.00926963 -2.46155
-0.0490818 -0.0984428 0.0108662 0.0032777 0.0113498 0.292962
-0.0086305 -0.109661 -0.00259145 0.000175848 0.00259741 3.07384
0.0330776 -0.104909 -0.00653407 0.0104053 0.0122868 2.13152
0.0699686 -0.0848787 0.00661708 -0.07056 0.0708696 -1.47729
0.0966699 -0.0524875 0.0396798 0.155135 0.160129 1.32039
0.109293 -0.0124524 -0.0811987 -0.289302 0.300481 -1.84443
0.105999 0.0293962 0.0464317 0.528966 0.531 1.48324
0.0872689 0.0669638 0.144846 -0.79263 0.805756 -1.39005
# x y Real Imaginary Modulus Phase <-> f = 0 s = 4
-0.0412067 0.10199 0.883898 -0.0118356 0.883977 -0.0133894
-0.0764124 0.0791274 -0.482166 0.175221 0.513017 2.79303
-0.10049 0.044741 0.203721 -0.170735 0.265806 -0.697535
-0.109933 0.00383894 -0.0667071 0.103118 0.122814 2.14499
-0.103366 -0.0376222 0.0242815 -0.0472738 0.0531451 -1.0963
-0.0817459 -0.0736044 -0.00951116 0.0161064 0.018705 2.10422
-0.0482208 -0.0988673 -9.43829e-05 -0.000932643 0.000937407 -1.67165
-0.00767321 -0.109732 0.00921243 -0.00209498 0.00944764 -0.223605
0.0339919 -0.104616 -0.00274389 -0.00125093 0.00301559 -2.71385
0.0707066 -0.0842649 0.00609023 0.0182839 0.0192715 1.24926
0.0971242 -0.0516419 -0.0239502 -0.0417652 0.048145 -2.09146
0.109397 -0.0114981 0.0476675 0.0952002 0.106467 1.10658
0.105739 0.0303201 -0.0661658 -0.214569 0.224539 -1.86991
0.0866812 0.0677228 0.0106978 0.443846 0.443975 1.5467
0.055 0.0952628 0.229638 -0.741807 0.776538 -1.27059
# x y Real Imaginary Modulus Phase <-> f = 0 s = 5
-0.0771 0.0784575 0.907443 -0.0247857 0.907781 -0.027307
-0.100877 0.0438624 -0.559621 0.225222 0.603242 2.75897
-0.109962 0.00287946 0.265832 -0.210827 0.339286 -0.670509
-0.103034 -0.0385228 -0.129775 0.117445 0.175028 2.40603
-0.0811005 -0.0743149 0.0598131 -0.0417523 0.0729442 -0.609413
-0.0473562 -0.0992844 -0.0165287 0.0062385 0.0176668 2.78069
-0.00671534 -0.109795 -0.00152543 -0.00200943 0.00252284 -2.22012
0.0349035 -0.104316 0.012638 0.00380508 0.0131984 0.29245
0.0714393 -0.0836447 -0.0117969 -0.00155207 0.0118986 -3.01078
0.0975712 -0.0507923 0.0165919 0.00428241 0.0171356 0.25259
0.109494 -0.010543 -0.0287139 -0.0215848 0.035922 -2.49699
0.10547 0.0312417 0.0587843 0.0643822 0.0871818 0.830817
0.0860869 0.0684766 -0.0855502 -0.176694 0.196315 -2.0217
0.0541666 0.0957391 0.0386637 0.407219 0.40905 1.47613
0.0143579 0.109059 0.198601 -0.726979 0.753618 -1.30412
# x y Real Imaginary Modulus Phase <-> f = 0 s = 6
-0.101256 0.0429804 0.846972 -0.0506859 0.848487 -0.0597724
-0.109983 0.00191976 -0.553655 0.306889 0.63302 2.63546
-0.102694 -0.0394205 0.326492 -0.236396 0.403088 -0.626684
-0.0804489 -0.0750198 -0.150338 0.105588 0.183713 2.5293
-0.046488 -0.0996939 0.0523709 -0.0383939 0.0649369 -0.632607
-0.00575696 -0.109849 -0.00199168 0.0132917 0.0134401 1.71953
0.0358125 -0.104007 -0.0110284 0.00327442 0.0115042 2.85297
0.0721665 -0.0830181 0.0178034 0.0136839 0.0224546 0.655307
0.0980107 -0.049939 -0.016157 0.0124493 0.0203969 2.48509
0.109581 -0.00958713 0.0078775 -0.00146987 0.00801346 -0.18447
0.105194 0.0321609 -0.0310531 -0.0121129 0.0333319 -2.76968
0.0854861 0.0692252 0.0625137 0.0510697 0.0807222 0.684983
0.0533291 0.0962082 -0.0843806 -0.158627 0.179674 -2.05967
0.0134056 0.10918 0.0290476 0.395493 0.396558 1.49748
-0.0284701 0.106252 0.23414 -0.753506 0.789046 -1.26952
# x y Real Imaginary Modulus Phase <-> f = 0 s = 7
-0.109996 0.000959919 0.765204 -0.0800645 0.769381 -0.104252
-0.102346 -0.0403151 -0.618112 0.359559 0.715084 2.61473
-0.0797912 -0.075719 0.352048 -0.204322 0.407045 -0.525869
-0.0456163 -0.100096 -0.12293 0.0944676 0.155035 2.48638
-0.00479813 -0.109895 0.0111122 -0.0423111 0.043746 -1.31397
0.0367188 -0.103691 0.00903557 0.00665506 0.0112219 0.634831
0.0728882 -0.0823851 -0.0280071 0.00331952 0.0282031 3.02362
0.0984428 -0.0490818 0.0111041 0.0109159 0.0155711 0.776852
0.109661 -0.0086305 -0.0192902 0.0200049 0.0277904 2.33801
0.104909 0.0330776 0.00250763 -0.0010255 0.00270922 -0.3882
0.0848787 0.0699686 -0.0309708 -0.0127444 0.0334904 -2.75121
0.0524875 0.0966699 0.0598815 0.0524197 0.079584 0.719051
0.0124524 0.109293 -0.0798775 -0.178817 0.195847 -1.9909
-0.0293962 0.105999 0.0126671 0.469747 0.469918 1.54384
-0.0669638 0.0872689 0.151073 -0.773129 0.787751 -1.37782
# x y Real Imaginary Modulus Phase <-> f = 0 s = 8
-0.10199 -0.0412067 0.719347 -0.150529 0.734928 -0.206281
-0.0791274 -0.0764124 -0.622124 0.327519 0.70307 2.65701
-0.044741 -0.10049 0.262563 -0.180766 0.318772 -0.602944
-0.00383894 -0.109933 -0.0303654 0.0934845 0.0982925 1.88486
0.0376222 -0.103366 -0.0208464 -0.0286022 0.0353929 -2.20062
0.0736044 -0.0817459 0.0269242 -0.00710079 0.0278448 -0.257861
0.0988673 -0.0482208 -0.0366132 0.0028959 0.0367275 3.06266
0.109732 -0.00767321 0.00818094 0.00767194 0.0112155 0.753301
0.104616 0.0339919 -0.0194276 0.0217378 0.0291541 2.30013
0.0842649 0.0707066 0.00941563 -0.00372301 0.010125 -0.376541
0.0516419 0.0971242 -0.0321808 -0.00948082 0.0335483 -2.85509
0.0114981 0.109397 0.058902 0.0665994 0.0889096 0.846655
-0.0303201 0.105739 -0.0750384 -0.237395 0.248972 -1.87695
-0.0677228 0.0866812 0.0798764 0.52518 0.53122 1.41986
-0.0952628 0.055 0.0706669 -0.748191 0.751521 -1.47663
# x y Real Imaginary Modulus Phase <-> f = 0 s = 9
-0.0784575 -0.0771 0.863445 -0.0576985 0.865371 -0.0667244
-0.0438624 -0.100877 -0.504856 0.157693 0.528911 2.83884
-0.00287946 -0.109962 0.117736 -0.13819 0.181544 -0.86515
0.0385228 -0.103034 0.0123908 0.0627823 0.0639934 1.37594
0.0743149 -0.0811005 -0.0259362 -0.00979393 0.0277238 -2.78053
0.0992844 -0.0473562 0.0317624 -0.0182348 0.0366246 -0.521158
0.109795 -0.00671534 -0.0332934 0.00134264 0.0333205 3.10129
0.104316 0.0349035 0.0106919 0.0132506 0.0170263 0.891863
0.0836447 0.0714393 -0.0132102 0.0148809 0.0198985 2.29679
0.0507923 0.0975712 0.0155267 0.000333514 0.0155303 0.0214767
0.010543 0.109494 -0.0289224 -0.0245914 0.0379637 -2.43695
-0.0312417 0.10547 0.0414636 0.114354 0.121639 1.22295
-0.0684766 0.0860869 -0.0724415 -0.300452 0.309062 -1.80739
-0.0957391 0.0541666 0.0771691 0.601526 0.606456 1.4432
-0.109059 0.0143579 -0.0023073 -0.796647 0.79665 -1.57369
# x y Real Imaginary Modulus Phase <-> f = 0 s = 10
-0.0429804 -0.101256 0.889182 0.130554 0.898715 0.145783
-0.00191976 -0.109983 -0.348745 0.119704 0.368717 2.81095
0.0394205 -0.102694 0.0765943 -0.119113 0.141614 -0.99933
0.0750198 -0.0804489 0.00646355 0.0574388 0.0578013 1.45874
0.0996939 -0.046488 -0.0228258 -0.0114892 0.0255542 -2.67527
0.109849 -0.00575696 0.0289454 -0.00590526 0.0295416 -0.201252
0.104007 0.0358125 -0.026775 -0.0025109 0.0268925 -3.04809
0.0830181 0.0721665 0.0159056 0.0147334 0.0216809 0.747158
0.049939 0.0980107 -0.00873458 0.00246206 0.00907495 2.86685
0.00958713 0.109581 0.00870261 0.00873008 0.0123268 0.786974
-0.0321609 0.105194 -0.0091209 -0.0447283 0.0456488 -1.77196
-0.0692252 0.0854861 0.0289915 0.131563 0.134719 1.3539
-0.0962082 0.0533291 -0.0373719 -0.30439 0.306676 -1.69296
-0.10918 0.0134056 0.0442792 0.603069 0.604692 1.4975
-0.106252 -0.0284701 0.123119 -0.781427 0.791067 -1.41452
# x y Real Imaginary Modulus Phase <-> f = 0 s = 11
-0.000959919 -0.109996 0.767524 0.208706 0.795394 0.265502
0.0403151 -0.102346 -0.320649 0.0979865 0.335287 2.84502
0.075719 -0.0797912 0.0987269 -0.119988 0.155384 -0.882303
0.100096 -0.0456163 -0.00562512 0.0751531 0.0753633 1.64551
0.109895 -0.00479813 -0.00864146 -0.0374044 0.0383896 -1.79784
0.103691 0.0367188 0.0034223 0.0164862 0.0168377 1.36612
0.0823851 0.0728882 -0.00694256 -0.00128174 0.00705989 -2.95903
0.0490818 0.0984428 0.0119131 0.00481293 0.0128486 0.383953
0.0086305 0.109661 -0.00310117 -2.57397e-05 0.00310128 -3.13329
-0.0330776 0.104909 0.00296651 0.00852302 0.00902453 1.23585
-0.0699686 0.0848787 -0.00813763 -0.0434142 0.0441703 -1.75609
-0.0966699 0.0524875 0.0271148 0.107098 0.110477 1.32283
-0.109293 0.0124524 -0.0523169 -0.237671 0.243361 -1.78746
-0.105999 -0.0293962 0.00726909 0.425872 0.425934 1.55373
-0.0872689 -0.0669638 0.288295 -0.676825 0.735667 -1.16812
# x y Real Imaginary Modulus Phase <-> f = 0 s = 12
0.0412067 -0.10199 0.823012 0.198246 0.846552 0.236376
0.0764124 -0.0791274 -0.425134 0.10407 0.437687 2.90152
0.10049 -0.044741 0.174785 -0.1539 0.232884 -0.721942
0.109933 -0.00383894 -0.0748783 0.103018 0.127356 2.19931
0.103366 0.0376222 0.036813 -0.0482461 0.0606868 -0.919011
0.0817459 0.0736044 -0.0169573 0.0132918 0.0215458 2.47678
0.0482208 0.0988673 0.0022559 -0.00148608 0.00270139 -0.582504
0.00767321 0.109732 0.00593321 -0.000359262 0.00594408 -0.0604772
-0.0339919 0.104616 -0.00019889 -0.000339882 0.000393798 -2.10024
-0.0707066 0.0842649 0.00781081 0.00494364 0.00924383 0.564276
-0.0971242 0.0516419 -0.0252903 -0.017268 0.0306232 -2.54251
-0.109397 0.0114981 0.0601345 0.0436936 0.0743323 0.628355
-0.105739 -0.0303201 -0.0842817 -0.111465 0.139742 -2.21821
-0.0866812 -0.0677228 0.0292708 0.283843 0.285348 1.46804
-0.055 -0.0952628 0.276016 -0.511804 0.581488 -1.07621
# x y Real Imaginary Modulus Phase <-> f = 0 s = 13
0.0771 -0.0784575 0.94901 0.0326876 0.949573 0.0344303
0.100877 -0.0438624 -0.578568 0.240029 0.626382 2.74834
0.109962 -0.00287946 0.337686 -0.22562 0.406123 -0.589019
0.103034 0.0385228 -0.18421 0.10604 0.212551 2.61927
0.0811005 0.0743149 0.0872571 -0.0298813 0.0922317 -0.329934
0.0473562 0.0992844 -0.031402 -0.00247913 0.0314997 -3.06281
0.00671534 0.109795 0.00557188 -0.00183026 0.00586478 -0.317378
-0.0349035 0.104316 0.00504779 0.00379253 0.00631375 0.644348
-0.0714393 0.0836447 -0.0018842 0.0111543 0.0113123 1.73814
-0.0975712 0.0507923 0.00391344 -0.00929301 0.0100834 -1.17222
-0.109494 0.010543 -0.025099 0.00928503 0.0267614 2.78727
-0.10547 -0.0312417 0.0519907 0.000968523 0.0519997 0.0186266
-0.0860869 -0.0684766 -0.073999 -0.0702398 0.102027 -2.38225
-0.0541666 -0.0957391 0.0259801 0.237921 0.239335 1.46203
-0.0143579 -0.109059 0.304338 -0.535629 0.616052 -1.0541
# x y Real Imaginary Modulus Phase <-> f = 0 s = 14
0.101256 -0.0429804 0.737081 -0.087567 0.742264 -0.118248
0.109983 -0.00191976 -0.571461 0.451767 0.728465 2.47264
0.102694 0.0394205 0.416584 -0.305376 0.516524 -0.632563
0.0804489 0.0750198 -0.21204 0.123831 0.245551 2.61302
0.046488 0.0996939 0.0927364 -0.045739 0.103403 -0.458205
0.00575696 0.109849 -0.0219305 0.0182953 0.0285598 2.44632
-0.0358125 0.104007 -0.00238798 -0.00940995 0.00970822 -1.81932
-0.0721665 0.0830181 0.0100983 0.0131655 0.0165923 0.916486
-0.0980107 0.049939 -0.0143584 0.0170604 0.0222985 2.27041
-0.109581 0.00958713 0.00271746 -0.0271503 0.027286 -1.47104
-0.105194 -0.0321609 -0.00954128 0.0239692 0.0257984 1.94963
-0.0854861 -0.0692252 0.0394435 -0.00323143 0.0395756 -0.081743
-0.0533291 -0.0962082 -0.0732187 -0.0784566 0.107315 -2.32167
-0.0134056 -0.10918 0.00266735 0.309498 0.309509 1.56218
0.0284701 -0.106252 0.310891 -0.729223 0.792729 -1.1678
# x y Real Imaginary Modulus Phase <-> f = 0 s = 15
0.109996 -0.000959919 0.658971 0.0162317 0.659171 0.0246269
0.102346 0.0403151 -0.531658 0.443416 0.692299 2.44645
0.0797912 0.075719 0.353413 -0.284669 0.453803 -0.678077
0.0456163 0.100096 -0.158501 0.135479 0.208512 2.43435
0.00479813 0.109895 0.0423665 -0.0514205 0.0666257 -0.881638
-0.0367188 0.103691 -0.000667948 0.020716 0.0207268 1.60303
-0.0728882 0.0823851 -0.0136359 -0.00159937 0.0137294 -3.02484
-0.0984428 0.0490818 0.00747145 0.0133451 0.0152943 1.06041
-0.109661 0.0086305 -0.021148 0.0178436 0.0276701 2.44074
-0.104909 -0.0330776 0.00214535 -0.0377683 0.0378292 -1.51405
-0.0848787 -0.0699686 -0.00899764 0.0229576 0.0246578 1.94432
-0.0524875 -0.0966699 0.0537875 0.0134971 0.0554551 0.245857
-0.0124524 -0.109293 -0.0778566 -0.145984 0.165448 -2.06075
0.0293962 -0.105999 0.00387235 0.479553 0.479569 1.56272
0.0669638 -0.0872689 0.0698332 -0.782152 0.785263 -1.48175
