# x y Real Imaginary Modulus Phase <-> f = 0 s = 0
0.10199 0.0412067 0.731859 -0.0330105 0.732603 -0.0450744
0.0791274 0.0764124 -0.566654 0.327553 0.654513 2.61747
0.044741 0.10049 0.291263 -0.231849 0.372274 -0.672305
0.00383894 0.109933 -0.0959725 0.110784 0.146574 2.28468
-0.0376222 0.103366 0.0147676 -0.0512591 0.053344 -1.2903
-0.0736044 0.0817459 0.00187103 0.0155452 0.0156574 1.45101
-0.0988673 0.0482208 -0.0225707 0.0104843 0.0248869 2.70674
-0.109732 0.00767321 0.00534499 0.0110836 0.0123051 1.12145
-0.104616 -0.0339919 -0.0214953 0.0188783 0.0286084 2.42092
-0.0842649 -0.0707066 0.0102148 -0.0344053 0.0358896 -1.28219
-0.0516419 -0.0971242 -0.0256054 0.00680434 0.0264941 2.88186
-0.0114981 -0.109397 0.0568221 0.0668564 0.0877413 0.866353
0.0303201 -0.105739 -0.0553732 -0.282984 0.288351 -1.76403
0.0677228 -0.0866812 0.132433 0.637997 0.651597 1.36613
0.0952628 -0.055 -0.00675113 -0.637752 0.637788 -1.58138
# x y Real Imaginary Modulus Phase <-> f = 0 s = 1
0.0784575 0.0771 0.815855 -0.0805027 0.819817 -0.0983544
0.0438624 0.100877 -0.570377 0.276485 0.633856 2.69023
0.00287946 0.109962 0.236048 -0.181465 0.297738 -0.655402
-0.0385228 0.103034 -0.0563708 0.107729 0.121586 2.05288
-0.0743149 0.0811005 0.00208713 -0.0464174 0.0464643 -1.52586
-0.0992844 0.0473562 0.00113714 0.0155061 0.0155477 1.49759
-0.109795 0.00671534 -0.0230297 0.0122071 0.0260649 2.65419
-0.104316 -0.0349035 0.00936617 0.0150436 0.017721 1.01392
-0.0836447 -0.0714393 -0.0209341 0.0165294 0.0266732 2.47323
-0.0507923 -0.0975712 0.00951039 -0.0063033 0.0114096 -0.585307
-0.010543 -0.109494 -0.0262658 -0.0339796 0.0429477 -2.22885
0.0312417 -0.10547 0.0161529 0.143666 0.144571 1.45883
0.0684766 -0.0860869 -0.0571171 -0.392753 0.396884 -1.71521
0.0957391 -0.0541666 0.190321 0.630033 0.658152 1.27743
0.109059 -0.0143579 0.0360378 -0.684118 0.685067 -1.51817
# x y Real Imaginary Modulus Phase <-> f = 0 s = 2
0.0429804 0.101256 0.859646 -0.0827609 0.863621 -0.0959774
0.00191976 0.109983 -0.521511 0.196386 0.557262 2.78145
-0.0394205 0.102694 0.183797 -0.184482 0.260413 -0.787258
-0.0750198 0.0804489 -0.0372896 0.10263 0.109194 1.91931
-0.0996939 0.046488 -0.000221932 -0.0487242 0.0487247 -1.57535
-0.109849 0.00575696 0.00713896 0.0135274 0.0152956 1.0852
-0.104007 -0.0358125 -0.0142639 0.00278142 0.0145326 2.94901
-0.0830181 -0.0721665 0.0160695 0.0140446 0.021342 0.718258
-0.049939 -0.0980107 -0.00731638 0.0101944 0.0125481 2.19329
-0.00958713 -0.109581 0.00469466 0.0116409 0.0125519 1.18746
0.0321609 -0.105194 0.00785173 -0.0586071 0.0591307 -1.43762
0.0692252 -0.0854861 0.0101132 0.176551 0.17684 1.51358
0.0962082 -0.0533291 -0.0879797 -0.359152 0.369771 -1.81103
0.10918 -0.0134056 0.103027 0.564713 0.574034 1.39034
0.106252 0.0284701 0.102889 -0.771709 0.778538 -1.43825
# x y Real Imaginary Modulus Phase <-> f = 0 s = 3
0.000959919 0.109996 0.893212 -0.00130871 0.893213 -0.00146517
-0.0403151 0.102346 -0.476017 0.210259 0.520385 2.72566
-0.075719 0.0797912 0.172344 -0.17438 0.245175 -0.79127
-0.100096 0.0456163 -0.0454867 0.104877 0.114316 1.98003
-0.109895 0.00479813 0.00121 -0.0457406 0.0457566 -1.54435
-0.103691 -0.0367188 0.00537105 0.0194367 0.0201652 1.30119
-0.0823851 -0.0728882 -0.00801054 -0.00579357 0.00988606 -2.51544
-0.0490818 -0.0984428 0.0124205 0.00357258 0.0129241 0.280075
-0.0086305 -0.109661 -0.00306091 0.00130506 0.00332751 2.73857
0.0330776 -0.104909 -0.00684738 0.0101671 0.0122579 2.1635
0.0699686 -0.0848787 0.00443363 -0.0717525 0.0718893 -1.50908
0.0966699 -0.0524875 0.0428731 0.154911 0.160734 1.3008
0.109293 -0.0124524 -0.0867572 -0.286895 0.299726 -1.86445
0.105999 0.0293962 0.052802 0.525534 0.52818 1.47066
0.0872689 0.0669638 0.13688 -0.782219 0.794105 -1.39756
# x y Real Imaginary Modulus Phase <-> f = 0 s = 4
-0.0412067 0.10199 0.868723 -0.0246754 0.869073 -0.0283966
-0.0764124 0.0791274 -0.475461 0.186875 0.510867 2.7671
-0.10049 0.044741 0.199417 -0.17836 0.267543 -0.729717
-0.109933 0.00383894 -0.0642617 0.106802 0.124644 2.11246
-0.103366 -0.0376222 0.0235716 -0.0489149 0.0542981 -1.12174
-0.0817459 -0.0736044 -0.00918632 0.0167702 0.0191214 2.07193
-0.0482208 -0.0988673 -0.000693792 -0.000445502 0.000824512 -2.57077
-0.00767321 -0.109732 0.0104328 -0.00215618 0.0106533 -0.203804
0.0339919 -0.104616 -0.00334574 -0.00059861 0.00339887 -2.96455
0.0707066 -0.0842649 0.00708333 0.0186611 0.0199602 1.20802
0.0971242 -0.0516419 -0.0254787 -0.0415903 0.0487741 -2.12044
0.109397 -0.0114981 0.0512193 0.0955828 0.108441 1.07887
0.105739 0.0303201 -0.0722173 -0.214551 0.226379 -1.89548
0.0866812 0.0677228 0.0215532 0.442645 0.443169 1.52214
0.055 0.0952628 0.215158 -0.73645 0.767236 -1.28655
# x y Real Imaginary Modulus Phase <-> f = 0 s = 5
-0.0771 0.0784575 0.894634 -0.0293904 0.895117 -0.0328401
-0.100877 0.0438624 -0.551403 0.232639 0.59847 2.74235
-0.109962 0.00287946 0.260894 -0.216043 0.338733 -0.691634
-0.103034 -0.0385228 -0.12827 0.121313 0.17655 2.38406
-0.0811005 -0.0743149 0.059536 -0.0438901 0.0739654 -0.63526
-0.0473562 -0.0992844 -0.0169475 0.00640863 0.0181187 2.78007
-0.00671534 -0.109795 -0.00217109 -0.00151063 0.00264493 -2.5337
0.0349035 -0.104316 0.0142996 0.00448954 0.0149878 0.304217
0.0714393 -0.0836447 -0.0122611 -0.00103527 0.0123047 -3.05736
0.0975712 -0.0507923 0.017037 0.00396555 0.0174924 0.228689
0.109494 -0.010543 -0.030575 -0.0215323 0.0373961 -2.52802
0.10547 0.0312417 0.0624081 0.0637472 0.0892103 0.796012
0.0860869 0.0684766 -0.0931501 -0.175134 0.198365 -2.05962
0.0541666 0.0957391 0.0506625 0.4057 0.408851 1.44656
0.0143579 0.109059 0.180787 -0.72315 0.745406 -1.32582
# x y Real Imaginary Modulus Phase <-> f = 0 s = 6
-0.101256 0.0429804 0.839068 -0.0446758 0.840257 -0.0531943
-0.109983 0.00191976 -0.546454 0.306211 0.6264 2.63083
-0.102694 -0.0394205 0.321971 -0.23856 0.40072 -0.637675
-0.0804489 -0.0750198 -0.147517 0.107993 0.182822 2.50966
-0.046488 -0.0996939 0.0519349 -0.0408889 0.0660994 -0.666956
-0.00575696 -0.109849 -0.00156532 0.0134729 0.0135635 1.68646
0.0358125 -0.104007 -0.0131525 0.00421656 0.0138119 2.83135
0.0721665 -0.0830181 0.0192406 0.0154093 0.0246505 0.675274
0.0980107 -0.049939 -0.0161067 0.0139429 0.0213033 2.42808
0.109581 -0.00958713 0.00816946 -0.000811045 0.00820962 -0.0989534
0.105194 0.0321609 -0.0334188 -0.0112985 0.0352771 -2.81557
0.0854861 0.0692252 0.0667775 0.049541 0.0831477 0.638285
0.0533291 0.0962082 -0.0912289 -0.15755 0.182057 -2.09567
0.0134056 0.10918 0.04056 0.395062 0.397139 1.46849
-0.0284701 0.106252 0.221668 -0.747756 0.77992 -1.2826
# x y Real Imaginary Modulus Phase <-> f = 0 s = 7
-0.109996 0.000959919 0.764451 -0.0739693 0.768021 -0.096461
-0.102346 -0.0403151 -0.612601 0.357569 0.709321 2.61325
-0.0797912 -0.075719 0.348033 -0.206649 0.40476 -0.535821
-0.0456163 -0.100096 -0.120817 0.0977419 0.155403 2.46138
-0.00479813 -0.109895 0.00955445 -0.0445093 0.0455232 -1.35934
0.0367188 -0.103691 0.0111 0.00581887 0.0125327 0.482837
0.0728882 -0.0823851 -0.0312658 0.00265654 0.0313785 3.05683
0.0984428 -0.0490818 0.0116385 0.0120835 0.0167769 0.804155
0.109661 -0.0086305 -0.01984 0.0222674 0.0298239 2.29861
0.104909 0.0330776 0.00251293 0.000523853 0.00256695 0.20552
0.0848787 0.0699686 -0.0332205 -0.0115821 0.0351816 -2.80613
0.0524875 0.0966699 0.0634186 0.0513865 0.0816241 0.680975
0.0124524 0.109293 -0.0871323 -0.178374 0.198518 -2.02519
-0.0293962 0.105999 0.0226406 0.467701 0.468249 1.52243
-0.0669638 0.0872689 0.146717 -0.763374 0.777345 -1.38092
# x y Real Imaginary Modulus Phase <-> f = 0 s = 8
-0.10199 -0.0412067 0.720091 -0.141567 0.733875 -0.19412
-0.0791274 -0.0764124 -0.613322 0.327688 0.695373 2.6509
-0.044741 -0.10049 0.258258 -0.184965 0.317662 -0.621517
-0.00383894 -0.109933 -0.0267289 0.095713 0.0993751 1.84312
0.0376222 -0.103366 -0.0245525 -0.0271073 0.0365736 -2.30678
0.0736044 -0.0817459 0.0312255 -0.00804379 0.0322449 -0.252122
0.0988673 -0.0482208 -0.0394474 0.00128387 0.0394683 3.10906
0.109732 -0.00767321 0.00899824 0.00857486 0.0124297 0.76131
0.104616 0.0339919 -0.0201434 0.0240461 0.0313683 2.26811
0.0842649 0.0707066 0.00944992 -0.00329018 0.0100063 -0.335044
0.0516419 0.0971242 -0.0339076 -0.00886047 0.0350462 -2.886
0.0114981 0.109397 0.0625825 0.065961 0.0909254 0.811675
-0.0303201 0.105739 -0.0812696 -0.236212 0.249802 -1.90216
-0.0677228 0.0866812 0.0849059 0.519041 0.52594 1.40865
-0.0952628 0.055 0.0729296 -0.742309 0.745883 -1.47286
# x y Real Imaginary Modulus Phase <-> f = 0 s = 9
-0.0784575 -0.0771 0.858905 -0.0514369 0.860444 -0.0598152
-0.0438624 -0.100877 -0.499412 0.161584 0.524902 2.82867
-0.00287946 -0.109962 0.114153 -0.141913 0.182127 -0.893386
0.0385228 -0.103034 0.0152809 0.0619966 0.0638521 1.32913
0.0743149 -0.0811005 -0.0291921 -0.00715168 0.0300554 -2.90134
0.0992844 -0.0473562 0.0370723 -0.0198551 0.0420545 -0.491703
0.109795 -0.00671534 -0.0357503 -0.000477542 0.0357535 -3.12824
0.104316 0.0349035 0.0112841 0.0143747 0.0182747 0.905271
0.0836447 0.0714393 -0.0133611 0.0165237 0.0212497 2.25076
0.0507923 0.0975712 0.0160586 -1.80976e-05 0.0160586 -0.00112697
0.010543 0.109494 -0.0303944 -0.0243838 0.0389665 -2.46548
-0.0312417 0.10547 0.0446773 0.114822 0.123208 1.19972
-0.0684766 0.0860869 -0.0770502 -0.298212 0.308005 -1.82364
-0.0957391 0.0541666 0.0795751 0.596791 0.602073 1.43824
-0.109059 0.0143579 0.00212742 -0.79081 0.790813 -1.56811
# x y Real Imaginary Modulus Phase <-> f = 0 s = 10
-0.0429804 -0.101256 0.881812 0.128114 0.89107 0.144275
-0.00191976 -0.109983 -0.345483 0.124786 0.367328 2.79498
0.0394205 -0.102694 0.0732828 -0.120196 0.140774 -1.02328
0.0750198 -0.0804489 0.00864889 0.0552946 0.0559669 1.41564
0.0996939 -0.046488 -0.0254781 -0.00890106 0.0269882 -2.80549
0.109849 -0.00575696 0.0331892 -0.00714622 0.0339498 -0.21208
0.104007 0.0358125 -0.0299563 -0.00369595 0.0301834 -3.01883
0.0830181 0.0721665 0.0167399 0.0164445 0.0234658 0.776497
0.049939 0.0980107 -0.0088855 0.00286893 0.00933718 2.82928
0.00958713 0.109581 0.00904842 0.00865377 0.0125204 0.763108
-0.0321609 0.105194 -0.0104929 -0.0451411 0.0463446 -1.79919
-0.0692252 0.0854861 0.0326616 0.13071 0.134729 1.32593
-0.0962082 0.0533291 -0.0409967 -0.302284 0.305051 -1.7056
-0.10918 0.0134056 0.0492973 0.597935 0.599964 1.48854
-0.106252 -0.0284701 0.125071 -0.772972 0.783025 -1.41038
# x y Real Imaginary Modulus Phase <-> f = 0 s = 11
-0.000959919 -0.109996 0.765636 0.200273 0.791396 0.255845
0.0403151 -0.102346 -0.317362 0.102573 0.333526 2.82899
0.075719 -0.0797912 0.0967279 -0.121852 0.155577 -0.899838
0.100096 -0.0456163 -0.00325958 0.0755827 0.075653 1.6139
0.109895 -0.00479813 -0.0113111 -0.0369053 0.0385998 -1.8682
0.103691 0.0367188 0.00480284 0.0168942 0.0175636 1.29381
0.0823851 0.0728882 -0.00844541 -0.000817371 0.00848487 -3.04511
0.0490818 0.0984428 0.0135218 0.00587666 0.0147436 0.409979
0.0086305 0.109661 -0.00350495 0.000452531 0.00353404 3.01319
-0.0330776 0.104909 0.00310121 0.00850398 0.00905181 1.22111
-0.0699686 0.0848787 -0.0099056 -0.044478 0.0455677 -1.78993
-0.0966699 0.0524875 0.0304646 0.10692 0.111175 1.29322
-0.109293 0.0124524 -0.0569734 -0.23612 0.242896 -1.80756
-0.105999 -0.0293962 0.0124435 0.422457 0.42264 1.54135
-0.0872689 -0.0669638 0.281638 -0.671573 0.728238 -1.1737
# x y Real Imaginary Modulus Phase <-> f = 0 s = 12
0.0412067 -0.10199 0.818801 0.189939 0.840543 0.227941
0.0764124 -0.0791274 -0.423742 0.109289 0.437609 2.88918
0.10049 -0.044741 0.172218 -0.158032 0.233737 -0.742469
0.109933 -0.00383894 -0.0733267 0.106216 0.129068 2.17502
0.103366 0.0376222 0.0364241 -0.0507896 0.0625004 -0.948648
0.0817459 0.0736044 -0.0175811 0.0136325 0.0222473 2.48203
0.0482208 0.0988673 0.00154953 -0.00111246 0.00190751 -0.622661
0.00767321 0.109732 0.00677716 -0.000150476 0.00677883 -0.0221998
-0.0339919 0.104616 -0.000171182 0.000615457 0.00063882 1.84208
-0.0707066 0.0842649 0.00796992 0.00436131 0.00908519 0.500707
-0.0971242 0.0516419 -0.0269267 -0.0170571 0.0318746 -2.57693
-0.109397 0.0114981 0.063235 0.0416085 0.0756963 0.581977
-0.105739 -0.0303201 -0.088007 -0.109594 0.140556 -2.24738
-0.0866812 -0.0677228 0.0350813 0.282224 0.284396 1.44713
-0.055 -0.0952628 0.268309 -0.513421 0.579302 -1.08924
# x y Real Imaginary Modulus Phase <-> f = 0 s = 13
0.0771 -0.0784575 0.9431 0.0356987 0.943775 0.0378344
0.100877 -0.0438624 -0.571401 0.240096 0.619794 2.7438
0.109962 -0.00287946 0.333 -0.2288 0.404028 -0.602007
0.103034 0.0385228 -0.181977 0.109374 0.212317 2.60041
0.0811005 0.0743149 0.0874899 -0.0326868 0.0933965 -0.357548
0.0473562 0.0992844 -0.0325828 -0.00251891 0.03268 -3.06444
0.00671534 0.109795 0.00531228 -0.00152757 0.00552755 -0.28
-0.0349035 0.104316 0.0061579 0.00403018 0.00735949 0.579513
-0.0714393 0.0836447 -0.00279034 0.0134941 0.0137796 1.7747
-0.0975712 0.0507923 0.00417629 -0.0118434 0.0125582 -1.23178
-0.109494 0.010543 -0.0257964 0.0129879 0.0288815 2.67517
-0.10547 -0.0312417 0.0516764 -0.00227317 0.0517264 -0.0439602
-0.0860869 -0.0684766 -0.0755577 -0.067291 0.101178 -2.414
-0.0541666 -0.0957391 0.0304805 0.236157 0.238116 1.44244
-0.0143579 -0.109059 0.297787 -0.535946 0.613119 -1.06364
# x y Real Imaginary Modulus Phase <-> f = 0 s = 14
0.101256 -0.0429804 0.741689 -0.0794885 0.745936 -0.106765
0.109983 -0.00191976 -0.5671 0.445722 0.721298 2.47547
0.102694 0.0394205 0.411461 -0.305892 0.512709 -0.639282
0.0804489 0.0750198 -0.208919 0.125535 0.243734 2.60053
0.046488 0.0996939 0.0919198 -0.0485903 0.103972 -0.486278
0.00575696 0.109849 -0.0214742 0.0194867 0.0289978 2.40468
-0.0358125 0.104007 -0.003172 -0.00935753 0.00988053 -1.89762
-0.0721665 0.0830181 0.0118719 0.0142836 0.0185732 0.877344
-0.0980107 0.049939 -0.0168829 0.0185783 0.0251035 2.30842
-0.109581 0.00958713 0.00415725 -0.030947 0.031225 -1.43726
-0.105194 -0.0321609 -0.00861638 0.0288155 0.0300762 1.86135
-0.0854861 -0.0692252 0.0384735 -0.00727665 0.0391556 -0.186926
-0.0533291 -0.0962082 -0.0745759 -0.0769784 0.107179 -2.34034
-0.0134056 -0.10918 0.00591726 0.31003 0.310086 1.55171
0.0284701 -0.106252 0.307057 -0.724379 0.786771 -1.16987
# x y Real Imaginary Modulus Phase <-> f = 0 s = 15
0.109996 -0.000959919 0.667032 0.0166598 0.66724 0.0249708
0.102346 0.0403151 -0.528303 0.439084 0.686949 2.44816
0.0797912 0.075719 0.349234 -0.285222 0.450906 -0.684846
0.0456163 0.100096 -0.156339 0.138818 0.209075 2.41549
0.00479813 0.109895 0.0417987 -0.0530858 0.0675665 -0.903798
-0.0367188 0.103691 -0.000213544 0.0212264 0.0212275 1.58086
-0.0728882 0.0823851 -0.0141138 -0.000583142 0.0141258 -3.1003
-0.0984428 0.0490818 0.00853161 0.0143738 0.0167151 1.03513
-0.109661 0.0086305 -0.0232946 0.0184588 0.0297215 2.4715
-0.104909 -0.0330776 0.00440401 -0.0423296 0.0425581 -1.46713
-0.0848787 -0.0699686 -0.00763519 0.027562 0.0286 1.84104
-0.0524875 -0.0966699 0.0542294 0.0112289 0.0553797 0.204178
-0.0124524 -0.109293 -0.0809937 -0.145561 0.166577 -2.07856
0.0293962 -0.105999 0.00852858 0.475497 0.475573 1.55286
0.0669638 -0.0872689 0.0764645 -0.776636 0.780391 -1.47266
