# x y Real Imaginary Modulus Phase <-> f = 0 s = 0
0.10199 0.0412067 0.725948 -0.0427383 0.727205 -0.0588045
0.0791274 0.0764124 -0.578715 0.334377 0.66837 2.61766
0.044741 0.10049 0.303743 -0.21857 0.374209 -0.623752
0.00383894 0.109933 -0.0965877 0.100838 0.139633 2.33467
-0.0376222 0.103366 0.0154537 -0.0454324 0.0479887 -1.24293
-0.0736044 0.0817459 0.00385861 0.0125286 0.0131093 1.27203
-0.0988673 0.0482208 -0.0230016 0.000465654 0.0230063 3.12135
-0.109732 0.00767321 5.8947e-05 0.00736807 0.00736831 1.5628
-0.104616 -0.0339919 -0.0219096 0.0180363 0.0283785 2.45286
-0.0842649 -0.0707066 0.00920229 -0.032746 0.0340144 -1.29684
-0.0516419 -0.0971242 -0.0227663 0.00518974 0.0233503 2.91747
-0.0114981 -0.109397 0.0528099 0.0667239 0.0850939 0.901279
0.0303201 -0.105739 -0.0459185 -0.28263 0.286336 -1.73186
0.0677228 -0.0866812 0.126862 0.651148 0.663391 1.37838
0.0952628 -0.055 -0.0271293 -0.635939 0.636517 -1.61343
# x y Real Imaginary Modulus Phase <-> f = 0 s = 1
0.0784575 0.0771 0.822441 -0.0934022 0.827728 -0.113083
0.0438624 0.100877 -0.588898 0.25757 0.642762 2.72929
0.00287946 0.109962 0.238464 -0.163033 0.288868 -0.599689
-0.0385228 0.103034 -0.0580363 0.0953097 0.111589 2.11775
-0.0743149 0.0811005 0.00402251 -0.0401938 0.0403946 -1.47105
-0.0992844 0.0473562 0.00374821 0.0083917 0.00919074 1.15073
-0.109795 0.00671534 -0.0232121 0.00267752 0.023366 3.02675
-0.104316 -0.0349035 0.00304385 0.0119233 0.0123057 1.32085
-0.0836447 -0.0714393 -0.0203397 0.0158601 0.0257924 2.47932
-0.0507923 -0.0975712 0.00867102 -0.00757853 0.0115161 -0.718267
-0.010543 -0.109494 -0.0233779 -0.0329028 0.0403624 -2.18854
0.0312417 -0.10547 0.00944594 0.14132 0.141635 1.50405
0.0684766 -0.0860869 -0.0488692 -0.396651 0.39965 -1.69338
0.0957391 -0.0541666 0.19198 0.639853 0.668033 1.2793
0.109059 -0.0143579 0.0259968 -0.688058 0.688549 -1.53303
# x y Real Imaginary Modulus Phase <-> f = 0 s = 2
0.0429804 0.101256 0.899588 -0.075398 0.902742 -0.0836185
0.00191976 0.109983 -0.53392 0.165746 0.559055 2.84059
-0.0394205 0.102694 0.19081 -0.161605 0.250049 -0.702716
-0.0750198 0.0804489 -0.0426079 0.0915846 0.101011 2.00624
-0.0996939 0.046488 0.00372154 -0.0419203 0.0420852 -1.48225
-0.109849 0.00575696 0.0088795 0.0110131 0.0141469 0.892246
-0.104007 -0.0358125 -0.0149755 -0.00202613 0.0151119 -3.00711
-0.0830181 -0.0721665 0.0102672 0.0133921 0.0168749 0.916717
-0.049939 -0.0980107 -0.00838741 0.00965819 0.0127918 2.28589
-0.00958713 -0.109581 0.00521094 0.0107886 0.0119811 1.12084
0.0321609 -0.105194 0.0099046 -0.0535803 0.0544881 -1.388
0.0692252 -0.0854861 0.00267458 0.177631 0.177651 1.55574
0.0962082 -0.0533291 -0.0823313 -0.365643 0.374798 -1.79227
0.10918 -0.0134056 0.100963 0.577629 0.586386 1.39776
0.106252 0.0284701 0.0954546 -0.784551 0.790337 -1.44972
# x y Real Imaginary Modulus Phase <-> f = 0 s = 3
0.000959919 0.109996 0.925912 0.0265783 0.926293 0.0286971
-0.0403151 0.102346 -0.48864 0.173774 0.51862 2.79991
-0.075719 0.0797912 0.176398 -0.153368 0.233748 -0.715674
-0.100096 0.0456163 -0.0479349 0.0924456 0.104134 2.04915
-0.109895 0.00479813 0.00202337 -0.0418114 0.0418603 -1.52244
-0.103691 -0.0367188 0.00490575 0.0194235 0.0200334 1.3234
-0.0823851 -0.0728882 -0.00734322 -0.00711289 0.0102233 -2.37213
-0.0490818 -0.0984428 0.0101135 0.00497039 0.0112689 0.456793
-0.0086305 -0.109661 -0.00398354 0.000407689 0.00400435 3.0396
0.0330776 -0.104909 -0.00341231 0.00913438 0.00975094 1.92831
0.0699686 -0.0848787 0.00816431 -0.0665023 0.0670016 -1.44864
0.0966699 -0.0524875 0.0349389 0.153256 0.157188 1.34665
0.109293 -0.0124524 -0.0703437 -0.288548 0.296999 -1.80992
0.105999 0.0293962 0.0324828 0.531495 0.532487 1.50976
0.0872689 0.0669638 0.165955 -0.806049 0.822956 -1.36775
# x y Real Imaginary Modulus Phase <-> f = 0 s = 4
-0.0412067 0.10199 0.904375 0.0114426 0.904447 0.0126518
-0.0764124 0.0791274 -0.484966 0.155416 0.50926 2.83147
-0.10049 0.044741 0.203507 -0.156809 0.256913 -0.656514
-0.109933 0.00383894 -0.0664111 0.0975158 0.117982 2.16868
-0.103366 -0.0376222 0.0231702 -0.0458753 0.0513946 -1.1031
-0.0817459 -0.0736044 -0.00840754 0.0153388 0.0174919 2.0722
-0.0482208 -0.0988673 -0.00150546 -0.00159642 0.0021943 -2.32688
-0.00767321 -0.109732 0.0106885 0.000319587 0.0106933 0.0298912
0.0339919 -0.104616 -0.00390635 -0.001869 0.00433044 -2.69533
0.0707066 -0.0842649 0.0060326 0.0185666 0.0195221 1.25664
0.0971242 -0.0516419 -0.0247408 -0.0423557 0.0490521 -2.09946
0.109397 -0.0114981 0.0450289 0.0918662 0.102308 1.11505
0.105739 0.0303201 -0.0587237 -0.210817 0.218843 -1.84246
0.0866812 0.0677228 -0.00650219 0.439571 0.439619 1.58559
0.055 0.0952628 0.255569 -0.745935 0.788501 -1.24072
# x y Real Imaginary Modulus Phase <-> f = 0 s = 5
-0.0771 0.0784575 0.927524 -0.00991174 0.927577 -0.0106858
-0.100877 0.0438624 -0.567526 0.206156 0.60381 2.79316
-0.109962 0.00287946 0.271054 -0.198064 0.335708 -0.631046
-0.103034 -0.0385228 -0.129607 0.109289 0.169535 2.44104
-0.0811005 -0.0743149 0.0568635 -0.0370085 0.0678461 -0.576959
-0.0473562 -0.0992844 -0.0132094 0.00564862 0.0143665 2.7375
-0.00671534 -0.109795 -0.00254268 -0.00218746 0.00335413 -2.43115
0.0349035 -0.104316 0.0122129 0.00588954 0.0135588 0.449338
0.0714393 -0.0836447 -0.0123579 -0.00341378 0.0128207 -2.87207
0.0975712 -0.0507923 0.0183983 0.00520856 0.0191214 0.275881
0.109494 -0.010543 -0.0274622 -0.0189679 0.0333759 -2.53714
0.10547 0.0312417 0.0541513 0.0618032 0.0821705 0.851293
0.0860869 0.0684766 -0.0730132 -0.172554 0.187365 -1.97108
0.0541666 0.0957391 0.0174534 0.401713 0.402092 1.52738
0.0143579 0.109059 0.229212 -0.728223 0.763444 -1.26586
# x y Real Imaginary Modulus Phase <-> f = 0 s = 6
-0.101256 0.0429804 0.857737 -0.0577568 0.859679 -0.0672348
-0.109983 0.00191976 -0.56829 0.307889 0.646335 2.64508
-0.102694 -0.0394205 0.334264 -0.231078 0.406361 -0.604866
-0.0804489 -0.0750198 -0.152103 0.101089 0.182632 2.55502
-0.046488 -0.0996939 0.051259 -0.0345105 0.0617937 -0.592552
-0.00575696 -0.109849 -0.00088858 0.0132828 0.0133125 1.63759
0.0358125 -0.104007 -0.0132129 0.00291921 0.0135315 2.92415
0.0721665 -0.0830181 0.0144195 0.0153817 0.0210836 0.817674
0.0980107 -0.049939 -0.0198817 0.00802395 0.0214398 2.758
0.109581 -0.00958713 0.00966108 -0.00474336 0.0107627 -0.456403
0.105194 0.0321609 -0.0282184 -0.0109266 0.03026 -2.77216
0.0854861 0.0692252 0.0558119 0.0499065 0.0748707 0.729596
0.0533291 0.0962082 -0.074846 -0.154861 0.172 -2.021
0.0134056 0.10918 0.012235 0.389885 0.390077 1.53943
-0.0284701 0.106252 0.257002 -0.754542 0.79711 -1.24251
# x y Real Imaginary Modulus Phase <-> f = 0 s = 7
-0.109996 0.000959919 0.766782 -0.0900793 0.772055 -0.116941
-0.102346 -0.0403151 -0.626863 0.360548 0.723154 2.61964
-0.0797912 -0.075719 0.355914 -0.199454 0.407991 -0.510792
-0.0456163 -0.100096 -0.124051 0.0881643 0.152189 2.52371
-0.00479813 -0.109895 0.0107758 -0.0398659 0.0412966 -1.3068
0.0367188 -0.103691 0.0103715 0.00393165 0.0110917 0.362345
0.0728882 -0.0823851 -0.029546 0.00151259 0.0295847 3.09044
0.0984428 -0.0490818 0.00834061 0.0109205 0.0137413 0.918549
0.109661 -0.0086305 -0.0234508 0.0131362 0.0268794 2.63098
0.104909 0.0330776 0.00453351 -0.0074729 0.00874053 -1.02549
0.0848787 0.0699686 -0.0262236 -0.0114507 0.0286146 -2.72989
0.0524875 0.0966699 0.0548869 0.0500684 0.0742928 0.73952
0.0124524 0.109293 -0.0698097 -0.173763 0.187262 -1.95281
-0.0293962 0.105999 -0.00448229 0.463906 0.463928 1.58046
-0.0669638 0.0872689 0.160351 -0.78653 0.802709 -1.36968
# x y Real Imaginary Modulus Phase <-> f = 0 s = 8
-0.10199 -0.0412067 0.726266 -0.161704 0.74405 -0.219078
-0.0791274 -0.0764124 -0.633221 0.321106 0.709984 2.67228
-0.044741 -0.10049 0.265206 -0.170901 0.315502 -0.572434
-0.00383894 -0.109933 -0.0309266 0.0906196 0.0957516 1.89968
0.0376222 -0.103366 -0.0200576 -0.026612 0.0333243 -2.21666
0.0736044 -0.0817459 0.0287532 -0.00925992 0.0302075 -0.31156
0.0988673 -0.0482208 -0.0384244 0.000609971 0.0384292 3.12572
0.109732 -0.00767321 0.00551836 0.00685089 0.00879699 0.892714
0.104616 0.0339919 -0.0238056 0.0148546 0.02806 2.58372
0.0842649 0.0707066 0.0113175 -0.00652519 0.0130638 -0.523004
0.0516419 0.0971242 -0.031362 -0.00876685 0.0325643 -2.86901
0.0114981 0.109397 0.0548576 0.0647642 0.084875 0.868026
-0.0303201 0.105739 -0.0646789 -0.233928 0.242705 -1.84055
-0.0677228 0.0866812 0.0689203 0.53611 0.540522 1.44294
-0.0952628 0.055 0.0658734 -0.757741 0.760599 -1.48408
# x y Real Imaginary Modulus Phase <-> f = 0 s = 9
-0.0784575 -0.0771 0.874216 -0.06442 0.876586 -0.0735559
-0.0438624 -0.100877 -0.510596 0.145284 0.530863 2.86438
-0.00287946 -0.109962 0.117221 -0.131334 0.176038 -0.842117
0.0385228 -0.103034 0.0128394 0.058748 0.0601347 1.35563
0.0743149 -0.0811005 -0.0277448 -0.00567262 0.0283188 -2.93992
0.0992844 -0.0473562 0.0347894 -0.0196729 0.0399666 -0.514654
0.109795 -0.00671534 -0.0356059 0.000149813 0.0356062 3.13739
0.104316 0.0349035 0.0070371 0.0129697 0.0147558 1.07367
0.0836447 0.0714393 -0.0174867 0.0109024 0.020607 2.5841
0.0507923 0.0975712 0.016416 0.00049339 0.0164234 0.0300464
0.010543 0.109494 -0.0285146 -0.0240137 0.0372792 -2.44167
-0.0312417 0.10547 0.0372321 0.110364 0.116475 1.24543
-0.0684766 0.0860869 -0.0638036 -0.302946 0.309592 -1.77837
-0.0957391 0.0541666 0.0727768 0.608371 0.612709 1.45174
-0.109059 0.0143579 -0.00387689 -0.805975 0.805984 -1.57561
# x y Real Imaginary Modulus Phase <-> f = 0 s = 10
-0.0429804 -0.101256 0.901805 0.145012 0.91339 0.159437
-0.00191976 -0.109983 -0.349935 0.107221 0.365993 2.84427
0.0394205 -0.102694 0.0771371 -0.112032 0.136019 -0.967812
0.0750198 -0.0804489 0.00496235 0.0523245 0.0525593 1.47624
0.0996939 -0.046488 -0.0238328 -0.00731762 0.0249309 -2.84369
0.109849 -0.00575696 0.0318475 -0.00755406 0.0327311 -0.232891
0.104007 0.0358125 -0.0285498 -0.00373295 0.0287928 -3.01158
0.0830181 0.0721665 0.0127237 0.0165769 0.020897 0.916154
0.049939 0.0980107 -0.0105872 0.00126057 0.010662 3.02309
0.00958713 0.109581 0.00942985 0.00774948 0.0122056 0.687895
-0.0321609 0.105194 -0.00877524 -0.0413352 0.0422564 -1.77999
-0.0692252 0.0854861 0.0239719 0.131071 0.133245 1.3899
-0.0962082 0.0533291 -0.0316566 -0.304726 0.306366 -1.67431
-0.10918 0.0134056 0.0354762 0.605318 0.606357 1.51226
-0.106252 -0.0284701 0.124965 -0.794759 0.804524 -1.41484
# x y Real Imaginary Modulus Phase <-> f = 0 s = 11
-0.000959919 -0.109996 0.765677 0.229756 0.799405 0.29152
0.0403151 -0.102346 -0.317117 0.0868131 0.328785 2.87438
0.075719 -0.0797912 0.0976088 -0.113545 0.149733 -0.860727
0.100096 -0.0456163 -0.00547187 0.0721942 0.0724013 1.64645
0.109895 -0.00479813 -0.00877869 -0.0349757 0.0360606 -1.81671
0.103691 0.0367188 0.00447619 0.014116 0.0148087 1.26373
0.0823851 0.0728882 -0.0092528 -0.00165131 0.009399 -2.96499
0.0490818 0.0984428 0.0113734 0.00735914 0.0135466 0.574297
0.0086305 0.109661 -0.0040847 -1.53482e-05 0.00408473 -3.13784
-0.0330776 0.104909 0.0041064 0.00733113 0.00840286 1.06021
-0.0699686 0.0848787 -0.00570515 -0.0403866 0.0407876 -1.71113
-0.0966699 0.0524875 0.0218057 0.104334 0.106588 1.36476
-0.109293 0.0124524 -0.0446736 -0.23533 0.239533 -1.7584
-0.105999 -0.0293962 -0.00472851 0.425498 0.425524 1.58191
-0.0872689 -0.0669638 0.306296 -0.678949 0.744842 -1.147
# x y Real Imaginary Modulus Phase <-> f = 0 s = 12
0.0412067 -0.10199 0.825801 0.214056 0.853093 0.253628
0.0764124 -0.0791274 -0.424301 0.0958128 0.434984 2.9195
0.10049 -0.044741 0.175194 -0.150936 0.231246 -0.711154
0.109933 -0.00383894 -0.0747018 0.101095 0.1257 2.20717
0.103366 0.0376222 0.0366217 -0.0470331 0.0596092 -0.909218
0.0817459 0.0736044 -0.0154004 0.01317 0.0202638 2.4341
0.0482208 0.0988673 0.00120209 -0.00239308 0.00267803 -1.1053
0.00767321 0.109732 0.00645491 0.00155827 0.00664034 0.236876
-0.0339919 0.104616 -0.00017501 0.000810323 0.000829007 1.7835
-0.0707066 0.0842649 0.00737405 0.00412508 0.00844943 0.510035
-0.0971242 0.0516419 -0.0235945 -0.0158173 0.0284058 -2.55102
-0.109397 0.0114981 0.0574173 0.0434089 0.0719797 0.647346
-0.105739 -0.0303201 -0.0798072 -0.109266 0.135308 -2.20163
-0.0866812 -0.0677228 0.0186827 0.279785 0.280408 1.50412
-0.055 -0.0952628 0.289944 -0.503245 0.580795 -1.0481
# x y Real Imaginary Modulus Phase <-> f = 0 s = 13
0.0771 -0.0784575 0.95861 0.0353139 0.95926 0.036822
0.100877 -0.0438624 -0.586599 0.236219 0.632375 2.75877
0.109962 -0.00287946 0.341114 -0.219995 0.405902 -0.572804
0.103034 0.0385228 -0.185092 0.101882 0.211279 2.63841
0.0811005 0.0743149 0.0855269 -0.0259473 0.0893762 -0.294556
0.0473562 0.0992844 -0.0271811 -0.00256706 0.0273021 -3.04743
0.00671534 0.109795 0.00546105 -0.00263264 0.0060625 -0.449206
-0.0349035 0.104316 0.00378941 0.00457618 0.00594147 0.879171
-0.0714393 0.0836447 -0.00370797 0.0125449 0.0130814 1.85819
-0.0975712 0.0507923 0.0033289 -0.0122006 0.0126466 -1.30443
-0.109494 0.010543 -0.0223679 0.00977594 0.0244109 2.72956
-0.10547 -0.0312417 0.0490673 -0.000454892 0.0490694 -0.00927051
-0.0860869 -0.0684766 -0.0677696 -0.0677719 0.0958423 -2.35618
-0.0541666 -0.0957391 0.0190491 0.232109 0.232889 1.48891
-0.0143579 -0.109059 0.31703 -0.52715 0.615138 -1.02935
# x y Real Imaginary Modulus Phase <-> f = 0 s = 14
0.101256 -0.0429804 0.739119 -0.100198 0.74588 -0.134743
0.109983 -0.00191976 -0.581566 0.455568 0.738757 2.47709
0.102694 0.0394205 0.422112 -0.302206 0.519141 -0.621343
0.0804489 0.0750198 -0.214973 0.11981 0.246105 2.63314
0.046488 0.0996939 0.0915357 -0.0403761 0.100045 -0.415425
0.00575696 0.109849 -0.0227386 0.0184173 0.0292616 2.46081
-0.0358125 0.104007 -0.00100914 -0.0106287 0.0106765 -1.66546
-0.0721665 0.0830181 0.00574935 0.0131838 0.0143829 1.15957
-0.0980107 0.049939 -0.0159087 0.016838 0.0231647 2.32782
-0.109581 0.00958713 0.0028002 -0.0304193 0.0305479 -1.479
-0.105194 -0.0321609 -0.0078754 0.0267645 0.0278991 1.85697
-0.0854861 -0.0692252 0.0339007 -0.00462679 0.034215 -0.135643
-0.0533291 -0.0962082 -0.0688162 -0.0764283 0.102844 -2.30383
-0.0134056 -0.10918 -0.0037803 0.305601 0.305624 1.58317
0.0284701 -0.106252 0.320202 -0.729861 0.797011 -1.15737
# x y Real Imaginary Modulus Phase <-> f = 0 s = 15
0.109996 -0.000959919 0.64898 0.0113314 0.649079 0.0174585
0.102346 0.0403151 -0.534491 0.446601 0.696515 2.44554
0.0797912 0.075719 0.359188 -0.283797 0.457774 -0.66868
0.0456163 0.100096 -0.159807 0.12923 0.20552 2.46159
0.00479813 0.109895 0.0412061 -0.0518484 0.0662284 -0.89927
-0.0367188 0.103691 4.47861e-05 0.0219441 0.0219441 1.56876
-0.0728882 0.0823851 -0.0143909 -0.00578541 0.0155103 -2.75935
-0.0984428 0.0490818 0.0027358 0.0116582 0.0119749 1.3403
-0.109661 0.0086305 -0.0226233 0.0169017 0.0282397 2.49995
-0.104909 -0.0330776 0.00276028 -0.0405665 0.0406603 -1.50286
-0.0848787 -0.0699686 -0.00656765 0.0262053 0.0270158 1.81636
-0.0524875 -0.0966699 0.0509324 0.0129612 0.0525557 0.249189
-0.0124524 -0.109293 -0.0742947 -0.145681 0.163532 -2.0424
0.0293962 -0.105999 -0.00327001 0.480207 0.480218 1.57761
0.0669638 -0.0872689 0.0671523 -0.792241 0.795082 -1.48624
