# x y Real Imaginary Modulus Phase <-> f = 0 s = 0
0.10199 0.0412067 0.0551643 -0.836274 0.838091 -1.50493
0.0791274 0.0764124 -0.0690453 -0.833535 0.83639 -1.65344
0.044741 0.10049 0.0395349 -0.812865 0.813826 -1.5222
0.00383894 0.109933 -0.0860956 -0.814476 0.819014 -1.67611
-0.0376222 0.103366 0.124413 -0.750331 0.760575 -1.40648
-0.0736044 0.0817459 0.00492736 -0.78758 0.787595 -1.56454
-0.0988673 0.0482208 0.00684408 -0.822926 0.822955 -1.56248
-0.109732 0.00767321 0.098857 -0.762859 0.769238 -1.44193
-0.104616 -0.0339919 0.038359 -0.782515 0.783455 -1.52182
-0.0842649 -0.0707066 -0.0513565 -0.762717 0.764444 -1.63803
-0.0516419 -0.0971242 0.00408163 -0.817133 0.817143 -1.5658
-0.0114981 -0.109397 0.0133198 -0.819718 0.819826 -1.55455
0.0303201 -0.105739 0.0171273 -0.854613 0.854784 -1.55076
0.0677228 -0.0866812 -0.0136607 -0.804638 0.804754 -1.58777
0.0952628 -0.055 -0.0464563 -0.753937 0.755367 -1.63234
# x y Real Imaginary Modulus Phase <-> f = 0 s = 1
0.0784575 0.0771 -0.0189283 -0.836561 0.836775 -1.59342
0.0438624 0.100877 -0.0812117 -0.749288 0.753676 -1.67876
0.00287946 0.109962 0.0181172 -0.744869 0.745089 -1.54648
-0.0385228 0.103034 0.0220976 -0.744082 0.74441 -1.54111
-0.0743149 0.0811005 0.0842097 -0.811306 0.815665 -1.46737
-0.0992844 0.0473562 -0.0713046 -0.807687 0.810829 -1.65885
-0.109795 0.00671534 0.000962481 -0.789443 0.789443 -1.56958
-0.104316 -0.0349035 -0.0502677 -0.727667 0.729401 -1.63977
-0.0836447 -0.0714393 -0.0803059 -0.776431 0.780573 -1.67386
-0.0507923 -0.0975712 0.045405 -0.763123 0.764472 -1.51137
-0.010543 -0.109494 0.0432459 -0.778702 0.779902 -1.51532
0.0312417 -0.10547 -0.0176359 -0.708457 0.708677 -1.59568
0.0684766 -0.0860869 -0.0927218 -0.797817 0.803186 -1.6865
0.0957391 -0.0541666 -0.00771724 -0.723382 0.723423 -1.58146
0.109059 -0.0143579 0.058412 -0.799571 0.801701 -1.49787
# x y Real Imaginary Modulus Phase <-> f = 0 s = 2
0.0429804 0.101256 -0.0488292 -0.799477 0.800966 -1.6318
0.00191976 0.109983 0.0193779 -0.945346 0.945545 -1.5503
-0.0394205 0.102694 0.0842993 -0.787603 0.792102 -1.46417
-0.0750198 0.0804489 -0.00944157 -0.81905 0.819105 -1.58232
-0.0996939 0.046488 0.0332072 -0.810078 0.810759 -1.52983
-0.109849 0.00575696 -0.0333063 -0.793156 0.793855 -1.61276
-0.104007 -0.0358125 0.043306 -0.83366 0.834784 -1.5189
-0.0830181 -0.0721665 0.0745395 -0.780932 0.784481 -1.47564
-0.049939 -0.0980107 -0.0461414 -0.877493 0.878705 -1.62333
-0.00958713 -0.109581 -0.00374173 -0.813688 0.813697 -1.57539
0.0321609 -0.105194 0.0671278 -0.712863 0.716017 -1.47691
0.0692252 -0.0854861 0.0748905 -0.740229 0.744008 -1.46997
0.0962082 -0.0533291 -0.000271911 -0.834509 0.834509 -1.57112
0.10918 -0.0134056 0.0676372 -0.811307 0.814122 -1.48762
0.106252 0.0284701 0.0827227 -0.74046 0.745067 -1.45954
# x y Real Imaginary Modulus Phase <-> f = 0 s = 3
0.000959919 0.109996 -0.0972753 -0.791289 0.797246 -1.69312
-0.0403151 0.102346 -0.032032 -0.842596 0.843204 -1.60879
-0.075719 0.0797912 0.0444894 -0.835084 0.836269 -1.51757
-0.100096 0.0456163 0.0377858 -0.77885 0.779766 -1.52232
-0.109895 0.00479813 0.00817677 -0.843201 0.843241 -1.5611
-0.103691 -0.0367188 -0.0103899 -0.816849 0.816915 -1.58352
-0.0823851 -0.0728882 0.060725 -0.805783 0.808068 -1.49558
-0.0490818 -0.0984428 -0.0289024 -0.829505 0.830008 -1.60563
-0.0086305 -0.109661 -0.0263946 -0.778781 0.779228 -1.60468
0.0330776 -0.104909 0.0230788 -0.778525 0.778867 -1.54116
0.0699686 -0.0848787 0.124099 -0.823823 0.833118 -1.42128
0.0966699 -0.0524875 0.0592955 -0.853985 0.856041 -1.50147
0.109293 -0.0124524 -0.095121 -0.789932 0.795639 -1.69064
0.105999 0.0293962 0.0396916 -0.897575 0.898452 -1.5266
0.0872689 0.0669638 -0.0275722 -0.849889 0.850337 -1.60323
# x y Real Imaginary Modulus Phase <-> f = 0 s = 4
-0.0412067 0.10199 0.0901809 -0.817153 0.822114 -1.46088
-0.0764124 0.0791274 0.116826 -0.790066 0.798657 -1.42399
-0.10049 0.044741 -0.0197102 -0.814812 0.81505 -1.59498
-0.109933 0.00383894 0.0167741 -0.800859 0.801034 -1.54985
-0.103366 -0.0376222 -0.0395228 -0.752037 0.753075 -1.6233
-0.0817459 -0.0736044 -0.0690079 -0.774722 0.77779 -1.65964
-0.0482208 -0.0988673 0.0575575 -0.782403 0.784517 -1.49736
-0.00767321 -0.109732 0.0180861 -0.792112 0.792319 -1.54797
0.0339919 -0.104616 0.0101197 -0.82876 0.828822 -1.55859
0.0707066 -0.0842649 -0.0979807 -0.684958 0.69193 -1.71288
0.0971242 -0.0516419 -0.048056 -0.640765 0.642564 -1.64565
0.109397 -0.0114981 -0.0236902 -0.824767 0.825107 -1.59951
0.105739 0.0303201 0.0912232 -0.793139 0.798368 -1.45628
0.0866812 0.0677228 0.0103402 -0.823696 0.823761 -1.55824
0.055 0.0952628 -0.0465136 -0.801855 0.803203 -1.62874
# x y Real Imaginary Modulus Phase <-> f = 0 s = 5
-0.0771 0.0784575 -0.0387222 -0.838825 0.839718 -1.61693
-0.100877 0.0438624 -0.0626728 -0.83862 0.840958 -1.64539
-0.109962 0.00287946 -0.090019 -0.764925 0.770204 -1.68794
-0.103034 -0.0385228 -0.0356213 -0.804294 0.805082 -1.61506
-0.0811005 -0.0743149 0.00843742 -0.780988 0.781034 -1.55999
-0.0473562 -0.0992844 0.0300221 -0.752805 0.753404 -1.53094
-0.00671534 -0.109795 0.00996083 -0.769738 0.769802 -1.55786
0.0349035 -0.104316 0.0386511 -0.771393 0.77236 -1.52073
0.0714393 -0.0836447 -0.0411595 -0.793895 0.794961 -1.62259
0.0975712 -0.0507923 0.0846072 -0.766394 0.77105 -1.46085
0.109494 -0.010543 0.0164775 -0.756618 0.756797 -1.54902
0.10547 0.0312417 -0.0943252 -0.728915 0.734992 -1.69949
0.0860869 0.0684766 -0.0142625 -0.675292 0.675442 -1.59191
0.0541666 0.0957391 0.0523068 -0.802772 0.804474 -1.50573
0.0143579 0.109059 0.0376149 -0.775161 0.776073 -1.52231
# x y Real Imaginary Modulus Phase <-> f = 0 s = 6
-0.101256 0.0429804 -0.0189321 -0.841704 0.841917 -1.59329
-0.109983 0.00191976 -0.0419135 -0.761227 0.76238 -1.6258
-0.102694 -0.0394205 0.0160113 -0.790274 0.790437 -1.55054
-0.0804489 -0.0750198 0.00643939 -0.75578 0.755808 -1.56228
-0.046488 -0.0996939 -0.0593016 -0.770256 0.772535 -1.64763
-0.00575696 -0.109849 0.0283441 -0.756099 0.75663 -1.53333
0.0358125 -0.104007 -0.0260974 -0.807133 0.807555 -1.60312
0.0721665 -0.0830181 0.0542835 -0.771588 0.773495 -1.50056
0.0980107 -0.049939 0.0273511 -0.780214 0.780694 -1.53575
0.109581 -0.00958713 -0.0308108 -0.885629 0.886165 -1.60557
0.105194 0.0321609 -0.0643363 -0.834333 0.83681 -1.64776
0.0854861 0.0692252 0.0677246 -0.778054 0.780996 -1.48397
0.0533291 0.0962082 -0.0767634 -0.776561 0.780346 -1.66933
0.0134056 0.10918 -0.00133846 -0.731565 0.731567 -1.57263
-0.0284701 0.106252 -0.000456888 -0.783132 0.783132 -1.57138
# x y Real Imaginary Modulus Phase <-> f = 0 s = 7
-0.109996 0.000959919 0.0277646 -0.775748 0.776244 -1.53502
-0.102346 -0.0403151 0.0306786 -0.805367 0.805951 -1.53272
-0.0797912 -0.075719 -0.0300116 -0.84877 0.8493 -1.60614
-0.0456163 -0.100096 0.0647443 -0.796996 0.799622 -1.48974
-0.00479813 -0.109895 -0.0490089 -0.821622 0.823082 -1.63037
0.0367188 -0.103691 0.0475892 -0.833256 0.834614 -1.51375
0.0728882 -0.0823851 0.0209934 -0.689679 0.689999 -1.54037
0.0984428 -0.0490818 -0.0108914 -0.880064 0.880132 -1.58317
0.109661 -0.0086305 -0.103403 -0.786872 0.793637 -1.70146
0.104909 0.0330776 0.0205341 -0.807959 0.80822 -1.54539
0.0848787 0.0699686 0.0449636 -0.823457 0.824684 -1.51625
0.0524875 0.0966699 0.00767294 -0.771699 0.771737 -1.56085
0.0124524 0.109293 0.0331248 -0.875443 0.876069 -1.53298
-0.0293962 0.105999 0.0506954 -0.773421 0.775081 -1.50534
-0.0669638 0.0872689 -0.0482951 -0.791872 0.793344 -1.63171
# x y Real Imaginary Modulus Phase <-> f = 0 s = 8
-0.10199 -0.0412067 -0.0967173 -0.793238 0.799112 -1.69212
-0.0791274 -0.0764124 0.0255817 -0.747712 0.748149 -1.5366
-0.044741 -0.10049 -0.0501783 -0.749409 0.751088 -1.63765
-0.00383894 -0.109933 0.050785 -0.769871 0.771544 -1.50493
0.0376222 -0.103366 -0.00611955 -0.831981 0.832004 -1.57815
0.0736044 -0.0817459 -0.033182 -0.682705 0.683511 -1.61936
0.0988673 -0.0482208 0.0149862 -0.829566 0.829701 -1.55273
0.109732 -0.00767321 0.00381691 -0.754816 0.754825 -1.56574
0.104616 0.0339919 0.00543488 -0.79112 0.791139 -1.56393
0.0842649 0.0707066 0.0710748 -0.80042 0.80357 -1.48223
0.0516419 0.0971242 0.0686198 -0.880748 0.883417 -1.49304
0.0114981 0.109397 -0.0440498 -0.82597 0.827144 -1.62408
-0.0303201 0.105739 0.0629539 -0.722959 0.725695 -1.48394
-0.0677228 0.0866812 -0.0982255 -0.763115 0.769411 -1.69881
-0.0952628 0.055 0.0158693 -0.788459 0.788619 -1.55067
# x y Real Imaginary Modulus Phase <-> f = 0 s = 9
-0.0784575 -0.0771 0.025059 -0.749015 0.749434 -1.53735
-0.0438624 -0.100877 0.0329131 -0.746776 0.747501 -1.52675
-0.00287946 -0.109962 -0.061418 -0.773839 0.776273 -1.65
0.0385228 -0.103034 -0.0420923 -0.832474 0.833537 -1.62132
0.0743149 -0.0811005 -0.000481685 -0.730468 0.730468 -1.57146
0.0992844 -0.0473562 -0.0441936 -0.785404 0.786646 -1.62701
0.109795 -0.00671534 -0.0462776 -0.758836 0.760246 -1.63171
0.104316 0.0349035 -0.00483309 -0.713468 0.713485 -1.57757
0.0836447 0.0714393 -0.0335196 -0.844569 0.845234 -1.61046
0.0507923 0.0975712 -0.0191114 -0.759954 0.760195 -1.59594
0.010543 0.109494 0.0923098 -0.739886 0.745622 -1.44668
-0.0312417 0.10547 0.00743731 -0.853599 0.853632 -1.56208
-0.0684766 0.0860869 -0.03244 -0.835567 0.836197 -1.6096
-0.0957391 0.0541666 0.0280922 -0.798546 0.79904 -1.53563
-0.109059 0.0143579 0.0154601 -0.832955 0.833098 -1.55224
# x y Real Imaginary Modulus Phase <-> f = 0 s = 10
-0.0429804 -0.101256 -0.0520696 -0.83047 0.832101 -1.63341
-0.00191976 -0.109983 -0.0149837 -0.791278 0.79142 -1.58973
0.0394205 -0.102694 -0.0274598 -0.807882 0.808349 -1.60477
0.0750198 -0.0804489 0.0267574 -0.736958 0.737444 -1.5345
0.0996939 -0.046488 0.0186214 -0.80197 0.802186 -1.54758
0.109849 -0.00575696 0.032346 -0.829061 0.829692 -1.5318
0.104007 0.0358125 0.00997836 -0.8081 0.808161 -1.55845
0.0830181 0.0721665 0.0197162 -0.791628 0.791874 -1.5459
0.049939 0.0980107 0.0213739 -0.787863 0.788153 -1.54367
0.00958713 0.109581 -0.0110415 -0.810934 0.811009 -1.58441
-0.0321609 0.105194 0.0564423 -0.91378 0.915522 -1.50911
-0.0692252 0.0854861 0.00702639 -0.774483 0.774515 -1.56172
-0.0962082 0.0533291 -0.0099503 -0.770239 0.770304 -1.58371
-0.10918 0.0134056 0.057722 -0.789027 0.791136 -1.49777
-0.106252 -0.0284701 -0.0726674 -0.718568 0.722233 -1.67158
# x y Real Imaginary Modulus Phase <-> f = 0 s = 11
-0.000959919 -0.109996 0.0230639 -0.750296 0.75065 -1.54007
0.0403151 -0.102346 0.00595144 -0.699257 0.699282 -1.56229
0.075719 -0.0797912 -0.0171058 -0.761229 0.761421 -1.59326
0.100096 -0.0456163 0.0636019 -0.750043 0.752735 -1.4862
0.109895 -0.00479813 -0.0588473 -0.761407 0.763678 -1.64793
0.103691 0.0367188 -0.132702 -0.772512 0.783827 -1.74092
0.0823851 0.0728882 0.0503657 -0.816266 0.817818 -1.50917
0.0490818 0.0984428 0.0425814 -0.870389 0.87143 -1.52191
0.0086305 0.109661 -0.0115503 -0.787132 0.787217 -1.58547
-0.0330776 0.104909 0.0627059 -0.796375 0.79884 -1.49222
-0.0699686 0.0848787 -0.0455892 -0.829902 0.831154 -1.62567
-0.0966699 0.0524875 0.00685489 -0.71337 0.713403 -1.56119
-0.109293 0.0124524 0.0604546 -0.801678 0.803954 -1.49553
-0.105999 -0.0293962 -0.0472125 -0.768804 0.770252 -1.63213
-0.0872689 -0.0669638 0.0279656 -0.798193 0.798683 -1.53577
# x y Real Imaginary Modulus Phase <-> f = 0 s = 12
0.0412067 -0.10199 -0.0150316 -0.731548 0.731703 -1.59134
0.0764124 -0.0791274 0.0733726 -0.740972 0.744596 -1.4721
0.10049 -0.044741 0.0947322 -0.739502 0.745545 -1.44339
0.109933 -0.00383894 -0.00480659 -0.742252 0.742268 -1.57727
0.103366 0.0376222 -0.00224688 -0.814368 0.814371 -1.57356
0.0817459 0.0736044 -0.0458989 -0.74755 0.748958 -1.63212
0.0482208 0.0988673 0.117057 -0.790714 0.799331 -1.42382
0.00767321 0.109732 -0.0353714 -0.673565 0.674494 -1.62326
-0.0339919 0.104616 -0.072495 -0.826165 0.82934 -1.65832
-0.0707066 0.0842649 0.0483246 -0.752099 0.75365 -1.50663
-0.0971242 0.0516419 0.149452 -0.782747 0.796887 -1.38213
-0.109397 0.0114981 0.0128699 -0.845592 0.84569 -1.55558
-0.105739 -0.0303201 -0.0268504 -0.753458 0.753937 -1.60642
-0.0866812 -0.0677228 -0.0827227 -0.750566 0.755111 -1.68057
-0.055 -0.0952628 -0.0654355 -0.726436 0.729378 -1.66063
# x y Real Imaginary Modulus Phase <-> f = 0 s = 13
0.0771 -0.0784575 -0.0663267 -0.725264 0.728291 -1.66199
0.100877 -0.0438624 -0.0308519 -0.847833 0.848394 -1.60717
0.109962 -0.00287946 -0.0682395 -0.770267 0.773284 -1.65916
0.103034 0.0385228 0.0787586 -0.847519 0.85117 -1.47813
0.0811005 0.0743149 -0.00438011 -0.87784 0.877851 -1.57579
0.0473562 0.0992844 -0.00956166 -0.756683 0.756743 -1.58343
0.00671534 0.109795 0.0582786 -0.740864 0.743153 -1.49229
-0.0349035 0.104316 0.028872 -0.764879 0.765423 -1.53307
-0.0714393 0.0836447 0.0110607 -0.823774 0.823848 -1.55737
-0.0975712 0.0507923 0.017592 -0.763367 0.76357 -1.54776
-0.109494 0.010543 0.00410807 -0.699204 0.699216 -1.56492
-0.10547 -0.0312417 -0.018621 -0.791649 0.791868 -1.59431
-0.0860869 -0.0684766 -0.0486856 -0.844406 0.845808 -1.62839
-0.0541666 -0.0957391 -0.0190507 -0.775291 0.775525 -1.59536
-0.0143579 -0.109059 0.10431 -0.745617 0.752878 -1.4318
# x y Real Imaginary Modulus Phase <-> f = 0 s = 14
0.101256 -0.0429804 -0.0361466 -0.861823 0.862581 -1.61271
0.109983 -0.00191976 0.023738 -0.740932 0.741312 -1.53877
0.102694 0.0394205 -0.100387 -0.849173 0.855086 -1.68847
0.0804489 0.0750198 -0.037173 -0.824049 0.824887 -1.61588
0.046488 0.0996939 0.0518484 -0.753159 0.754942 -1.50206
0.00575696 0.109849 -0.0892319 -0.735979 0.741368 -1.69145
-0.0358125 0.104007 0.0312852 -0.765443 0.766082 -1.52995
-0.0721665 0.0830181 0.0051138 -0.822754 0.82277 -1.56458
-0.0980107 0.049939 -0.0398912 -0.744929 0.745996 -1.6243
-0.109581 0.00958713 0.0533607 -0.804446 0.806214 -1.50456
-0.105194 -0.0321609 0.00652403 -0.829743 0.829769 -1.56293
-0.0854861 -0.0692252 0.0342985 -0.745393 0.746182 -1.52481
-0.0533291 -0.0962082 0.0923698 -0.760216 0.765807 -1.44988
-0.0134056 -0.10918 0.0294219 -0.793897 0.794442 -1.53375
0.0284701 -0.106252 -0.0280327 -0.723032 0.723575 -1.60955
# x y Real Imaginary Modulus Phase <-> f = 0 s = 15
0.109996 -0.000959919 -0.0348465 -0.787322 0.788093 -1.61503
0.102346 0.0403151 -0.00791794 -0.715226 0.71527 -1.58187
0.0797912 0.075719 -0.0380675 -0.759908 0.760861 -1.62085
0.0456163 0.100096 0.0208255 -0.799243 0.799514 -1.54475
0.00479813 0.109895 -0.0637743 -0.859888 0.86225 -1.64483
-0.0367188 0.103691 0.0148711 -0.832286 0.832419 -1.55293
-0.0728882 0.0823851 0.0185279 -0.80864 0.808852 -1.54789
-0.0984428 0.0490818 0.0615919 -0.862142 0.864339 -1.49948
-0.109661 0.0086305 1.04744e-05 -0.758483 0.758483 -1.57078
-0.104909 -0.0330776 -0.0408851 -0.702152 0.703341 -1.62896
-0.0848787 -0.0699686 0.0689289 -0.750509 0.753667 -1.47921
-0.0524875 -0.0966699 0.029843 -0.795628 0.796188 -1.53331
-0.0124524 -0.109293 -0.0163222 -0.757467 0.757643 -1.59234
0.0293962 -0.105999 -0.0348656 -0.766845 0.767637 -1.61623
0.0669638 -0.0872689 -0.0235615 -0.730831 0.731211 -1.60302
