# x y Real Imaginary Modulus Phase <-> f = 0 s = 0
0.10199 0.0412067 0.72863 -0.0453158 0.730038 -0.0621132
0.0791274 0.0764124 -0.573355 0.327258 0.660177 2.62294
0.044741 0.10049 0.29806 -0.226806 0.374541 -0.650466
0.00383894 0.109933 -0.0965235 0.102685 0.140929 2.32527
-0.0376222 0.103366 0.0154664 -0.0471627 0.049634 -1.25391
-0.0736044 0.0817459 0.00107535 0.010922 0.0109748 1.47266
-0.0988673 0.0482208 -0.0236637 0.000700729 0.0236741 3.11199
-0.109732 0.00767321 -0.00345016 -0.000357598 0.00346864 -3.03831
-0.104616 -0.0339919 -0.0145246 0.0107665 0.0180799 2.50371
-0.0842649 -0.0707066 0.0128444 -0.0332533 0.0356477 -1.20219
-0.0516419 -0.0971242 -0.0194088 0.0100774 0.0218691 2.66269
-0.0114981 -0.109397 0.0558165 0.0598348 0.0818272 0.820129
0.0303201 -0.105739 -0.0410989 -0.276416 0.279455 -1.7184
0.0677228 -0.0866812 0.121783 0.645724 0.657108 1.38439
0.0952628 -0.055 -0.0231255 -0.637148 0.637568 -1.60708
# x y Real Imaginary Modulus Phase <-> f = 0 s = 1
0.0784575 0.0771 0.825486 -0.0848347 0.829834 -0.10241
0.0438624 0.100877 -0.57875 0.264699 0.63641 2.71263
0.00287946 0.109962 0.236461 -0.167627 0.289849 -0.616674
-0.0385228 0.103034 -0.0577981 0.0992212 0.114828 2.09826
-0.0743149 0.0811005 0.00407234 -0.0417701 0.0419681 -1.47361
-0.0992844 0.0473562 0.000438614 0.00788767 0.00789986 1.51525
-0.109795 0.00671534 -0.0248645 0.00327858 0.0250797 3.01049
-0.104316 -0.0349035 -0.00119592 0.00441368 0.00457283 1.8354
-0.0836447 -0.0714393 -0.0189301 0.0093601 0.0211178 2.68239
-0.0507923 -0.0975712 0.0108275 -0.0124936 0.0165325 -0.856719
-0.010543 -0.109494 -0.0266943 -0.0308035 0.0407608 -2.28485
0.0312417 -0.10547 0.00917282 0.13678 0.137087 1.50383
0.0684766 -0.0860869 -0.0501723 -0.390048 0.393262 -1.69872
0.0957391 -0.0541666 0.184971 0.63684 0.663159 1.28812
0.109059 -0.0143579 0.0264962 -0.693773 0.694279 -1.53262
# x y Real Imaginary Modulus Phase <-> f = 0 s = 2
0.0429804 0.101256 0.883966 -0.0783315 0.88743 -0.0883828
0.00191976 0.109983 -0.527284 0.176437 0.55602 2.81869
-0.0394205 0.102694 0.188715 -0.171644 0.255098 -0.738061
-0.0750198 0.0804489 -0.0413708 0.0962095 0.104727 1.9769
-0.0996939 0.046488 0.00335644 -0.0437239 0.0438525 -1.49418
-0.109849 0.00575696 0.00668067 0.0103481 0.0123172 0.997525
-0.104007 -0.0358125 -0.0175338 -0.00123969 0.0175776 -3.07101
-0.0830181 -0.0721665 0.0053424 0.0107305 0.0119869 1.10885
-0.049939 -0.0980107 -0.0128467 0.00843899 0.0153706 2.56038
-0.00958713 -0.109581 0.00770656 0.00876549 0.0116715 0.849596
0.0321609 -0.105194 0.0084702 -0.0493693 0.0500906 -1.40088
0.0692252 -0.0854861 0.00573789 0.177748 0.177841 1.53853
0.0962082 -0.0533291 -0.0864877 -0.35857 0.368853 -1.80748
0.10918 -0.0134056 0.0994126 0.569942 0.578547 1.39811
0.106252 0.0284701 0.104126 -0.779887 0.786807 -1.43807
# x y Real Imaginary Modulus Phase <-> f = 0 s = 3
0.000959919 0.109996 0.90917 0.0197435 0.909384 0.0217125
-0.0403151 0.102346 -0.48239 0.190244 0.518549 2.76594
-0.075719 0.0797912 0.174957 -0.16103 0.237783 -0.743971
-0.100096 0.0456163 -0.0482563 0.095956 0.107407 2.03676
-0.109895 0.00479813 0.00159196 -0.0425319 0.0425617 -1.53338
-0.103691 -0.0367188 0.00512427 0.017718 0.0184441 1.28927
-0.0823851 -0.0728882 -0.00775615 -0.00688921 0.010374 -2.41532
-0.0490818 -0.0984428 0.00818544 0.00542481 0.00981988 0.585278
-0.0086305 -0.109661 -0.0057666 4.83037e-05 0.0057668 3.13322
0.0330776 -0.104909 0.00059599 0.0081135 0.00813536 1.49747
0.0699686 -0.0848787 0.00883868 -0.0638428 0.0644517 -1.43323
0.0966699 -0.0524875 0.0361658 0.155528 0.159678 1.34232
0.109293 -0.0124524 -0.0778381 -0.29011 0.300371 -1.83293
0.105999 0.0293962 0.0421314 0.527226 0.528907 1.49105
0.0872689 0.0669638 0.155548 -0.795637 0.810699 -1.37773
# x y Real Imaginary Modulus Phase <-> f = 0 s = 4
-0.0412067 0.10199 0.884485 -0.00317755 0.884491 -0.00359253
-0.0764124 0.0791274 -0.479504 0.166769 0.507677 2.80688
-0.10049 0.044741 0.203114 -0.163847 0.260962 -0.678798
-0.109933 0.00383894 -0.0653042 0.0988437 0.118468 2.15464
-0.103366 -0.0376222 0.0214607 -0.0454002 0.0502169 -1.12923
-0.0817459 -0.0736044 -0.00709612 0.0153121 0.0168765 2.00476
-0.0482208 -0.0988673 -0.00240225 -0.00232699 0.0033445 -2.37211
-0.00767321 -0.109732 0.0100465 0.000712153 0.0100717 0.0707673
0.0339919 -0.104616 -0.00503651 -0.00170746 0.00531807 -2.81474
0.0707066 -0.0842649 0.00721334 0.0166591 0.0181537 1.16217
0.0971242 -0.0516419 -0.0245904 -0.0385475 0.0457231 -2.13864
0.109397 -0.0114981 0.0449815 0.0918706 0.102291 1.11549
0.105739 0.0303201 -0.0625842 -0.209981 0.219109 -1.86046
0.0866812 0.0677228 0.00353582 0.438751 0.438765 1.56274
0.055 0.0952628 0.239619 -0.737123 0.775092 -1.2565
# x y Real Imaginary Modulus Phase <-> f = 0 s = 5
-0.0771 0.0784575 0.914178 -0.0146362 0.914295 -0.0160089
-0.100877 0.0438624 -0.563499 0.218174 0.604261 2.77219
-0.109962 0.00287946 0.268821 -0.20649 0.338973 -0.655005
-0.103034 -0.0385228 -0.130511 0.113377 0.17288 2.42633
-0.0811005 -0.0743149 0.0556611 -0.0358232 0.0661926 -0.571859
-0.0473562 -0.0992844 -0.0100806 0.00636699 0.011923 2.57826
-0.00671534 -0.109795 -0.00377984 -0.00260911 0.00459289 -2.53743
0.0349035 -0.104316 0.0098148 0.00583269 0.0114171 0.536199
0.0714393 -0.0836447 -0.0134116 -0.00269743 0.0136802 -2.94311
0.0975712 -0.0507923 0.0175128 0.00279626 0.0177346 0.158333
0.109494 -0.010543 -0.0280667 -0.0195859 0.0342249 -2.53232
0.10547 0.0312417 0.0568113 0.0620527 0.0841312 0.829465
0.0860869 0.0684766 -0.080921 -0.174637 0.192474 -2.00471
0.0541666 0.0957391 0.0324389 0.403869 0.40517 1.49065
0.0143579 0.109059 0.206706 -0.724084 0.753011 -1.29272
# x y Real Imaginary Modulus Phase <-> f = 0 s = 6
-0.101256 0.0429804 0.856323 -0.0492427 0.857738 -0.0574416
-0.109983 0.00191976 -0.556842 0.305234 0.635012 2.64017
-0.102694 -0.0394205 0.326492 -0.233678 0.4015 -0.621201
-0.0804489 -0.0750198 -0.149587 0.104604 0.182533 2.53135
-0.046488 -0.0996939 0.0500687 -0.0327324 0.0598188 -0.579007
-0.00575696 -0.109849 0.00177043 0.0129785 0.0130987 1.43522
0.0358125 -0.104007 -0.0161089 0.000641887 0.0161217 3.10177
0.0721665 -0.0830181 0.0087456 0.0113515 0.0143298 0.914344
0.0980107 -0.049939 -0.0209318 0.00849731 0.0225908 2.75597
0.109581 -0.00958713 0.00644749 -0.00618622 0.00893529 -0.764721
0.105194 0.0321609 -0.0295619 -0.0120541 0.031925 -2.75442
0.0854861 0.0692252 0.0592305 0.0512494 0.0783247 0.713283
0.0533291 0.0962082 -0.0807084 -0.155918 0.175568 -2.04845
0.0134056 0.10918 0.0231926 0.39081 0.391498 1.51152
-0.0284701 0.106252 0.24579 -0.749482 0.788756 -1.2539
# x y Real Imaginary Modulus Phase <-> f = 0 s = 7
-0.109996 0.000959919 0.769206 -0.0852662 0.773917 -0.110399
-0.102346 -0.0403151 -0.623845 0.35467 0.717616 2.62464
-0.0797912 -0.075719 0.346209 -0.200346 0.399999 -0.524599
-0.0456163 -0.100096 -0.123347 0.0888399 0.15201 2.51741
-0.00479813 -0.109895 0.0058637 -0.0399321 0.0403603 -1.425
0.0367188 -0.103691 0.0145408 0.00146569 0.0146145 0.100459
0.0728882 -0.0823851 -0.0273855 -0.00399893 0.0276759 -2.99659
0.0984428 -0.0490818 0.00513613 0.00137543 0.00531711 0.261656
0.109661 -0.0086305 -0.0237947 0.0124279 0.0268447 2.66027
0.104909 0.0330776 0.00133087 -0.00793156 0.00804244 -1.40455
0.0848787 0.0699686 -0.0282858 -0.0120167 0.0307325 -2.73986
0.0524875 0.0966699 0.0570983 0.0505109 0.0762336 0.724259
0.0124524 0.109293 -0.0751077 -0.175849 0.191217 -1.97446
-0.0293962 0.105999 0.00387172 0.468015 0.468031 1.56252
-0.0669638 0.0872689 0.159064 -0.776091 0.792224 -1.36864
# x y Real Imaginary Modulus Phase <-> f = 0 s = 8
-0.10199 -0.0412067 0.728328 -0.161394 0.745996 -0.218071
-0.0791274 -0.0764124 -0.623531 0.316985 0.699479 2.67127
-0.044741 -0.10049 0.263891 -0.171629 0.314794 -0.576641
-0.00383894 -0.109933 -0.0233772 0.0866448 0.089743 1.83433
0.0376222 -0.103366 -0.0208528 -0.0212818 0.0297952 -2.34601
0.0736044 -0.0817459 0.0335178 -0.010781 0.035209 -0.311199
0.0988673 -0.0482208 -0.0280995 -0.00277606 0.0282363 -3.04312
0.109732 -0.00767321 0.00356513 -0.00411724 0.00544627 -0.857142
0.104616 0.0339919 -0.0252768 0.013825 0.0288105 2.6411
0.0842649 0.0707066 0.00809088 -0.00707761 0.0107496 -0.718696
0.0516419 0.0971242 -0.0316189 -0.00860985 0.0327702 -2.87574
0.0114981 0.109397 0.0562573 0.0636762 0.0849679 0.847178
-0.0303201 0.105739 -0.0690293 -0.236396 0.246268 -1.8549
-0.0677228 0.0866812 0.0770683 0.527329 0.532931 1.42568
-0.0952628 0.055 0.0717835 -0.753997 0.757406 -1.47588
# x y Real Imaginary Modulus Phase <-> f = 0 s = 9
-0.0784575 -0.0771 0.870549 -0.0541631 0.872232 -0.0621371
-0.0438624 -0.100877 -0.510642 0.14943 0.532057 2.85691
-0.00287946 -0.109962 0.11169 -0.127172 0.169255 -0.850123
0.0385228 -0.103034 0.00969744 0.0564468 0.0572737 1.40066
0.0743149 -0.0811005 -0.0258559 0.00272298 0.0259989 3.03667
0.0992844 -0.0473562 0.0396027 -0.0179878 0.0434964 -0.426346
0.109795 -0.00671534 -0.0260127 -0.00152965 0.0260576 -3.08286
0.104316 0.0349035 0.00452158 0.00263722 0.00523446 0.528014
0.0836447 0.0714393 -0.0204789 0.0110086 0.0232503 2.64835
0.0507923 0.0975712 0.0155092 -0.00151869 0.0155834 -0.0976107
0.010543 0.109494 -0.0290617 -0.022661 0.0368525 -2.47932
-0.0312417 0.10547 0.037131 0.11196 0.117957 1.25057
-0.0684766 0.0860869 -0.0703809 -0.300041 0.308185 -1.8012
-0.0957391 0.0541666 0.0711227 0.601088 0.605281 1.45302
-0.109059 0.0143579 0.000367538 -0.808126 0.808126 -1.57034
# x y Real Imaginary Modulus Phase <-> f = 0 s = 10
-0.0429804 -0.101256 0.899173 0.131577 0.908749 0.1453
-0.00191976 -0.109983 -0.3502 0.10961 0.366953 2.83826
0.0394205 -0.102694 0.0793204 -0.110618 0.136118 -0.948708
0.0750198 -0.0804489 0.000528252 0.0478985 0.0479014 1.55977
0.0996939 -0.046488 -0.0221589 0.00141881 0.0222043 3.07765
0.109849 -0.00575696 0.0355966 -0.00823877 0.0365376 -0.227443
0.104007 0.0358125 -0.0258799 -0.00815543 0.0271345 -2.83632
0.0830181 0.0721665 0.00743829 0.0122379 0.0143211 1.02466
0.049939 0.0980107 -0.0113597 0.00235195 0.0116006 2.93743
0.00958713 0.109581 0.00980066 0.00599033 0.0114864 0.548626
-0.0321609 0.105194 -0.00899037 -0.0385316 0.0395665 -1.80002
-0.0692252 0.0854861 0.026013 0.130948 0.133507 1.3747
-0.0962082 0.0533291 -0.0377354 -0.299307 0.301676 -1.69621
-0.10918 0.0134056 0.0369335 0.595527 0.596671 1.50886
-0.106252 -0.0284701 0.130557 -0.7834 0.794204 -1.40566
# x y Real Imaginary Modulus Phase <-> f = 0 s = 11
-0.000959919 -0.109996 0.76682 0.219952 0.797742 0.279337
0.0403151 -0.102346 -0.319668 0.0829067 0.330244 2.88783
0.075719 -0.0797912 0.0970103 -0.111492 0.147789 -0.854743
0.100096 -0.0456163 -0.00651116 0.0708706 0.0711691 1.66241
0.109895 -0.00479813 -0.01039 -0.0301005 0.0318432 -1.90317
0.103691 0.0367188 0.00830376 0.0115346 0.0142127 0.946839
0.0823851 0.0728882 -0.0122437 -0.0041608 0.0129314 -2.814
0.0490818 0.0984428 0.00826686 0.0081179 0.0115863 0.776307
0.0086305 0.109661 -0.00491322 0.000109184 0.00491443 3.11937
-0.0330776 0.104909 0.00610456 0.00606223 0.00860327 0.781919
-0.0699686 0.0848787 -0.00494033 -0.036805 0.0371351 -1.70423
-0.0966699 0.0524875 0.0213153 0.102919 0.105103 1.36658
-0.109293 0.0124524 -0.0452909 -0.23362 0.23797 -1.76229
-0.105999 -0.0293962 -0.00298438 0.427396 0.427406 1.57778
-0.0872689 -0.0669638 0.298897 -0.685665 0.747981 -1.15971
# x y Real Imaginary Modulus Phase <-> f = 0 s = 12
0.0412067 -0.10199 0.820135 0.210984 0.846839 0.251795
0.0764124 -0.0791274 -0.417645 0.0915728 0.427566 2.92575
0.10049 -0.044741 0.165545 -0.14646 0.221033 -0.724305
0.109933 -0.00383894 -0.064179 0.0982801 0.117379 2.14929
0.103366 0.0376222 0.0304468 -0.0495545 0.0581606 -1.01985
0.0817459 0.0736044 -0.0125931 0.0148127 0.0194423 2.27538
0.0482208 0.0988673 0.000705712 -0.00478158 0.00483338 -1.42426
0.00767321 0.109732 0.00598846 0.00221051 0.00638342 0.353613
-0.0339919 0.104616 -0.00210423 0.00155912 0.0026189 2.50391
-0.0707066 0.0842649 0.00873364 0.00159197 0.00887755 0.180301
-0.0971242 0.0516419 -0.025431 -0.0129022 0.0285167 -2.67209
-0.109397 0.0114981 0.0589535 0.0360911 0.0691237 0.549339
-0.105739 -0.0303201 -0.0785205 -0.102911 0.129446 -2.22256
-0.0866812 -0.0677228 0.0171711 0.278057 0.278587 1.50912
-0.055 -0.0952628 0.28247 -0.505027 0.578655 -1.06083
# x y Real Imaginary Modulus Phase <-> f = 0 s = 13
0.0771 -0.0784575 0.961364 0.0344962 0.961983 0.0358672
0.100877 -0.0438624 -0.585344 0.23337 0.63015 2.76222
0.109962 -0.00287946 0.338913 -0.21605 0.40192 -0.567523
0.103034 0.0385228 -0.182418 0.101534 0.208771 2.6337
0.0811005 0.0743149 0.0829832 -0.0243734 0.0864886 -0.285681
0.0473562 0.0992844 -0.022322 -0.000833121 0.0223375 -3.10429
0.00671534 0.109795 0.00415534 -0.00389512 0.00569551 -0.753086
-0.0349035 0.104316 0.00261001 0.00473884 0.00541006 1.06736
-0.0714393 0.0836447 -0.00819436 0.0108838 0.0136237 2.21615
-0.0975712 0.0507923 0.00568952 -0.0162469 0.0172143 -1.23395
-0.109494 0.010543 -0.0186828 0.0137613 0.0232039 2.50674
-0.10547 -0.0312417 0.042523 0.000889084 0.0425323 0.0209053
-0.0860869 -0.0684766 -0.063983 -0.0683137 0.093598 -2.32347
-0.0541666 -0.0957391 0.0164695 0.228595 0.229188 1.49887
-0.0143579 -0.109059 0.312665 -0.529372 0.614812 -1.03729
# x y Real Imaginary Modulus Phase <-> f = 0 s = 14
0.101256 -0.0429804 0.746681 -0.101021 0.753484 -0.134477
0.109983 -0.00191976 -0.583435 0.448947 0.736172 2.48573
0.102694 0.0394205 0.41741 -0.29708 0.512335 -0.61855
0.0804489 0.0750198 -0.211263 0.122954 0.244438 2.61452
0.046488 0.0996939 0.0910913 -0.0391434 0.0991455 -0.405858
0.00575696 0.109849 -0.0199406 0.018971 0.0275232 2.38111
-0.0358125 0.104007 -0.00218813 -0.0114016 0.0116097 -1.76041
-0.0721665 0.0830181 0.00165101 0.0114576 0.0115759 1.42768
-0.0980107 0.049939 -0.016711 0.00939568 0.0191712 2.6294
-0.109581 0.00958713 0.0079385 -0.0326956 0.0336455 -1.33261
-0.105194 -0.0321609 -0.00256516 0.0315809 0.0316849 1.65184
-0.0854861 -0.0692252 0.0282386 -0.00248636 0.0283478 -0.0878218
-0.0533291 -0.0962082 -0.0679704 -0.0776505 0.103197 -2.28982
-0.0134056 -0.10918 -0.00180737 0.30295 0.302955 1.57676
0.0284701 -0.106252 0.327143 -0.733282 0.802948 -1.15116
# x y Real Imaginary Modulus Phase <-> f = 0 s = 15
0.109996 -0.000959919 0.65442 0.0122023 0.654534 0.0186438
0.102346 0.0403151 -0.539642 0.440199 0.696411 2.45734
0.0797912 0.075719 0.351053 -0.280377 0.449277 -0.673932
0.0456163 0.100096 -0.15939 0.133395 0.207845 2.44475
0.00479813 0.109895 0.0391223 -0.0490082 0.0627085 -0.897105
-0.0367188 0.103691 0.000364874 0.0205729 0.0205761 1.55306
-0.0728882 0.0823851 -0.0159825 -0.00542271 0.0168774 -2.81449
-0.0984428 0.0490818 -0.000582243 0.00550869 0.00553937 1.6761
-0.109661 0.0086305 -0.0154653 0.00859235 0.0176919 2.63447
-0.104909 -0.0330776 0.00918733 -0.0378474 0.0389465 -1.33266
-0.0848787 -0.0699686 -0.000714549 0.031547 0.0315551 1.59344
-0.0524875 -0.0966699 0.0451369 0.0149465 0.0475472 0.319773
-0.0124524 -0.109293 -0.0758632 -0.139738 0.159003 -2.06817
0.0293962 -0.105999 -0.00918549 0.478277 0.478365 1.59
0.0669638 -0.0872689 0.0750699 -0.793339 0.796883 -1.47645
