# x y Real Imaginary Modulus Phase <-> f = 0 s = 0
0.10199 0.0412067 0.732822 -0.0421989 0.734036 -0.0575206
0.0791274 0.0764124 -0.57597 0.327901 0.662767 2.62405
0.044741 0.10049 0.295194 -0.221276 0.368921 -0.643242
0.00383894 0.109933 -0.0939264 0.103569 0.139817 2.30741
-0.0376222 0.103366 0.0145336 -0.0468192 0.0490231 -1.26981
-0.0736044 0.0817459 0.00396663 0.0126843 0.0132901 1.26771
-0.0988673 0.0482208 -0.0223353 0.00294401 0.0225285 3.01054
-0.109732 0.00767321 0.00184748 0.00736223 0.00759049 1.32493
-0.104616 -0.0339919 -0.023194 0.0167632 0.0286176 2.51577
-0.0842649 -0.0707066 0.0124537 -0.032271 0.0345906 -1.2025
-0.0516419 -0.0971242 -0.0258806 0.00642276 0.0266657 2.89834
-0.0114981 -0.109397 0.0546896 0.066705 0.0862584 0.884055
0.0303201 -0.105739 -0.0514223 -0.281223 0.285886 -1.75165
0.0677228 -0.0866812 0.125848 0.643506 0.655696 1.37767
0.0952628 -0.055 -0.019696 -0.642558 0.64286 -1.60144
# x y Real Imaginary Modulus Phase <-> f = 0 s = 1
0.0784575 0.0771 0.824413 -0.0849988 0.828783 -0.102739
0.0438624 0.100877 -0.576399 0.259962 0.63231 2.7179
0.00287946 0.109962 0.233098 -0.16792 0.287283 -0.624276
-0.0385228 0.103034 -0.055316 0.0986928 0.113138 2.08166
-0.0743149 0.0811005 0.00253893 -0.0409481 0.0410267 -1.50887
-0.0992844 0.0473562 0.00371935 0.009621 0.0103149 1.20191
-0.109795 0.00671534 -0.0225747 0.0048405 0.0230878 2.93037
-0.104316 -0.0349035 0.00496419 0.0120093 0.0129949 1.17882
-0.0836447 -0.0714393 -0.0217717 0.0143171 0.0260574 2.55989
-0.0507923 -0.0975712 0.0107353 -0.00696438 0.0127965 -0.575486
-0.010543 -0.109494 -0.024388 -0.0331924 0.0411887 -2.20446
0.0312417 -0.10547 0.0133633 0.141303 0.141933 1.4765
0.0684766 -0.0860869 -0.0511579 -0.392262 0.395584 -1.70048
0.0957391 -0.0541666 0.187779 0.636293 0.663423 1.28383
0.109059 -0.0143579 0.0319582 -0.691016 0.691755 -1.52458
# x y Real Imaginary Modulus Phase <-> f = 0 s = 2
0.0429804 0.101256 0.882274 -0.0681022 0.884898 -0.0770366
0.00191976 0.109983 -0.52242 0.173415 0.55045 2.82109
-0.0394205 0.102694 0.183693 -0.16814 0.249026 -0.741221
-0.0750198 0.0804489 -0.0390942 0.0937725 0.101595 1.96579
-0.0996939 0.046488 0.00172731 -0.0426818 0.0427167 -1.53035
-0.109849 0.00575696 0.00867847 0.0107364 0.0138053 0.891001
-0.104007 -0.0358125 -0.0148238 -0.000744895 0.0148425 -3.09138
-0.0830181 -0.0721665 0.0117065 0.013478 0.0178521 0.855623
-0.049939 -0.0980107 -0.00942144 0.00858773 0.012748 2.40246
-0.00958713 -0.109581 0.00553898 0.0107663 0.0121076 1.09564
0.0321609 -0.105194 0.00760253 -0.0549533 0.0554767 -1.43332
0.0692252 -0.0854861 0.00598411 0.174816 0.174918 1.53658
0.0962082 -0.0533291 -0.0823889 -0.36079 0.370077 -1.7953
0.10918 -0.0134056 0.097676 0.571657 0.579942 1.40157
0.106252 0.0284701 0.102767 -0.780881 0.787614 -1.43994
# x y Real Imaginary Modulus Phase <-> f = 0 s = 3
0.000959919 0.109996 0.906136 0.0243198 0.906462 0.0268326
-0.0403151 0.102346 -0.475098 0.184235 0.509569 2.77166
-0.075719 0.0797912 0.170563 -0.159539 0.233547 -0.752015
-0.100096 0.0456163 -0.044924 0.0957098 0.105729 2.00965
-0.109895 0.00479813 0.00133653 -0.0423515 0.0423726 -1.53925
-0.103691 -0.0367188 0.00551372 0.0187604 0.0195539 1.28494
-0.0823851 -0.0728882 -0.00782277 -0.00638463 0.0100975 -2.45708
-0.0490818 -0.0984428 0.010867 0.00538345 0.0121274 0.459956
-0.0086305 -0.109661 -0.00452727 0.000286536 0.00453633 3.07839
0.0330776 -0.104909 -0.00380562 0.0101857 0.0108734 1.92836
0.0699686 -0.0848787 0.00530263 -0.0681134 0.0683195 -1.4931
0.0966699 -0.0524875 0.0390492 0.15207 0.157004 1.31944
0.109293 -0.0124524 -0.0768463 -0.284115 0.294324 -1.83495
0.105999 0.0293962 0.0393462 0.523585 0.525061 1.49579
0.0872689 0.0669638 0.160701 -0.789586 0.805773 -1.37001
# x y Real Imaginary Modulus Phase <-> f = 0 s = 4
-0.0412067 0.10199 0.881943 0.00787331 0.881978 0.008927
-0.0764124 0.0791274 -0.474393 0.163756 0.501861 2.80921
-0.10049 0.044741 0.197311 -0.162917 0.255878 -0.690208
-0.109933 0.00383894 -0.063366 0.099977 0.118367 2.1357
-0.103366 -0.0376222 0.0223455 -0.0468203 0.0518793 -1.1255
-0.0817459 -0.0736044 -0.00838553 0.0160191 0.0180812 2.05304
-0.0482208 -0.0988673 -0.00151841 -0.00152281 0.00215047 -2.35475
-0.00767321 -0.109732 0.0103249 0.00047789 0.010336 0.0462522
0.0339919 -0.104616 -0.00417793 -0.00170483 0.00451238 -2.75416
0.0707066 -0.0842649 0.0066568 0.0184204 0.0195863 1.22402
0.0971242 -0.0516419 -0.0254518 -0.0413175 0.0485276 -2.1229
0.109397 -0.0114981 0.047614 0.0911088 0.1028 1.08923
0.105739 0.0303201 -0.0639653 -0.208235 0.217838 -1.86883
0.0866812 0.0677228 0.00371152 0.434105 0.434121 1.56225
0.055 0.0952628 0.242717 -0.732702 0.771857 -1.25091
# x y Real Imaginary Modulus Phase <-> f = 0 s = 5
-0.0771 0.0784575 0.90944 -0.00927665 0.909487 -0.0102
-0.100877 0.0438624 -0.554457 0.212176 0.593668 2.77611
-0.109962 0.00287946 0.262262 -0.203076 0.331694 -0.658888
-0.103034 -0.0385228 -0.126233 0.113929 0.170043 2.40738
-0.0811005 -0.0743149 0.0564132 -0.0404192 0.0693986 -0.621704
-0.0473562 -0.0992844 -0.0139913 0.00676632 0.0155415 2.69114
-0.00671534 -0.109795 -0.00298897 -0.00240723 0.0038378 -2.46359
0.0349035 -0.104316 0.0125107 0.00635014 0.01403 0.469691
0.0714393 -0.0836447 -0.0121659 -0.00216767 0.0123575 -2.96527
0.0975712 -0.0507923 0.0175309 0.00438448 0.0180709 0.245073
0.109494 -0.010543 -0.0279793 -0.0191828 0.0339238 -2.54059
0.10547 0.0312417 0.056768 0.0608163 0.0831939 0.819813
0.0860869 0.0684766 -0.0803678 -0.169702 0.18777 -2.01309
0.0541666 0.0957391 0.0305418 0.395873 0.397049 1.4938
0.0143579 0.109059 0.213133 -0.713659 0.744805 -1.28058
# x y Real Imaginary Modulus Phase <-> f = 0 s = 6
-0.101256 0.0429804 0.855214 -0.0456358 0.856431 -0.0533113
-0.109983 0.00191976 -0.559199 0.30098 0.635053 2.64783
-0.102694 -0.0394205 0.327179 -0.231591 0.40085 -0.61597
-0.0804489 -0.0750198 -0.148229 0.102707 0.180335 2.53565
-0.046488 -0.0996939 0.0496979 -0.0372966 0.0621363 -0.643799
-0.00575696 -0.109849 -0.000686747 0.0135546 0.013572 1.62142
0.0358125 -0.104007 -0.0140111 0.00172153 0.0141165 3.01934
0.0721665 -0.0830181 0.0147567 0.0150845 0.0211022 0.796383
0.0980107 -0.049939 -0.0180916 0.00969754 0.0205268 2.64954
0.109581 -0.00958713 0.00897953 -0.00411391 0.00987705 -0.429605
0.105194 0.0321609 -0.0289174 -0.0100314 0.0306079 -2.80768
0.0854861 0.0692252 0.0585483 0.0479367 0.0756692 0.686073
0.0533291 0.0962082 -0.0806382 -0.152452 0.172465 -2.05733
0.0134056 0.10918 0.0229703 0.384867 0.385552 1.51118
-0.0284701 0.106252 0.245274 -0.743565 0.782974 -1.25217
# x y Real Imaginary Modulus Phase <-> f = 0 s = 7
-0.109996 0.000959919 0.772102 -0.0810796 0.776347 -0.104628
-0.102346 -0.0403151 -0.620711 0.35579 0.71545 2.62111
-0.0797912 -0.075719 0.35074 -0.199389 0.403453 -0.516921
-0.0456163 -0.100096 -0.120001 0.0911384 0.150687 2.49205
-0.00479813 -0.109895 0.0096241 -0.0415804 0.0426797 -1.34334
0.0367188 -0.103691 0.0123996 0.00531112 0.0134892 0.404688
0.0728882 -0.0823851 -0.0297838 -9.31102e-05 0.0297839 -3.13847
0.0984428 -0.0490818 0.0081388 0.0106382 0.0133945 0.91773
0.109661 -0.0086305 -0.0211398 0.0147143 0.0257566 2.53352
0.104909 0.0330776 0.00376287 -0.00588444 0.00698469 -1.00187
0.0848787 0.0699686 -0.0274806 -0.0103447 0.0293632 -2.78156
0.0524875 0.0966699 0.0573944 0.0489153 0.075411 0.705808
0.0124524 0.109293 -0.0764793 -0.171432 0.187718 -1.99042
-0.0293962 0.105999 0.00624949 0.45889 0.458933 1.55718
-0.0669638 0.0872689 0.163148 -0.772605 0.789643 -1.36269
# x y Real Imaginary Modulus Phase <-> f = 0 s = 8
-0.10199 -0.0412067 0.72943 -0.151838 0.745066 -0.205229
-0.0791274 -0.0764124 -0.624131 0.316265 0.699688 2.67258
-0.044741 -0.10049 0.25785 -0.17415 0.311151 -0.594019
-0.00383894 -0.109933 -0.0282707 0.0924856 0.09671 1.86745
0.0376222 -0.103366 -0.0232328 -0.0270654 0.0356693 -2.28014
0.0736044 -0.0817459 0.0309737 -0.00670036 0.0316901 -0.213041
0.0988673 -0.0482208 -0.0378692 -0.00113555 0.0378862 -3.11162
0.109732 -0.00767321 0.00526161 0.00698678 0.00874641 0.925326
0.104616 0.0339919 -0.0212542 0.0162512 0.0267552 2.48881
0.0842649 0.0707066 0.0100922 -0.00635067 0.0119241 -0.561661
0.0516419 0.0971242 -0.0311561 -0.00828482 0.0322388 -2.88169
0.0114981 0.109397 0.0576098 0.0634288 0.0856861 0.833437
-0.0303201 0.105739 -0.0714905 -0.231006 0.241815 -1.87092
-0.0677228 0.0866812 0.0705468 0.523919 0.528647 1.43695
-0.0952628 0.055 0.0752443 -0.751919 0.755674 -1.47106
# x y Real Imaginary Modulus Phase <-> f = 0 s = 9
-0.0784575 -0.0771 0.874172 -0.0536906 0.875819 -0.0613418
-0.0438624 -0.100877 -0.501234 0.148068 0.522647 2.85435
-0.00287946 -0.109962 0.114576 -0.136569 0.178266 -0.872746
0.0385228 -0.103034 0.0149508 0.0609203 0.0627281 1.33014
0.0743149 -0.0811005 -0.0308128 -0.00809406 0.0318582 -2.88471
0.0992844 -0.0473562 0.036961 -0.0166036 0.0405191 -0.422205
0.109795 -0.00671534 -0.0348981 -0.00226694 0.0349717 -3.07672
0.104316 0.0349035 0.00687214 0.0129009 0.0146171 1.08134
0.0836447 0.0714393 -0.0155237 0.0120814 0.0196709 2.48025
0.0507923 0.0975712 0.0158282 -0.0001723 0.0158291 -0.0108852
0.010543 0.109494 -0.0291393 -0.023474 0.0374183 -2.46346
-0.0312417 0.10547 0.0410405 0.110246 0.117637 1.21443
-0.0684766 0.0860869 -0.0682545 -0.297472 0.305202 -1.79634
-0.0957391 0.0541666 0.0733586 0.601017 0.605477 1.44934
-0.109059 0.0143579 0.00307293 -0.800343 0.800349 -1.56696
# x y Real Imaginary Modulus Phase <-> f = 0 s = 10
-0.0429804 -0.101256 0.886162 0.145989 0.898107 0.163276
-0.00191976 -0.109983 -0.342679 0.115238 0.361537 2.81719
0.0394205 -0.102694 0.071906 -0.116477 0.136884 -1.01772
0.0750198 -0.0804489 0.00994031 0.0544193 0.0553197 1.39013
0.0996939 -0.046488 -0.0272465 -0.010471 0.0291893 -2.77469
0.109849 -0.00575696 0.0333358 -0.0043654 0.0336204 -0.130211
0.104007 0.0358125 -0.0283857 -0.00570414 0.0289532 -2.94328
0.0830181 0.0721665 0.0125564 0.0162386 0.0205269 0.912584
0.049939 0.0980107 -0.00981824 0.00208222 0.0100366 2.93261
0.00958713 0.109581 0.0092518 0.00801593 0.0122414 0.713949
-0.0321609 0.105194 -0.0102283 -0.0423668 0.043584 -1.80769
-0.0692252 0.0854861 0.0275828 0.128594 0.131519 1.3595
-0.0962082 0.0533291 -0.0343076 -0.300501 0.302453 -1.68447
-0.10918 0.0134056 0.0374786 0.597489 0.598663 1.50815
-0.106252 -0.0284701 0.133483 -0.786228 0.797479 -1.40262
# x y Real Imaginary Modulus Phase <-> f = 0 s = 11
-0.000959919 -0.109996 0.757815 0.216472 0.788127 0.278243
0.0403151 -0.102346 -0.31317 0.0960417 0.327566 2.84402
0.075719 -0.0797912 0.0952435 -0.118402 0.151955 -0.893373
0.100096 -0.0456163 -0.00360762 0.0747431 0.0748301 1.61903
0.109895 -0.00479813 -0.0109031 -0.0368272 0.0384073 -1.85864
0.103691 0.0367188 0.00536753 0.01622 0.017085 1.25122
0.0823851 0.0728882 -0.00926114 -0.00301679 0.00974011 -2.82669
0.0490818 0.0984428 0.0112198 0.00767783 0.0135953 0.600118
0.0086305 0.109661 -0.00389612 0.000230984 0.00390296 3.08238
-0.0330776 0.104909 0.00408402 0.00772618 0.00873917 1.08454
-0.0699686 0.0848787 -0.00834158 -0.0408211 0.0416647 -1.77237
-0.0966699 0.0524875 0.0259927 0.102799 0.106034 1.32314
-0.109293 0.0124524 -0.0501095 -0.231467 0.236829 -1.78399
-0.105999 -0.0293962 0.000935009 0.418619 0.41862 1.56856
-0.0872689 -0.0669638 0.297828 -0.666684 0.730184 -1.15066
# x y Real Imaginary Modulus Phase <-> f = 0 s = 12
0.0412067 -0.10199 0.816861 0.202919 0.841688 0.243485
0.0764124 -0.0791274 -0.422721 0.103443 0.435194 2.9016
0.10049 -0.044741 0.174495 -0.15526 0.233568 -0.727133
0.109933 -0.00383894 -0.0745891 0.103828 0.127843 2.19376
0.103366 0.0376222 0.0369893 -0.0486497 0.0611147 -0.920724
0.0817459 0.0736044 -0.0159613 0.0135585 0.0209427 2.43741
0.0482208 0.0988673 0.00111535 -0.00269751 0.002919 -1.17873
0.00767321 0.109732 0.00610579 0.00169117 0.00633567 0.270204
-0.0339919 0.104616 -0.000874258 0.00102353 0.00134608 2.2777
-0.0707066 0.0842649 0.00787352 0.00352386 0.00862612 0.420822
-0.0971242 0.0516419 -0.0249835 -0.0154552 0.0293775 -2.5876
-0.109397 0.0114981 0.0598733 0.0418311 0.0730387 0.609826
-0.105739 -0.0303201 -0.08362 -0.108685 0.13713 -2.22659
-0.0866812 -0.0677228 0.0283533 0.277434 0.278879 1.46895
-0.055 -0.0952628 0.278196 -0.501544 0.573532 -1.06437
# x y Real Imaginary Modulus Phase <-> f = 0 s = 13
0.0771 -0.0784575 0.950059 0.0397867 0.950892 0.0418537
0.100877 -0.0438624 -0.578005 0.236042 0.624344 2.75389
0.109962 -0.00287946 0.335117 -0.222914 0.402485 -0.586974
0.103034 0.0385228 -0.181941 0.104824 0.209978 2.6189
0.0811005 0.0743149 0.0844863 -0.0290644 0.0893458 -0.331331
0.0473562 0.0992844 -0.0287832 -0.00115577 0.0288064 -3.10146
0.00671534 0.109795 0.00506318 -0.00266483 0.00572164 -0.484478
-0.0349035 0.104316 0.00468322 0.00512388 0.00694166 0.830301
-0.0714393 0.0836447 -0.00498193 0.012051 0.0130402 1.9628
-0.0975712 0.0507923 0.0054613 -0.0128589 0.0139706 -1.16917
-0.109494 0.010543 -0.0246525 0.0122376 0.0275228 2.68083
-0.10547 -0.0312417 0.0509195 -0.00230758 0.0509718 -0.0452872
-0.0860869 -0.0684766 -0.0737433 -0.0653168 0.0985107 -2.41672
-0.0541666 -0.0957391 0.0266387 0.231433 0.232961 1.4562
-0.0143579 -0.109059 0.304967 -0.526179 0.608169 -1.04552
# x y Real Imaginary Modulus Phase <-> f = 0 s = 14
0.101256 -0.0429804 0.746563 -0.0925339 0.752276 -0.123318
0.109983 -0.00191976 -0.578095 0.447312 0.730946 2.48305
0.102694 0.0394205 0.416639 -0.300253 0.513556 -0.624454
0.0804489 0.0750198 -0.210161 0.120403 0.242208 2.62133
0.046488 0.0996939 0.0898009 -0.0444748 0.100211 -0.459848
0.00575696 0.109849 -0.0217002 0.0189762 0.028827 2.42306
-0.0358125 0.104007 -0.00206936 -0.00985296 0.0100679 -1.77781
-0.0721665 0.0830181 0.00755377 0.0133975 0.0153803 1.05741
-0.0980107 0.049939 -0.0174661 0.015867 0.0235972 2.40413
-0.109581 0.00958713 0.00598186 -0.0303375 0.0309216 -1.37612
-0.105194 -0.0321609 -0.0111548 0.0285073 0.030612 1.94378
-0.0854861 -0.0692252 0.0385189 -0.00797275 0.0393354 -0.204101
-0.0533291 -0.0962082 -0.0723079 -0.0751743 0.104305 -2.33676
-0.0134056 -0.10918 0.00137989 0.306116 0.306119 1.56629
0.0284701 -0.106252 0.313592 -0.72312 0.788189 -1.16161
# x y Real Imaginary Modulus Phase <-> f = 0 s = 15
0.109996 -0.000959919 0.657269 0.00753796 0.657312 0.0114681
0.102346 0.0403151 -0.534866 0.441145 0.693319 2.45193
0.0797912 0.075719 0.354672 -0.28105 0.452528 -0.670103
0.0456163 0.100096 -0.15564 0.132639 0.204492 2.43581
0.00479813 0.109895 0.0400753 -0.0521631 0.0657801 -0.915705
-0.0367188 0.103691 0.000256084 0.0211376 0.0211392 1.55868
-0.0728882 0.0823851 -0.0143479 -0.00397184 0.0148875 -2.87153
-0.0984428 0.0490818 0.00450301 0.011502 0.012352 1.19764
-0.109661 0.0086305 -0.0239515 0.016102 0.0288609 2.54972
-0.104909 -0.0330776 0.00662287 -0.0403549 0.0408947 -1.40813
-0.0848787 -0.0699686 -0.0105128 0.0275043 0.029445 1.93589
-0.0524875 -0.0966699 0.0535252 0.0109688 0.0546375 0.202129
-0.0124524 -0.109293 -0.0774164 -0.145393 0.164719 -2.06008
0.0293962 -0.105999 0.00316466 0.476148 0.476159 1.56415
0.0669638 -0.0872689 0.0755359 -0.787641 0.791255 -1.47519
