# x y Real Imaginary Modulus Phase <-> f = 0 s = 0
0.10199 0.0412067 0.0114315 -0.799542 0.799624 -1.5565
0.0791274 0.0764124 0.0114591 -0.786339 0.786423 -1.55622
0.044741 0.10049 -0.00299822 -0.751831 0.751837 -1.57478
0.00383894 0.109933 0.0182766 -0.781541 0.781755 -1.54742
-0.0376222 0.103366 0.0265069 -0.752829 0.753296 -1.5356
-0.0736044 0.0817459 -0.0212879 -0.770928 0.771222 -1.5984
-0.0988673 0.0482208 0.0352851 -0.828074 0.828825 -1.52821
-0.109732 0.00767321 0.022735 -0.766461 0.766798 -1.54114
-0.104616 -0.0339919 -0.000506907 -0.784981 0.784982 -1.57144
-0.0842649 -0.0707066 0.0151499 -0.742891 0.743046 -1.55041
-0.0516419 -0.0971242 -0.00339359 -0.745054 0.745061 -1.57535
-0.0114981 -0.109397 0.0200571 -0.786589 0.786845 -1.5453
0.0303201 -0.105739 -0.00362998 -0.815756 0.815764 -1.57525
0.0677228 -0.0866812 0.0488796 -0.814843 0.816307 -1.51088
0.0952628 -0.055 0.00926265 -0.754613 0.75467 -1.55852
# x y Real Imaginary Modulus Phase <-> f = 0 s = 1
0.0784575 0.0771 0.0437986 -0.78914 0.790355 -1.51535
0.0438624 0.100877 -0.00599407 -0.773358 0.773382 -1.57855
0.00287946 0.109962 0.0269736 -0.750128 0.750612 -1.53485
-0.0385228 0.103034 0.0239322 -0.766273 0.766646 -1.53957
-0.0743149 0.0811005 -0.00287125 -0.797419 0.797425 -1.5744
-0.0992844 0.0473562 0.00136823 -0.77325 0.773252 -1.56903
-0.109795 0.00671534 0.0208958 -0.78682 0.787097 -1.54425
-0.104316 -0.0349035 -0.00270616 -0.786537 0.786542 -1.57424
-0.0836447 -0.0714393 0.0483237 -0.765719 0.767243 -1.50777
-0.0507923 -0.0975712 0.000221876 -0.775768 0.775768 -1.57051
-0.010543 -0.109494 -0.011699 -0.800388 0.800474 -1.58541
0.0312417 -0.10547 -0.00189353 -0.738313 0.738316 -1.57336
0.0684766 -0.0860869 0.00761884 -0.755497 0.755535 -1.56071
0.0957391 -0.0541666 -0.0523283 -0.82125 0.822916 -1.63443
0.109059 -0.0143579 -0.0143876 -0.78154 0.781673 -1.5892
# x y Real Imaginary Modulus Phase <-> f = 0 s = 2
0.0429804 0.101256 0.0145032 -0.74997 0.75011 -1.55146
0.00191976 0.109983 0.0027344 -0.817608 0.817613 -1.56745
-0.0394205 0.102694 -0.00412635 -0.778981 0.778992 -1.57609
-0.0750198 0.0804489 -0.0455356 -0.835745 0.836984 -1.62523
-0.0996939 0.046488 -0.00225969 -0.748544 0.748547 -1.57382
-0.109849 0.00575696 -0.0232252 -0.767786 0.768137 -1.60104
-0.104007 -0.0358125 0.0311173 -0.823074 0.823662 -1.53301
-0.0830181 -0.0721665 -0.0181966 -0.748183 0.748404 -1.59511
-0.049939 -0.0980107 0.00755232 -0.779039 0.779075 -1.5611
-0.00958713 -0.109581 0.0164782 -0.787773 0.787945 -1.54988
0.0321609 -0.105194 0.0200165 -0.798938 0.799188 -1.54575
0.0692252 -0.0854861 0.00930399 -0.754811 0.754868 -1.55847
0.0962082 -0.0533291 0.0096952 -0.806001 0.806059 -1.55877
0.10918 -0.0134056 0.0074672 -0.784064 0.784099 -1.56127
0.106252 0.0284701 -0.00832657 -0.782303 0.782347 -1.58144
# x y Real Imaginary Modulus Phase <-> f = 0 s = 3
0.000959919 0.109996 -0.0129134 -0.792024 0.792129 -1.5871
-0.0403151 0.102346 0.0411528 -0.790485 0.791555 -1.51878
-0.075719 0.0797912 -0.0250089 -0.731925 0.732352 -1.60495
-0.100096 0.0456163 -0.00521844 -0.789591 0.789608 -1.57741
-0.109895 0.00479813 -0.048966 -0.768702 0.77026 -1.63441
-0.103691 -0.0367188 -0.00295744 -0.781485 0.781491 -1.57458
-0.0823851 -0.0728882 0.00574741 -0.803532 0.803553 -1.56364
-0.0490818 -0.0984428 0.0564934 -0.777374 0.779424 -1.49825
-0.0086305 -0.109661 -0.00512746 -0.769533 0.769551 -1.57746
0.0330776 -0.104909 0.0412525 -0.812554 0.813601 -1.52007
0.0699686 -0.0848787 0.0203597 -0.811057 0.811313 -1.5457
0.0966699 -0.0524875 -0.00432469 -0.768492 0.768504 -1.57642
0.109293 -0.0124524 -0.0293884 -0.778794 0.779348 -1.60851
0.105999 0.0293962 0.0280253 -0.811441 0.811924 -1.53627
0.0872689 0.0669638 0.0180512 -0.788446 0.788652 -1.54791
# x y Real Imaginary Modulus Phase <-> f = 0 s = 4
-0.0412067 0.10199 -0.03817 -0.785716 0.786643 -1.61934
-0.0764124 0.0791274 0.0088663 -0.801201 0.80125 -1.55973
-0.10049 0.044741 -0.00644401 -0.81138 0.811406 -1.57874
-0.109933 0.00383894 0.017227 -0.788661 0.788849 -1.54896
-0.103366 -0.0376222 0.0439507 -0.796184 0.797396 -1.51565
-0.0817459 -0.0736044 -0.0262388 -0.757859 0.758314 -1.6054
-0.0482208 -0.0988673 0.00360822 -0.797129 0.797137 -1.56627
-0.00767321 -0.109732 0.0253314 -0.815357 0.81575 -1.53974
0.0339919 -0.104616 0.0317146 -0.800619 0.801247 -1.5312
0.0707066 -0.0842649 -0.0310672 -0.76446 0.765091 -1.61141
0.0971242 -0.0516419 0.0143959 -0.785845 0.785977 -1.55248
0.109397 -0.0114981 -0.00991555 -0.771106 0.77117 -1.58365
0.105739 0.0303201 -0.0239442 -0.779316 0.779683 -1.60151
0.0866812 0.0677228 -0.0501322 -0.781078 0.782685 -1.63489
0.055 0.0952628 -0.0342291 -0.782424 0.783172 -1.61452
# x y Real Imaginary Modulus Phase <-> f = 0 s = 5
-0.0771 0.0784575 0.0219636 -0.742936 0.74326 -1.54124
-0.100877 0.0438624 0.0308642 -0.793241 0.793841 -1.53191
-0.109962 0.00287946 -0.00569861 -0.823464 0.823483 -1.57772
-0.103034 -0.0385228 0.024206 -0.754001 0.75439 -1.5387
-0.0811005 -0.0743149 0.00675392 -0.78667 0.786699 -1.56221
-0.0473562 -0.0992844 0.00484213 -0.801353 0.801368 -1.56475
-0.00671534 -0.109795 -0.0201179 -0.824256 0.824501 -1.5952
0.0349035 -0.104316 -0.00955844 -0.744318 0.744379 -1.58364
0.0714393 -0.0836447 -0.0495094 -0.753845 0.755469 -1.63638
0.0975712 -0.0507923 -0.036754 -0.789861 0.790716 -1.6173
0.109494 -0.010543 0.0199592 -0.756378 0.756642 -1.54441
0.10547 0.0312417 -0.0221748 -0.768771 0.769091 -1.59963
0.0860869 0.0684766 -0.00588401 -0.781397 0.78142 -1.57833
0.0541666 0.0957391 -0.03064 -0.783422 0.784021 -1.60989
0.0143579 0.109059 0.00215149 -0.778269 0.778272 -1.56803
# x y Real Imaginary Modulus Phase <-> f = 0 s = 6
-0.101256 0.0429804 -0.00505223 -0.799679 0.799695 -1.57711
-0.109983 0.00191976 -0.0097372 -0.770821 0.770883 -1.58343
-0.102694 -0.0394205 -0.0163258 -0.771945 0.772118 -1.59194
-0.0804489 -0.0750198 0.00992494 -0.744081 0.744147 -1.55746
-0.046488 -0.0996939 0.00811436 -0.765928 0.765971 -1.5602
-0.00575696 -0.109849 -0.0545121 -0.790564 0.792441 -1.63964
0.0358125 -0.104007 0.0250913 -0.768241 0.76865 -1.53815
0.0721665 -0.0830181 -0.0309117 -0.772078 0.772697 -1.61081
0.0980107 -0.049939 0.0145717 -0.771801 0.771939 -1.55192
0.109581 -0.00958713 0.00171825 -0.821918 0.82192 -1.56871
0.105194 0.0321609 -0.0114927 -0.777437 0.777522 -1.58558
0.0854861 0.0692252 0.022964 -0.751088 0.751439 -1.54023
0.0533291 0.0962082 0.00348236 -0.785365 0.785372 -1.56636
0.0134056 0.10918 -0.031018 -0.812354 0.812946 -1.60896
-0.0284701 0.106252 0.00161607 -0.739562 0.739564 -1.56861
# x y Real Imaginary Modulus Phase <-> f = 0 s = 7
-0.109996 0.000959919 0.00202683 -0.787888 0.78789 -1.56822
-0.102346 -0.0403151 0.0558758 -0.776271 0.77828 -1.49894
-0.0797912 -0.075719 0.0030681 -0.768049 0.768055 -1.5668
-0.0456163 -0.100096 -0.0222237 -0.780061 0.780378 -1.59928
-0.00479813 -0.109895 -0.0316462 -0.755651 0.756314 -1.61265
0.0367188 -0.103691 0.0321934 -0.725674 0.726388 -1.52646
0.0728882 -0.0823851 -0.00497708 -0.760618 0.760634 -1.57734
0.0984428 -0.0490818 -0.0287314 -0.780656 0.781184 -1.60758
0.109661 -0.0086305 0.0168814 -0.776921 0.777104 -1.54907
0.104909 0.0330776 0.00910216 -0.780063 0.780116 -1.55913
0.0848787 0.0699686 -0.0111949 -0.785261 0.78534 -1.58505
0.0524875 0.0966699 -0.0669335 -0.826739 0.829444 -1.65158
0.0124524 0.109293 -0.0133143 -0.794562 0.794673 -1.58755
-0.0293962 0.105999 -0.0470763 -0.773187 0.774619 -1.63161
-0.0669638 0.0872689 -0.0213464 -0.810298 0.81058 -1.59713
# x y Real Imaginary Modulus Phase <-> f = 0 s = 8
-0.10199 -0.0412067 -0.0196251 -0.785519 0.785764 -1.59577
-0.0791274 -0.0764124 0.0270212 -0.762195 0.762674 -1.53536
-0.044741 -0.10049 0.00355473 -0.813987 0.813995 -1.56643
-0.00383894 -0.109933 0.00977494 -0.807043 0.807102 -1.55868
0.0376222 -0.103366 0.0227281 -0.806786 0.807107 -1.54263
0.0736044 -0.0817459 -0.0231627 -0.76136 0.761713 -1.60121
0.0988673 -0.0482208 0.00113223 -0.783671 0.783672 -1.56935
0.109732 -0.00767321 0.0294339 -0.776434 0.776992 -1.53291
0.104616 0.0339919 -0.012737 -0.760719 0.760825 -1.58754
0.0842649 0.0707066 0.00420717 -0.786269 0.78628 -1.56545
0.0516419 0.0971242 0.0396144 -0.790068 0.79106 -1.5207
0.0114981 0.109397 -0.0230433 -0.763368 0.763716 -1.60097
-0.0303201 0.105739 0.0181197 -0.79993 0.800135 -1.54815
-0.0677228 0.0866812 -0.0543674 -0.771658 0.773571 -1.64114
-0.0952628 0.055 -0.0501987 -0.81977 0.821306 -1.63195
# x y Real Imaginary Modulus Phase <-> f = 0 s = 9
-0.0784575 -0.0771 0.00632349 -0.774519 0.774545 -1.56263
-0.0438624 -0.100877 -0.0366634 -0.778326 0.779189 -1.61787
-0.00287946 -0.109962 0.0348825 -0.78173 0.782508 -1.5262
0.0385228 -0.103034 0.0129134 -0.837235 0.837335 -1.55537
0.0743149 -0.0811005 -0.0213068 -0.774215 0.774508 -1.59831
0.0992844 -0.0473562 0.0227845 -0.789066 0.789395 -1.54193
0.109795 -0.00671534 -0.00955513 -0.767001 0.767061 -1.58325
0.104316 0.0349035 -0.0221142 -0.776039 0.776354 -1.59928
0.0836447 0.0714393 0.0304536 -0.785006 0.785596 -1.53202
0.0507923 0.0975712 0.00127537 -0.817459 0.81746 -1.56924
0.010543 0.109494 -0.0164938 -0.778011 0.778186 -1.59199
-0.0312417 0.10547 0.0238019 -0.756313 0.756687 -1.53934
-0.0684766 0.0860869 -0.0439689 -0.75605 0.757327 -1.62889
-0.0957391 0.0541666 -0.0188719 -0.789843 0.790069 -1.59468
-0.109059 0.0143579 0.0115702 -0.756147 0.756236 -1.5555
# x y Real Imaginary Modulus Phase <-> f = 0 s = 10
-0.0429804 -0.101256 0.0123755 -0.772672 0.772771 -1.55478
-0.00191976 -0.109983 -0.0214017 -0.804374 0.804658 -1.5974
0.0394205 -0.102694 0.00842308 -0.796337 0.796382 -1.56022
0.0750198 -0.0804489 -0.0131077 -0.814797 0.814902 -1.58688
0.0996939 -0.046488 -0.0104267 -0.799915 0.799983 -1.58383
0.109849 -0.00575696 -0.0144463 -0.793304 0.793436 -1.589
0.104007 0.0358125 -0.00450102 -0.816291 0.816303 -1.57631
0.0830181 0.0721665 0.00345573 -0.743316 0.743324 -1.56615
0.049939 0.0980107 -0.0157852 -0.768926 0.769088 -1.59132
0.00958713 0.109581 0.0166833 -0.77482 0.775 -1.54927
-0.0321609 0.105194 -0.0444949 -0.779343 0.780612 -1.62783
-0.0692252 0.0854861 -0.0240037 -0.811717 0.812072 -1.60036
-0.0962082 0.0533291 -0.0061627 -0.756305 0.756331 -1.57894
-0.10918 0.0134056 0.0315771 -0.732991 0.733671 -1.52774
-0.106252 -0.0284701 -0.00802336 -0.756643 0.756686 -1.5814
# x y Real Imaginary Modulus Phase <-> f = 0 s = 11
-0.000959919 -0.109996 0.0234281 -0.792394 0.792741 -1.54124
0.0403151 -0.102346 -0.010133 -0.785838 0.785903 -1.58369
0.075719 -0.0797912 -0.0123297 -0.796178 0.796274 -1.58628
0.100096 -0.0456163 -0.020565 -0.790589 0.790857 -1.5968
0.109895 -0.00479813 0.0019069 -0.770269 0.770272 -1.56832
0.103691 0.0367188 -0.047185 -0.815041 0.816405 -1.62862
0.0823851 0.0728882 -0.0143815 -0.776444 0.776577 -1.58932
0.0490818 0.0984428 0.0276428 -0.770415 0.770911 -1.53493
0.0086305 0.109661 -0.002244 -0.764359 0.764362 -1.57373
-0.0330776 0.104909 -0.0083466 -0.780586 0.780631 -1.58149
-0.0699686 0.0848787 -0.00810815 -0.807316 0.807357 -1.58084
-0.0966699 0.0524875 -0.0218536 -0.815343 0.815636 -1.59759
-0.109293 0.0124524 0.0202432 -0.818264 0.818514 -1.54606
-0.105999 -0.0293962 -0.00543243 -0.807808 0.807826 -1.57752
-0.0872689 -0.0669638 -0.00914013 -0.78727 0.787324 -1.58241
# x y Real Imaginary Modulus Phase <-> f = 0 s = 12
0.0412067 -0.10199 0.0173156 -0.821757 0.821939 -1.54973
0.0764124 -0.0791274 -0.00930264 -0.761351 0.761408 -1.58301
0.10049 -0.044741 -0.0221301 -0.731547 0.731881 -1.60104
0.109933 -0.00383894 -0.029411 -0.766597 0.767161 -1.60914
0.103366 0.0376222 -0.0389481 -0.782157 0.783126 -1.62055
0.0817459 0.0736044 -0.0235753 -0.795065 0.795414 -1.60044
0.0482208 0.0988673 -0.0194097 -0.799945 0.800181 -1.59506
0.00767321 0.109732 0.00148061 -0.794061 0.794062 -1.56893
-0.0339919 0.104616 0.0209396 -0.801376 0.801649 -1.54467
-0.0707066 0.0842649 -0.00986899 -0.813895 0.813955 -1.58292
-0.0971242 0.0516419 0.00291627 -0.765815 0.765821 -1.56699
-0.109397 0.0114981 0.00208723 -0.80986 0.809862 -1.56822
-0.105739 -0.0303201 0.0177965 -0.777903 0.778107 -1.54792
-0.0866812 -0.0677228 0.0137928 -0.847004 0.847117 -1.55451
-0.055 -0.0952628 -0.0310604 -0.78814 0.788752 -1.61019
# x y Real Imaginary Modulus Phase <-> f = 0 s = 13
0.0771 -0.0784575 0.0362477 -0.833132 0.83392 -1.52732
0.100877 -0.0438624 0.000337588 -0.785766 0.785766 -1.57037
0.109962 -0.00287946 -0.0113674 -0.764469 0.764553 -1.58566
0.103034 0.0385228 0.0253311 -0.789091 0.789498 -1.53871
0.0811005 0.0743149 0.038676 -0.791907 0.792851 -1.522
0.0473562 0.0992844 -0.0185098 -0.781681 0.7819 -1.59447
0.00671534 0.109795 -0.00807491 -0.78888 0.788922 -1.58103
-0.0349035 0.104316 -0.00914145 -0.813779 0.81383 -1.58203
-0.0714393 0.0836447 0.000562015 -0.778134 0.778134 -1.57007
-0.0975712 0.0507923 -0.0225671 -0.757231 0.757567 -1.60059
-0.109494 0.010543 -0.0371486 -0.774561 0.775451 -1.61872
-0.10547 -0.0312417 0.010429 -0.771036 0.771107 -1.55727
-0.0860869 -0.0684766 -0.0144049 -0.75484 0.754977 -1.58988
-0.0541666 -0.0957391 0.0352328 -0.812599 0.813363 -1.52747
-0.0143579 -0.109059 0.0229567 -0.794569 0.7949 -1.54191
# x y Real Imaginary Modulus Phase <-> f = 0 s = 14
0.101256 -0.0429804 0.0101973 -0.803092 0.803156 -1.5581
0.109983 -0.00191976 -0.0244707 -0.723076 0.72349 -1.60463
0.102694 0.0394205 -0.00210793 -0.770182 0.770185 -1.57353
0.0804489 0.0750198 0.00225502 -0.799792 0.799795 -1.56798
0.046488 0.0996939 -0.00185539 -0.794084 0.794086 -1.57313
0.00575696 0.109849 0.0152862 -0.760341 0.760494 -1.55069
-0.0358125 0.104007 0.00389848 -0.766862 0.766872 -1.56571
-0.0721665 0.0830181 0.0207304 -0.802942 0.80321 -1.54498
-0.0980107 0.049939 -0.0138412 -0.808933 0.809051 -1.58791
-0.109581 0.00958713 0.0128648 -0.800753 0.800857 -1.55473
-0.105194 -0.0321609 0.0152556 -0.812916 0.813059 -1.55203
-0.0854861 -0.0692252 -0.0134168 -0.769198 0.769315 -1.58824
-0.0533291 -0.0962082 0.0280073 -0.777862 0.778366 -1.53481
-0.0134056 -0.10918 -0.0093906 -0.796385 0.796441 -1.58259
0.0284701 -0.106252 0.0206246 -0.761194 0.761473 -1.54371
# x y Real Imaginary Modulus Phase <-> f = 0 s = 15
0.109996 -0.000959919 0.0245912 -0.75911 0.759508 -1.53841
0.102346 0.0403151 0.0468581 -0.806008 0.807368 -1.51273
0.0797912 0.075719 0.0145296 -0.792911 0.793044 -1.55247
0.0456163 0.100096 -0.0178017 -0.764358 0.764565 -1.59408
0.00479813 0.109895 0.00110985 -0.775344 0.775345 -1.56936
-0.0367188 0.103691 -0.028921 -0.785198 0.78573 -1.60761
-0.0728882 0.0823851 -0.015029 -0.780782 0.780927 -1.59004
-0.0984428 0.0490818 -0.0281681 -0.802969 0.803463 -1.60586
-0.109661 0.0086305 0.015718 -0.781282 0.78144 -1.55068
-0.104909 -0.0330776 0.037856 -0.766313 0.767247 -1.52144
-0.0848787 -0.0699686 0.00871275 -0.803077 0.803124 -1.55995
-0.0524875 -0.0966699 -0.0151607 -0.788454 0.7886 -1.59002
-0.0124524 -0.109293 0.015227 -0.763042 0.763193 -1.55084
0.0293962 -0.105999 0.0235304 -0.777 0.777356 -1.54052
0.0669638 -0.0872689 0.0107941 -0.786359 0.786433 -1.55707
