# x y Real Imaginary Modulus Phase <-> f = 0 s = 0
0.10199 0.0412067 0.726157 -0.0309277 0.726815 -0.0425652
0.0791274 0.0764124 -0.569912 0.335938 0.661554 2.60896
0.044741 0.10049 0.298709 -0.22833 0.375981 -0.652647
0.00383894 0.109933 -0.0981445 0.109377 0.146955 2.30212
-0.0376222 0.103366 0.0154756 -0.0511881 0.0534763 -1.27721
-0.0736044 0.0817459 0.00308285 0.0170559 0.0173323 1.39198
-0.0988673 0.0482208 -0.0191237 0.00525484 0.0198325 2.87343
-0.109732 0.00767321 0.00441077 0.0101074 0.0110279 1.15932
-0.104616 -0.0339919 -0.0196941 0.0162644 0.0255419 2.45129
-0.0842649 -0.0707066 0.00842899 -0.0288249 0.030032 -1.28631
-0.0516419 -0.0971242 -0.0254485 0.00207852 0.0255332 3.0601
-0.0114981 -0.109397 0.0553756 0.0695527 0.0889046 0.898397
0.0303201 -0.105739 -0.0527249 -0.286844 0.291649 -1.75258
0.0677228 -0.0866812 0.135683 0.643807 0.657949 1.36308
0.0952628 -0.055 -0.0106716 -0.63401 0.6341 -1.58763
# x y Real Imaginary Modulus Phase <-> f = 0 s = 1
0.0784575 0.0771 0.811085 -0.0886823 0.815919 -0.108905
0.0438624 0.100877 -0.57985 0.27563 0.642026 2.69786
0.00287946 0.109962 0.240503 -0.179007 0.299809 -0.639845
-0.0385228 0.103034 -0.0584669 0.10621 0.121239 2.07401
-0.0743149 0.0811005 0.00282 -0.046549 0.0466343 -1.51029
-0.0992844 0.0473562 0.00393083 0.0158891 0.0163681 1.32827
-0.109795 0.00671534 -0.0198268 0.00680188 0.0209611 2.81111
-0.104316 -0.0349035 0.00771045 0.0135981 0.015632 1.05498
-0.0836447 -0.0714393 -0.0182483 0.0146271 0.023387 2.4659
-0.0507923 -0.0975712 0.00985591 -0.00318565 0.010358 -0.312623
-0.010543 -0.109494 -0.0249946 -0.035131 0.0431152 -2.18918
0.0312417 -0.10547 0.0134455 0.145253 0.145874 1.47849
0.0684766 -0.0860869 -0.0574535 -0.398895 0.403011 -1.71384
0.0957391 -0.0541666 0.196481 0.632855 0.662654 1.26976
0.109059 -0.0143579 0.0328396 -0.67835 0.679144 -1.52242
# x y Real Imaginary Modulus Phase <-> f = 0 s = 2
0.0429804 0.101256 0.869543 -0.0865202 0.873837 -0.0991743
0.00191976 0.109983 -0.529424 0.19197 0.563154 2.79374
-0.0394205 0.102694 0.190021 -0.179339 0.261286 -0.756486
-0.0750198 0.0804489 -0.0410115 0.101016 0.109024 1.95646
-0.0996939 0.046488 0.00110965 -0.0480876 0.0481004 -1.54772
-0.109849 0.00575696 0.00816779 0.0155862 0.0175967 1.0881
-0.104007 -0.0358125 -0.0122956 -0.00108853 0.0123437 -3.05329
-0.0830181 -0.0721665 0.0133289 0.0125707 0.0183216 0.756132
-0.049939 -0.0980107 -0.00585668 0.00705786 0.00917137 2.26345
-0.00958713 -0.109581 0.00496405 0.0135658 0.0144455 1.22001
0.0321609 -0.105194 0.00743434 -0.0587517 0.0592202 -1.44493
0.0692252 -0.0854861 0.00561867 0.179485 0.179573 1.5395
0.0962082 -0.0533291 -0.0870059 -0.366611 0.376794 -1.80381
0.10918 -0.0134056 0.1069 0.572342 0.58224 1.38615
0.106252 0.0284701 0.0937177 -0.774786 0.780433 -1.45042
# x y Real Imaginary Modulus Phase <-> f = 0 s = 3
0.000959919 0.109996 0.903349 -0.0020437 0.903351 -0.00226236
-0.0403151 0.102346 -0.487065 0.203587 0.527901 2.74568
-0.075719 0.0797912 0.177532 -0.170994 0.246488 -0.766641
-0.100096 0.0456163 -0.047573 0.103331 0.113756 2.00226
-0.109895 0.00479813 0.0021379 -0.0473262 0.0473745 -1.52565
-0.103691 -0.0367188 0.00421271 0.0214066 0.0218172 1.37648
-0.0823851 -0.0728882 -0.00653547 -0.00754471 0.00998173 -2.28464
-0.0490818 -0.0984428 0.01008 0.00383627 0.0107853 0.363656
-0.0086305 -0.109661 -0.0025041 -0.000620361 0.0025798 -2.89874
0.0330776 -0.104909 -0.00594033 0.0133327 0.0145962 1.98994
0.0699686 -0.0848787 0.00510911 -0.0700672 0.0702532 -1.49801
0.0966699 -0.0524875 0.0391072 0.156418 0.161233 1.3258
0.109293 -0.0124524 -0.0807892 -0.289688 0.300742 -1.84277
0.105999 0.0293962 0.047397 0.532682 0.534786 1.48205
0.0872689 0.0669638 0.140109 -0.792459 0.80475 -1.3958
# x y Real Imaginary Modulus Phase <-> f = 0 s = 4
-0.0412067 0.10199 0.880448 -0.0229405 0.880747 -0.0260496
-0.0764124 0.0791274 -0.482487 0.182737 0.515933 2.77955
-0.10049 0.044741 0.202624 -0.174232 0.267233 -0.710201
-0.109933 0.00383894 -0.0666493 0.106082 0.125282 2.13175
-0.103366 -0.0376222 0.0248633 -0.049884 0.0557369 -1.10841
-0.0817459 -0.0736044 -0.00936763 0.0174043 0.0197652 2.06456
-0.0482208 -0.0988673 -0.000385104 -0.00191355 0.00195192 -1.76939
-0.00767321 -0.109732 0.00894242 -0.000272123 0.00894656 -0.0304212
0.0339919 -0.104616 -0.00322341 -0.00227728 0.00394669 -2.52653
0.0707066 -0.0842649 0.00661911 0.0198208 0.0208968 1.24849
0.0971242 -0.0516419 -0.02487 -0.0444354 0.0509217 -2.08105
0.109397 -0.0114981 0.0501074 0.096885 0.109075 1.0935
0.105739 0.0303201 -0.0685559 -0.217516 0.228064 -1.87612
0.0866812 0.0677228 0.0149151 0.446945 0.447194 1.53744
0.055 0.0952628 0.221981 -0.745634 0.777975 -1.28144
# x y Real Imaginary Modulus Phase <-> f = 0 s = 5
-0.0771 0.0784575 0.905658 -0.0310599 0.90619 -0.034282
-0.100877 0.0438624 -0.56028 0.227133 0.604569 2.75645
-0.109962 0.00287946 0.268235 -0.211002 0.34128 -0.666536
-0.103034 -0.0385228 -0.130762 0.117968 0.176111 2.40759
-0.0811005 -0.0743149 0.0589489 -0.0423877 0.0726064 -0.623403
-0.0473562 -0.0992844 -0.0167735 0.0087967 0.0189402 2.65858
-0.00671534 -0.109795 -0.00132318 -0.00269746 0.00300451 -2.02684
0.0349035 -0.104316 0.0123157 0.00481164 0.0132223 0.372456
0.0714393 -0.0836447 -0.0116421 -0.00379302 0.0122444 -2.82664
0.0975712 -0.0507923 0.0184272 0.00692094 0.019684 0.359282
0.109494 -0.010543 -0.0315629 -0.0222119 0.0385951 -2.52836
0.10547 0.0312417 0.0610542 0.0655967 0.0896133 0.821249
0.0860869 0.0684766 -0.0870892 -0.177471 0.197688 -2.027
0.0541666 0.0957391 0.0404522 0.411185 0.41317 1.47273
0.0143579 0.109059 0.189947 -0.732856 0.757072 -1.31719
# x y Real Imaginary Modulus Phase <-> f = 0 s = 6
-0.101256 0.0429804 0.839142 -0.0556566 0.840986 -0.0662286
-0.109983 0.00191976 -0.557739 0.313105 0.639615 2.63005
-0.102694 -0.0394205 0.329616 -0.23814 0.406642 -0.625653
-0.0804489 -0.0750198 -0.152177 0.10573 0.185302 2.53438
-0.046488 -0.0996939 0.0513935 -0.0398705 0.0650457 -0.659803
-0.00575696 -0.109849 -0.00297989 0.0148713 0.0151669 1.76856
0.0358125 -0.104007 -0.0101786 0.00184023 0.0103436 2.96273
0.0721665 -0.0830181 0.017247 0.01407 0.0222581 0.684298
0.0980107 -0.049939 -0.0161985 0.0091492 0.0186037 2.62744
0.109581 -0.00958713 0.0119978 -0.000455147 0.0120064 -0.0379177
0.105194 0.0321609 -0.0334846 -0.0122118 0.0356419 -2.79188
0.0854861 0.0692252 0.0641185 0.0512803 0.0821027 0.674603
0.0533291 0.0962082 -0.0871533 -0.160901 0.182989 -2.06721
0.0134056 0.10918 0.0340422 0.399857 0.401303 1.48587
-0.0284701 0.106252 0.228557 -0.755169 0.788998 -1.2769
# x y Real Imaginary Modulus Phase <-> f = 0 s = 7
-0.109996 0.000959919 0.758956 -0.0816132 0.763331 -0.107122
-0.102346 -0.0403151 -0.615673 0.363679 0.715063 2.60804
-0.0797912 -0.075719 0.354221 -0.208838 0.4112 -0.532715
-0.0456163 -0.100096 -0.123426 0.094944 0.155719 2.48589
-0.00479813 -0.109895 0.011647 -0.0437297 0.0452542 -1.3105
0.0367188 -0.103691 0.00904931 0.00821598 0.0122226 0.737169
0.0728882 -0.0823851 -0.0272112 0.00213611 0.0272949 3.06325
0.0984428 -0.0490818 0.0111059 0.0114174 0.0159279 0.799227
0.109661 -0.0086305 -0.0193368 0.0174659 0.026057 2.40699
0.104909 0.0330776 0.0076839 -0.000543985 0.00770313 -0.0706775
0.0848787 0.0699686 -0.0324491 -0.0119297 0.0345726 -2.78929
0.0524875 0.0966699 0.0622033 0.0531159 0.0817958 0.706759
0.0124524 0.109293 -0.0833232 -0.179863 0.198226 -2.00462
-0.0293962 0.105999 0.0147189 0.469914 0.470144 1.53948
-0.0669638 0.0872689 0.143722 -0.774442 0.787665 -1.3873
# x y Real Imaginary Modulus Phase <-> f = 0 s = 8
-0.10199 -0.0412067 0.717175 -0.144101 0.731509 -0.198288
-0.0791274 -0.0764124 -0.619945 0.331385 0.702956 2.6507
-0.044741 -0.10049 0.263811 -0.182536 0.320805 -0.605282
-0.00383894 -0.109933 -0.0331759 0.0947423 0.100383 1.90762
0.0376222 -0.103366 -0.0189661 -0.0295792 0.0351375 -2.14096
0.0736044 -0.0817459 0.0262795 -0.00572899 0.0268967 -0.214644
0.0988673 -0.0482208 -0.0359579 0.000713415 0.035965 3.12175
0.109732 -0.00767321 0.00878596 0.00758582 0.0116077 0.712224
0.104616 0.0339919 -0.0196951 0.0189708 0.0273457 2.37492
0.0842649 0.0707066 0.0131653 -0.00257553 0.0134149 -0.19319
0.0516419 0.0971242 -0.0351481 -0.0108022 0.0367706 -2.84342
0.0114981 0.109397 0.0615944 0.0678564 0.0916426 0.833734
-0.0303201 0.105739 -0.0755026 -0.238551 0.250214 -1.87733
-0.0677228 0.0866812 0.0806018 0.531808 0.537881 1.42038
-0.0952628 0.055 0.0633799 -0.747561 0.750243 -1.48622
# x y Real Imaginary Modulus Phase <-> f = 0 s = 9
-0.0784575 -0.0771 0.858717 -0.0644089 0.861129 -0.0748658
-0.0438624 -0.100877 -0.507423 0.16157 0.532525 2.83333
-0.00287946 -0.109962 0.121347 -0.141446 0.186365 -0.861732
0.0385228 -0.103034 0.00879429 0.0664116 0.0669913 1.43914
0.0743149 -0.0811005 -0.0241814 -0.0125045 0.0272232 -2.66435
0.0992844 -0.0473562 0.0312705 -0.0169435 0.0355658 -0.496554
0.109795 -0.00671534 -0.0331029 -0.000641455 0.0331091 -3.12222
0.104316 0.0349035 0.0105123 0.0131208 0.0168126 0.895328
0.0836447 0.0714393 -0.0138179 0.0119939 0.0182972 2.42674
0.0507923 0.0975712 0.0174562 0.00199624 0.01757 0.113862
0.010543 0.109494 -0.0305621 -0.026434 0.0404079 -2.4285
-0.0312417 0.10547 0.042158 0.115342 0.122805 1.22038
-0.0684766 0.0860869 -0.0721129 -0.303485 0.311935 -1.80409
-0.0957391 0.0541666 0.0815276 0.603882 0.609361 1.4366
-0.109059 0.0143579 -0.00314305 -0.790445 0.790451 -1.57477
# x y Real Imaginary Modulus Phase <-> f = 0 s = 10
-0.0429804 -0.101256 0.893893 0.127534 0.902945 0.141716
-0.00191976 -0.109983 -0.354197 0.11855 0.37351 2.81861
0.0394205 -0.102694 0.0797201 -0.120685 0.144638 -0.987031
0.0750198 -0.0804489 0.00411125 0.0603983 0.0605381 1.50283
0.0996939 -0.046488 -0.0208355 -0.0144125 0.0253345 -2.53644
0.109849 -0.00575696 0.0273903 -0.00454621 0.027765 -0.164479
0.104007 0.0358125 -0.0260427 -0.00309625 0.0262261 -3.02326
0.0830181 0.0721665 0.0150625 0.0148651 0.0211625 0.778802
0.049939 0.0980107 -0.00949736 0.000522564 0.00951173 3.08663
0.00958713 0.109581 0.0100203 0.00961096 0.0138844 0.76455
-0.0321609 0.105194 -0.0105095 -0.0451572 0.046364 -1.79946
-0.0692252 0.0854861 0.0282462 0.132392 0.135372 1.3606
-0.0962082 0.0533291 -0.0386173 -0.308197 0.310607 -1.69545
-0.10918 0.0134056 0.0498514 0.604207 0.60626 1.48848
-0.106252 -0.0284701 0.116729 -0.783362 0.792011 -1.42287
# x y Real Imaginary Modulus Phase <-> f = 0 s = 11
-0.000959919 -0.109996 0.773943 0.209383 0.801766 0.264216
0.0403151 -0.102346 -0.325699 0.0964586 0.339682 2.85366
0.075719 -0.0797912 0.102037 -0.12195 0.159007 -0.874068
0.100096 -0.0456163 -0.00894079 0.0772397 0.0777554 1.68604
0.109895 -0.00479813 -0.00668805 -0.0382134 0.0387943 -1.74406
0.103691 0.0367188 0.00289458 0.0173469 0.0175867 1.40546
0.0823851 0.0728882 -0.00572731 -0.00210663 0.00610246 -2.78913
0.0490818 0.0984428 0.0114835 0.00509948 0.0125649 0.417912
0.0086305 0.109661 -0.00398153 -0.000499881 0.00401279 -3.0167
-0.0330776 0.104909 0.00368769 0.010422 0.0110552 1.23071
-0.0699686 0.0848787 -0.0103389 -0.0437647 0.0449693 -1.80278
-0.0966699 0.0524875 0.0279912 0.107221 0.110814 1.31543
-0.109293 0.0124524 -0.0533827 -0.239915 0.245782 -1.78974
-0.105999 -0.0293962 0.00850411 0.430017 0.430101 1.55102
-0.0872689 -0.0669638 0.287496 -0.679921 0.738205 -1.17076
# x y Real Imaginary Modulus Phase <-> f = 0 s = 12
0.0412067 -0.10199 0.830471 0.196529 0.853408 0.232373
0.0764124 -0.0791274 -0.431073 0.106538 0.444043 2.8993
0.10049 -0.044741 0.179093 -0.154326 0.236412 -0.711252
0.109933 -0.00383894 -0.0768079 0.104 0.129288 2.20692
0.103366 0.0376222 0.0381449 -0.0490713 0.0621532 -0.910028
0.0817459 0.0736044 -0.018294 0.0143868 0.0232734 2.47519
0.0482208 0.0988673 0.00296185 -0.0014097 0.00328021 -0.444225
0.00767321 0.109732 0.00536862 0.000707071 0.00541498 0.130951
-0.0339919 0.104616 -0.000384862 -0.000446019 0.000589111 -2.28272
-0.0707066 0.0842649 0.00822759 0.00591819 0.010135 0.623569
-0.0971242 0.0516419 -0.0263043 -0.0184409 0.0321245 -2.53016
-0.109397 0.0114981 0.0601114 0.0460355 0.0757143 0.65356
-0.105739 -0.0303201 -0.0851826 -0.116186 0.144067 -2.20343
-0.0866812 -0.0677228 0.0283136 0.286541 0.287936 1.4723
-0.055 -0.0952628 0.277738 -0.518158 0.5879 -1.07876
# x y Real Imaginary Modulus Phase <-> f = 0 s = 13
0.0771 -0.0784575 0.948975 0.0270287 0.94936 0.0284743
0.100877 -0.0438624 -0.580247 0.242317 0.628812 2.746
0.109962 -0.00287946 0.338007 -0.22824 0.407851 -0.593923
0.103034 0.0385228 -0.18566 0.107694 0.214634 2.61596
0.0811005 0.0743149 0.0868442 -0.0312952 0.0923109 -0.345874
0.0473562 0.0992844 -0.032261 0.000180298 0.0322615 3.136
0.00671534 0.109795 0.00640836 -0.00207371 0.00673553 -0.31296
-0.0349035 0.104316 0.00422117 0.00395173 0.00578225 0.752443
-0.0714393 0.0836447 -0.00168053 0.010268 0.0104046 1.73302
-0.0975712 0.0507923 0.00506282 -0.00828649 0.00971072 -1.02235
-0.109494 0.010543 -0.0253434 0.0081291 0.0266152 2.8312
-0.10547 -0.0312417 0.0528041 0.00496266 0.0530368 0.0937072
-0.0860869 -0.0684766 -0.0759167 -0.0733586 0.105569 -2.37333
-0.0541666 -0.0957391 0.0253039 0.24187 0.24319 1.46656
-0.0143579 -0.109059 0.307335 -0.542447 0.623461 -1.05532
# x y Real Imaginary Modulus Phase <-> f = 0 s = 14
0.101256 -0.0429804 0.734431 -0.0848742 0.739319 -0.115054
0.109983 -0.00191976 -0.566535 0.451997 0.72475 2.46818
0.102694 0.0394205 0.414789 -0.310752 0.518282 -0.642977
0.0804489 0.0750198 -0.214587 0.124453 0.248065 2.61603
0.046488 0.0996939 0.0918024 -0.0451358 0.102298 -0.456955
0.00575696 0.109849 -0.0231114 0.0191838 0.0300359 2.44879
-0.0358125 0.104007 -0.000697205 -0.0104536 0.0104768 -1.63739
-0.0721665 0.0830181 0.00901807 0.0124414 0.015366 0.943591
-0.0980107 0.049939 -0.0139872 0.0162665 0.0214532 2.281
-0.109581 0.00958713 0.00339676 -0.0262027 0.026422 -1.44188
-0.105194 -0.0321609 -0.010398 0.0214584 0.0238449 2.02202
-0.0854861 -0.0692252 0.0411726 -9.3697e-05 0.0411727 -0.00227571
-0.0533291 -0.0962082 -0.0742899 -0.0826195 0.111108 -2.30316
-0.0134056 -0.10918 0.00133144 0.314843 0.314846 1.56657
0.0284701 -0.106252 0.307536 -0.733408 0.795277 -1.17374
# x y Real Imaginary Modulus Phase <-> f = 0 s = 15
0.109996 -0.000959919 0.660943 0.0190732 0.661218 0.0288496
0.102346 0.0403151 -0.524508 0.445572 0.688217 2.43739
0.0797912 0.075719 0.355675 -0.289669 0.458708 -0.683472
0.0456163 0.100096 -0.16008 0.136196 0.210178 2.43663
0.00479813 0.109895 0.0441097 -0.0542077 0.0698866 -0.887747
-0.0367188 0.103691 -0.00156633 0.0236153 0.0236672 1.63703
-0.0728882 0.0823851 -0.0113758 -0.00447466 0.0122242 -2.76683
-0.0984428 0.0490818 0.00673171 0.0133558 0.0149564 1.10393
-0.109661 0.0086305 -0.0208089 0.0158257 0.0261431 2.49139
-0.104909 -0.0330776 0.00303882 -0.0368909 0.0370158 -1.48861
-0.0848787 -0.0699686 -0.00977723 0.0200001 0.022262 2.02549
-0.0524875 -0.0966699 0.0541378 0.01656 0.0566139 0.296848
-0.0124524 -0.109293 -0.0770146 -0.148687 0.167449 -2.04871
0.0293962 -0.105999 0.00475266 0.482638 0.482661 1.56095
0.0669638 -0.0872689 0.0674925 -0.781014 0.783925 -1.48459
