# x y Real Imaginary Modulus Phase <-> f = 0 s = 0
0.10199 0.0412067 0.732687 -0.0361054 0.733576 -0.0492382
0.0791274 0.0764124 -0.569263 0.329872 0.657933 2.6164
0.044741 0.10049 0.296229 -0.227748 0.373659 -0.65544
0.00383894 0.109933 -0.0956338 0.106895 0.143431 2.30065
-0.0376222 0.103366 0.0148005 -0.0491915 0.0513698 -1.27854
-0.0736044 0.0817459 0.00365098 0.0136552 0.0141349 1.30954
-0.0988673 0.0482208 -0.0235518 0.00146975 0.0235976 3.07927
-0.109732 0.00767321 -0.00055695 0.00604044 0.00606606 1.66274
-0.104616 -0.0339919 -0.0215472 0.0157026 0.0266618 2.51183
-0.0842649 -0.0707066 0.01121 -0.0330364 0.0348865 -1.24367
-0.0516419 -0.0971242 -0.0241874 0.00638836 0.0250168 2.88337
-0.0114981 -0.109397 0.0559313 0.0658431 0.0863923 0.866614
0.0303201 -0.105739 -0.0506872 -0.281777 0.2863 -1.74878
0.0677228 -0.0866812 0.12882 0.642451 0.655239 1.37291
0.0952628 -0.055 -0.0151988 -0.637524 0.637705 -1.59463
# x y Real Imaginary Modulus Phase <-> f = 0 s = 1
0.0784575 0.0771 0.817687 -0.0826319 0.821852 -0.100714
0.0438624 0.100877 -0.576555 0.269849 0.63658 2.70384
0.00287946 0.109962 0.23664 -0.174397 0.293961 -0.635111
-0.0385228 0.103034 -0.0569263 0.103117 0.117787 2.07522
-0.0743149 0.0811005 0.00291581 -0.0436722 0.0437694 -1.50413
-0.0992844 0.0473562 0.00345621 0.01015 0.0107223 1.2426
-0.109795 0.00671534 -0.0240486 0.00369732 0.0243312 2.98904
-0.104316 -0.0349035 0.00249462 0.0108754 0.0111578 1.34532
-0.0836447 -0.0714393 -0.0213344 0.0140105 0.0255235 2.56052
-0.0507923 -0.0975712 0.0101358 -0.00829134 0.0130951 -0.685636
-0.010543 -0.109494 -0.0255139 -0.0330514 0.0417535 -2.2282
0.0312417 -0.10547 0.0130892 0.141789 0.142392 1.47874
0.0684766 -0.0860869 -0.0546764 -0.39287 0.396656 -1.70908
0.0957391 -0.0541666 0.190765 0.6318 0.659972 1.27756
0.109059 -0.0143579 0.0352239 -0.686254 0.687157 -1.51951
# x y Real Imaginary Modulus Phase <-> f = 0 s = 2
0.0429804 0.101256 0.874898 -0.0809932 0.878639 -0.0923113
0.00191976 0.109983 -0.527183 0.185597 0.558899 2.80309
-0.0394205 0.102694 0.188247 -0.176729 0.258205 -0.75385
-0.0750198 0.0804489 -0.0407046 0.0990769 0.107113 1.96061
-0.0996939 0.046488 0.00223977 -0.0456309 0.0456858 -1.52175
-0.109849 0.00575696 0.00906261 0.011906 0.0149627 0.920178
-0.104007 -0.0358125 -0.0160249 -0.00148995 0.016094 -3.04888
-0.0830181 -0.0721665 0.00999052 0.0134888 0.0167857 0.933304
-0.049939 -0.0980107 -0.00999228 0.00911327 0.013524 2.40217
-0.00958713 -0.109581 0.00629048 0.0106224 0.0123453 1.03614
0.0321609 -0.105194 0.00784991 -0.0544563 0.0550192 -1.42763
0.0692252 -0.0854861 0.00777295 0.177652 0.177822 1.52707
0.0962082 -0.0533291 -0.0879492 -0.360806 0.37137 -1.80989
0.10918 -0.0134056 0.103262 0.568135 0.577443 1.391
0.106252 0.0284701 0.100586 -0.774153 0.78066 -1.44159
# x y Real Imaginary Modulus Phase <-> f = 0 s = 3
0.000959919 0.109996 0.904454 0.00714783 0.904482 0.00790276
-0.0403151 0.102346 -0.482712 0.198571 0.521959 2.75133
-0.075719 0.0797912 0.174661 -0.167261 0.241832 -0.763759
-0.100096 0.0456163 -0.0466608 0.0999531 0.110308 2.00756
-0.109895 0.00479813 0.000794305 -0.0448493 0.0448563 -1.55309
-0.103691 -0.0367188 0.00567426 0.0202024 0.0209841 1.29698
-0.0823851 -0.0728882 -0.00791499 -0.0073003 0.0107676 -2.39657
-0.0490818 -0.0984428 0.0103861 0.00544685 0.0117277 0.483005
-0.0086305 -0.109661 -0.00503741 0.000290395 0.00504577 3.08401
0.0330776 -0.104909 -0.00244812 0.00987594 0.0101748 1.81379
0.0699686 -0.0848787 0.00575936 -0.068486 0.0687277 -1.4869
0.0966699 -0.0524875 0.0409902 0.154894 0.160226 1.31209
0.109293 -0.0124524 -0.0807473 -0.287745 0.29886 -1.84438
0.105999 0.0293962 0.0463952 0.527794 0.529829 1.48312
0.0872689 0.0669638 0.147435 -0.791983 0.805589 -1.38674
# x y Real Imaginary Modulus Phase <-> f = 0 s = 4
-0.0412067 0.10199 0.881948 -0.0137247 0.882055 -0.0155605
-0.0764124 0.0791274 -0.479412 0.17604 0.510711 2.78968
-0.10049 0.044741 0.201115 -0.16947 0.262997 -0.700213
-0.109933 0.00383894 -0.0642907 0.103788 0.122087 2.12539
-0.103366 -0.0376222 0.0223687 -0.0488992 0.0537726 -1.14177
-0.0817459 -0.0736044 -0.00819759 0.016803 0.018696 2.02469
-0.0482208 -0.0988673 -0.00192725 -0.0019816 0.00276424 -2.34229
-0.00767321 -0.109732 0.0106345 0.000599709 0.0106514 0.0563331
0.0339919 -0.104616 -0.00480577 -0.00196472 0.00519187 -2.7535
0.0707066 -0.0842649 0.00746942 0.0190124 0.020427 1.19645
0.0971242 -0.0516419 -0.0271248 -0.0421897 0.050157 -2.14218
0.109397 -0.0114981 0.0494503 0.0931616 0.105472 1.08281
0.105739 0.0303201 -0.0674714 -0.212957 0.22339 -1.87762
0.0866812 0.0677228 0.0107609 0.442543 0.442674 1.54649
0.055 0.0952628 0.228684 -0.741482 0.775946 -1.27164
# x y Real Imaginary Modulus Phase <-> f = 0 s = 5
-0.0771 0.0784575 0.906806 -0.0230407 0.907099 -0.0254032
-0.100877 0.0438624 -0.55828 0.222314 0.600916 2.76263
-0.109962 0.00287946 0.2653 -0.210414 0.338612 -0.67053
-0.103034 -0.0385228 -0.128688 0.117244 0.174088 2.40269
-0.0811005 -0.0743149 0.0574396 -0.0405593 0.0703162 -0.614822
-0.0473562 -0.0992844 -0.0133485 0.00696364 0.0150557 2.66075
-0.00671534 -0.109795 -0.00334608 -0.00247271 0.00416059 -2.50518
0.0349035 -0.104316 0.0122653 0.00633868 0.0138064 0.476995
0.0714393 -0.0836447 -0.013218 -0.0030321 0.0135613 -2.9161
0.0975712 -0.0507923 0.0192315 0.00471823 0.0198018 0.240587
0.109494 -0.010543 -0.0299716 -0.0197999 0.0359212 -2.55779
0.10547 0.0312417 0.0598365 0.0632029 0.0870346 0.812752
0.0860869 0.0684766 -0.0851147 -0.175743 0.195269 -2.02182
0.0541666 0.0957391 0.0386267 0.406864 0.408693 1.47614
0.0143579 0.109059 0.197149 -0.727389 0.753633 -1.30612
# x y Real Imaginary Modulus Phase <-> f = 0 s = 6
-0.101256 0.0429804 0.845448 -0.0473502 0.846773 -0.0559476
-0.109983 0.00191976 -0.552987 0.309398 0.633657 2.63148
-0.102694 -0.0394205 0.326192 -0.237501 0.403495 -0.629338
-0.0804489 -0.0750198 -0.149388 0.106261 0.183325 2.52332
-0.046488 -0.0996939 0.0507834 -0.0373624 0.0630468 -0.6343
-0.00575696 -0.109849 -3.56125e-05 0.0138631 0.0138631 1.57337
0.0358125 -0.104007 -0.0146015 0.00194496 0.0147305 3.00917
0.0721665 -0.0830181 0.0137223 0.0148572 0.0202247 0.825088
0.0980107 -0.049939 -0.0202446 0.00946835 0.0223494 2.70412
0.109581 -0.00958713 0.00975357 -0.00460732 0.010787 -0.441302
0.105194 0.0321609 -0.031124 -0.011199 0.0330775 -2.7962
0.0854861 0.0692252 0.0619254 0.0508695 0.0801403 0.687693
0.0533291 0.0962082 -0.0855944 -0.157749 0.179475 -2.06794
0.0134056 0.10918 0.0305898 0.394314 0.395499 1.49337
-0.0284701 0.106252 0.234348 -0.750844 0.786566 -1.26826
# x y Real Imaginary Modulus Phase <-> f = 0 s = 7
-0.109996 0.000959919 0.765491 -0.077853 0.76944 -0.101355
-0.102346 -0.0403151 -0.616527 0.35838 0.713121 2.61505
-0.0797912 -0.075719 0.349637 -0.203834 0.404715 -0.527816
-0.0456163 -0.100096 -0.122485 0.0928238 0.153684 2.49309
-0.00479813 -0.109895 0.00901328 -0.0418258 0.0427859 -1.35855
0.0367188 -0.103691 0.012354 0.00424307 0.0130623 0.330834
0.0728882 -0.0823851 -0.0299926 -0.00041655 0.0299955 -3.12771
0.0984428 -0.0490818 0.00726731 0.00870893 0.0113428 0.87539
0.109661 -0.0086305 -0.0236046 0.0143716 0.0276355 2.59469
0.104909 0.0330776 0.00448414 -0.00685415 0.00819066 -0.991458
0.0848787 0.0699686 -0.0294165 -0.0115705 0.0316102 -2.76685
0.0524875 0.0966699 0.060395 0.0510455 0.0790772 0.701697
0.0124524 0.109293 -0.080367 -0.176457 0.193897 -1.99817
-0.0293962 0.105999 0.0112822 0.466429 0.466565 1.54661
-0.0669638 0.0872689 0.152283 -0.77074 0.78564 -1.37573
# x y Real Imaginary Modulus Phase <-> f = 0 s = 8
-0.10199 -0.0412067 0.72479 -0.150213 0.740192 -0.204357
-0.0791274 -0.0764124 -0.621588 0.322722 0.700372 2.66271
-0.044741 -0.10049 0.261463 -0.17832 0.316482 -0.598549
-0.00383894 -0.109933 -0.0278732 0.0930222 0.0971084 1.86192
0.0376222 -0.103366 -0.022068 -0.0265696 0.034539 -2.2639
0.0736044 -0.0817459 0.030857 -0.00874301 0.0320717 -0.276103
0.0988673 -0.0482208 -0.0366926 -0.00114915 0.0367106 -3.11028
0.109732 -0.00767321 0.00445133 0.00425777 0.00615978 0.763177
0.104616 0.0339919 -0.0241394 0.0160359 0.0289804 2.55523
0.0842649 0.0707066 0.0112934 -0.0067299 0.0131466 -0.53741
0.0516419 0.0971242 -0.0336848 -0.00868567 0.0347866 -2.88924
0.0114981 0.109397 0.0604124 0.0651397 0.0888416 0.823032
-0.0303201 0.105739 -0.0751076 -0.235842 0.247513 -1.87911
-0.0677228 0.0866812 0.0811658 0.526312 0.532534 1.41779
-0.0952628 0.055 0.0707092 -0.74529 0.748637 -1.4762
# x y Real Imaginary Modulus Phase <-> f = 0 s = 9
-0.0784575 -0.0771 0.864697 -0.0560785 0.866514 -0.0647627
-0.0438624 -0.100877 -0.504845 0.155091 0.52813 2.84354
-0.00287946 -0.109962 0.114966 -0.137172 0.178979 -0.873242
0.0385228 -0.103034 0.0134644 0.0613494 0.0628095 1.35475
0.0743149 -0.0811005 -0.0284878 -0.00608274 0.02913 -2.93123
0.0992844 -0.0473562 0.0370032 -0.0188162 0.0415125 -0.470426
0.109795 -0.00671534 -0.0338135 -0.00143627 0.033844 -3.09914
0.104316 0.0349035 0.00601951 0.0106846 0.0122636 1.05774
0.0836447 0.0714393 -0.0182181 0.0121458 0.0218957 2.55357
0.0507923 0.0975712 0.0172226 -0.000117053 0.017223 -0.00679637
0.010543 0.109494 -0.0310506 -0.0242154 0.0393767 -2.47925
-0.0312417 0.10547 0.0423215 0.112834 0.12051 1.21196
-0.0684766 0.0860869 -0.0733912 -0.300647 0.309475 -1.81022
-0.0957391 0.0541666 0.0782375 0.599738 0.60482 1.44108
-0.109059 0.0143579 0.00149209 -0.796669 0.79667 -1.56892
# x y Real Imaginary Modulus Phase <-> f = 0 s = 10
-0.0429804 -0.101256 0.890635 0.133056 0.900519 0.148298
-0.00191976 -0.109983 -0.348035 0.118021 0.367501 2.81466
0.0394205 -0.102694 0.0750674 -0.117094 0.13909 -1.00071
0.0750198 -0.0804489 0.00683364 0.0544921 0.0549189 1.44604
0.0996939 -0.046488 -0.0248544 -0.00809376 0.0261391 -2.82678
0.109849 -0.00575696 0.0332094 -0.00657184 0.0338534 -0.195367
0.104007 0.0358125 -0.0286658 -0.00538542 0.0291673 -2.95589
0.0830181 0.0721665 0.0118294 0.0158518 0.0197791 0.9297
0.049939 0.0980107 -0.0110639 0.00189852 0.0112256 2.97165
0.00958713 0.109581 0.0103211 0.00788646 0.0129893 0.652471
-0.0321609 0.105194 -0.0106307 -0.0424866 0.0437964 -1.81598
-0.0692252 0.0854861 0.0291766 0.131455 0.134654 1.35239
-0.0962082 0.0533291 -0.0381496 -0.302218 0.304616 -1.69636
-0.10918 0.0134056 0.0425553 0.598474 0.599985 1.49981
-0.106252 -0.0284701 0.124985 -0.781426 0.791358 -1.41219
# x y Real Imaginary Modulus Phase <-> f = 0 s = 11
-0.000959919 -0.109996 0.766941 0.211164 0.79548 0.268676
0.0403151 -0.102346 -0.318425 0.0955545 0.332453 2.85006
0.075719 -0.0797912 0.0970136 -0.118603 0.153226 -0.885194
0.100096 -0.0456163 -0.00433207 0.074967 0.0750921 1.62852
0.109895 -0.00479813 -0.0102008 -0.0358924 0.0373138 -1.8477
0.103691 0.0367188 0.00564437 0.0148998 0.0159331 1.20868
0.0823851 0.0728882 -0.0101055 -0.00277481 0.0104795 -2.87361
0.0490818 0.0984428 0.0110953 0.0078434 0.0135877 0.61535
0.0086305 0.109661 -0.00467326 5.73243e-05 0.00467361 3.12933
-0.0330776 0.104909 0.00486795 0.00766137 0.00907709 1.00476
-0.0699686 0.0848787 -0.00784971 -0.0410036 0.0417482 -1.75995
-0.0966699 0.0524875 0.0256513 0.104835 0.107928 1.33083
-0.109293 0.0124524 -0.0513002 -0.235492 0.241015 -1.78529
-0.105999 -0.0293962 0.00500975 0.424669 0.424699 1.559
-0.0872689 -0.0669638 0.291371 -0.676565 0.736639 -1.16414
# x y Real Imaginary Modulus Phase <-> f = 0 s = 12
0.0412067 -0.10199 0.821721 0.198992 0.845472 0.237591
0.0764124 -0.0791274 -0.423491 0.103598 0.435978 2.90168
0.10049 -0.044741 0.17267 -0.155 0.232034 -0.731524
0.109933 -0.00383894 -0.0722934 0.103711 0.126421 2.17955
0.103366 0.0376222 0.035464 -0.0495427 0.0609276 -0.949527
0.0817459 0.0736044 -0.015223 0.0142853 0.0208761 2.38796
0.0482208 0.0988673 0.000962929 -0.00323728 0.00337746 -1.28168
0.00767321 0.109732 0.00620187 0.00194244 0.00649894 0.303525
-0.0339919 0.104616 -0.00120484 0.00113478 0.0016551 2.38613
-0.0707066 0.0842649 0.00831824 0.00339485 0.00898433 0.387488
-0.0971242 0.0516419 -0.0255415 -0.0152486 0.0297471 -2.60337
-0.109397 0.0114981 0.0606868 0.0416199 0.0735874 0.601142
-0.105739 -0.0303201 -0.084502 -0.108984 0.137906 -2.23033
-0.0866812 -0.0677228 0.0278864 0.281351 0.28273 1.472
-0.055 -0.0952628 0.276661 -0.509852 0.580078 -1.07363
# x y Real Imaginary Modulus Phase <-> f = 0 s = 13
0.0771 -0.0784575 0.950321 0.0348694 0.950961 0.0366758
0.100877 -0.0438624 -0.578313 0.238843 0.625693 2.74993
0.109962 -0.00287946 0.33594 -0.22432 0.403949 -0.588744
0.103034 0.0385228 -0.182924 0.1063 0.211568 2.61517
0.0811005 0.0743149 0.0853457 -0.0288222 0.0900811 -0.325685
0.0473562 0.0992844 -0.0276049 -0.000956795 0.0276215 -3.10695
0.00671534 0.109795 0.00517561 -0.00327707 0.00612586 -0.564457
-0.0349035 0.104316 0.00391329 0.00511596 0.00644103 0.917816
-0.0714393 0.0836447 -0.00534759 0.0122095 0.0133292 1.98361
-0.0975712 0.0507923 0.0049067 -0.013461 0.0143274 -1.22125
-0.109494 0.010543 -0.0233359 0.0116605 0.026087 2.6782
-0.10547 -0.0312417 0.0500475 -0.000554602 0.0500506 -0.0110811
-0.0860869 -0.0684766 -0.0725587 -0.0675669 0.0991466 -2.3918
-0.0541666 -0.0957391 0.0252762 0.234182 0.235542 1.46328
-0.0143579 -0.109059 0.305188 -0.53342 0.614554 -1.05112
# x y Real Imaginary Modulus Phase <-> f = 0 s = 14
0.101256 -0.0429804 0.742055 -0.0900228 0.747496 -0.120726
0.109983 -0.00191976 -0.574001 0.448379 0.728369 2.47845
0.102694 0.0394205 0.414262 -0.303741 0.513684 -0.632669
0.0804489 0.0750198 -0.211068 0.12445 0.245026 2.60884
0.046488 0.0996939 0.0917247 -0.044784 0.102074 -0.454198
0.00575696 0.109849 -0.0221654 0.0202811 0.0300438 2.40056
-0.0358125 0.104007 -0.00168369 -0.0113206 0.0114451 -1.71844
-0.0721665 0.0830181 0.00565883 0.0136881 0.0148117 1.17878
-0.0980107 0.049939 -0.0173793 0.014847 0.0228577 2.43461
-0.109581 0.00958713 0.00513588 -0.03136 0.0317778 -1.40847
-0.105194 -0.0321609 -0.00849101 0.0279535 0.0292146 1.86569
-0.0854861 -0.0692252 0.0367727 -0.00529026 0.0371513 -0.142883
-0.0533291 -0.0962082 -0.0726156 -0.077218 0.105998 -2.32549
-0.0134056 -0.10918 0.00215943 0.308439 0.308447 1.5638
0.0284701 -0.106252 0.313673 -0.727595 0.792329 -1.16376
# x y Real Imaginary Modulus Phase <-> f = 0 s = 15
0.109996 -0.000959919 0.660112 0.0142986 0.660267 0.0216575
0.102346 0.0403151 -0.529593 0.439655 0.688306 2.44872
0.0797912 0.075719 0.351077 -0.285348 0.452414 -0.682485
0.0456163 0.100096 -0.156984 0.136417 0.207975 2.42618
0.00479813 0.109895 0.0403868 -0.054156 0.0675571 -0.930021
-0.0367188 0.103691 0.000498815 0.0229465 0.0229519 1.54906
-0.0728882 0.0823851 -0.01509 -0.00521262 0.0159649 -2.80899
-0.0984428 0.0490818 0.00239196 0.0108819 0.0111417 1.35443
-0.109661 0.0086305 -0.0223973 0.0144546 0.0266566 2.56848
-0.104909 -0.0330776 0.00588544 -0.0406967 0.0411201 -1.42717
-0.0848787 -0.0699686 -0.00734897 0.0271161 0.0280943 1.83546
-0.0524875 -0.0966699 0.05262 0.0127939 0.054153 0.23851
-0.0124524 -0.109293 -0.0784894 -0.145195 0.165052 -2.06638
0.0293962 -0.105999 0.00288694 0.477984 0.477993 1.56476
0.0669638 -0.0872689 0.0730197 -0.784447 0.787838 -1.47798
