# x y Real Imaginary Modulus Phase <-> f = 0 s = 0
0.10199 0.0412067 0.735156 -0.0338695 0.735936 -0.0460386
0.0791274 0.0764124 -0.570463 0.330751 0.659412 2.61616
0.044741 0.10049 0.299184 -0.225075 0.374393 -0.644969
0.00383894 0.109933 -0.0930518 0.106269 0.141251 2.28998
-0.0376222 0.103366 0.016105 -0.04819 0.0508099 -1.24827
-0.0736044 0.0817459 0.00462603 0.0147379 0.0154469 1.26665
-0.0988673 0.0482208 -0.0254651 0.000429416 0.0254688 3.12473
-0.109732 0.00767321 0.00287975 0.00541418 0.0061324 1.08196
-0.104616 -0.0339919 -0.019279 0.024238 0.0309704 2.24273
-0.0842649 -0.0707066 0.00861683 -0.0300325 0.0312443 -1.29139
-0.0516419 -0.0971242 -0.0275671 0.010124 0.0293673 2.78963
-0.0114981 -0.109397 0.0562649 0.0689723 0.0890108 0.886519
0.0303201 -0.105739 -0.0468385 -0.281941 0.285805 -1.73542
0.0677228 -0.0866812 0.129801 0.643588 0.656547 1.37178
0.0952628 -0.055 -0.0169519 -0.637044 0.63727 -1.5974
# x y Real Imaginary Modulus Phase <-> f = 0 s = 1
0.0784575 0.0771 0.818244 -0.0837601 0.82252 -0.10201
0.0438624 0.100877 -0.574972 0.271693 0.635932 2.70016
0.00287946 0.109962 0.236484 -0.174884 0.294124 -0.636758
-0.0385228 0.103034 -0.0552211 0.102778 0.116674 2.06382
-0.0743149 0.0811005 0.00459544 -0.0448745 0.0451092 -1.46875
-0.0992844 0.0473562 8.22966e-05 0.00896456 0.00896494 1.56162
-0.109795 0.00671534 -0.0222339 0.00595049 0.0230164 2.88009
-0.104316 -0.0349035 0.00522402 0.0111143 0.0122808 1.13141
-0.0836447 -0.0714393 -0.0148483 0.0163809 0.022109 2.30716
-0.0507923 -0.0975712 0.0154388 -0.00356348 0.0158447 -0.226841
-0.010543 -0.109494 -0.0242169 -0.0362356 0.043583 -2.15994
0.0312417 -0.10547 0.0106454 0.140594 0.140996 1.49522
0.0684766 -0.0860869 -0.0575288 -0.392762 0.396953 -1.71623
0.0957391 -0.0541666 0.188822 0.633865 0.661391 1.28128
0.109059 -0.0143579 0.0360041 -0.687131 0.688074 -1.51845
# x y Real Imaginary Modulus Phase <-> f = 0 s = 2
0.0429804 0.101256 0.875239 -0.0810996 0.878989 -0.0923961
0.00191976 0.109983 -0.528095 0.185714 0.559798 2.80343
-0.0394205 0.102694 0.186233 -0.176007 0.256245 -0.757175
-0.0750198 0.0804489 -0.0388357 0.0997222 0.107017 1.94217
-0.0996939 0.046488 0.00112309 -0.0457554 0.0457692 -1.54626
-0.109849 0.00575696 0.00878662 0.00769344 0.0116788 0.719162
-0.104007 -0.0358125 -0.0133177 -0.00495544 0.0142097 -2.78537
-0.0830181 -0.0721665 0.0138119 0.00957863 0.0168083 0.606354
-0.049939 -0.0980107 -0.00619602 0.0084063 0.010443 2.20597
-0.00958713 -0.109581 0.00552666 0.0109018 0.0122227 1.10161
0.0321609 -0.105194 0.00749991 -0.0540156 0.0545338 -1.43283
0.0692252 -0.0854861 0.00678156 0.177405 0.177535 1.53259
0.0962082 -0.0533291 -0.0867671 -0.360966 0.371247 -1.8067
0.10918 -0.0134056 0.102316 0.566591 0.575755 1.39214
0.106252 0.0284701 0.100432 -0.772921 0.779418 -1.44158
# x y Real Imaginary Modulus Phase <-> f = 0 s = 3
0.000959919 0.109996 0.904848 0.0080309 0.904883 0.00887518
-0.0403151 0.102346 -0.482318 0.198018 0.521385 2.75202
-0.075719 0.0797912 0.174401 -0.166972 0.241444 -0.763639
-0.100096 0.0456163 -0.0467522 0.100131 0.110508 2.00762
-0.109895 0.00479813 0.000784465 -0.0460633 0.04607 -1.55377
-0.103691 -0.0367188 0.00675342 0.0189905 0.0201556 1.22912
-0.0823851 -0.0728882 -0.00672432 -0.00797017 0.0104278 -2.27161
-0.0490818 -0.0984428 0.0115678 0.0031711 0.0119946 0.267559
-0.0086305 -0.109661 -0.00646994 -0.00054569 0.00649291 -3.05745
0.0330776 -0.104909 -0.00385927 0.0117769 0.0123931 1.88747
0.0699686 -0.0848787 0.00697239 -0.0672374 0.0675979 -1.46747
0.0966699 -0.0524875 0.0419748 0.155062 0.160643 1.30644
0.109293 -0.0124524 -0.0807851 -0.287785 0.298909 -1.84447
0.105999 0.0293962 0.0458042 0.528127 0.53011 1.48428
0.0872689 0.0669638 0.147324 -0.792836 0.806408 -1.38707
# x y Real Imaginary Modulus Phase <-> f = 0 s = 4
-0.0412067 0.10199 0.881898 -0.0135684 0.882002 -0.0153842
-0.0764124 0.0791274 -0.479452 0.17639 0.51087 2.78906
-0.10049 0.044741 0.200304 -0.170299 0.262913 -0.70461
-0.109933 0.00383894 -0.0643318 0.103316 0.121708 2.12772
-0.103366 -0.0376222 0.0217393 -0.0496359 0.0541878 -1.15799
-0.0817459 -0.0736044 -0.00747928 0.0155321 0.017239 2.01957
-0.0482208 -0.0988673 -0.00120605 -0.00395572 0.00413549 -1.86673
-0.00767321 -0.109732 0.00913051 -0.00106066 0.00919191 -0.115648
0.0339919 -0.104616 -0.00412118 -0.001291 0.00431866 -2.83802
0.0707066 -0.0842649 0.00746241 0.0195687 0.0209433 1.20648
0.0971242 -0.0516419 -0.0277417 -0.0420193 0.050351 -2.15432
0.109397 -0.0114981 0.0493423 0.0930304 0.105306 1.08313
0.105739 0.0303201 -0.0668321 -0.211407 0.22172 -1.87698
0.0866812 0.0677228 0.0113298 0.443481 0.443626 1.54525
0.055 0.0952628 0.228452 -0.74125 0.775656 -1.27184
# x y Real Imaginary Modulus Phase <-> f = 0 s = 5
-0.0771 0.0784575 0.906863 -0.0229943 0.907155 -0.0253504
-0.100877 0.0438624 -0.557366 0.222605 0.600175 2.76161
-0.109962 0.00287946 0.264638 -0.209659 0.337624 -0.669996
-0.103034 -0.0385228 -0.129972 0.118626 0.175968 2.4018
-0.0811005 -0.0743149 0.0577062 -0.03817 0.0691878 -0.584385
-0.0473562 -0.0992844 -0.0118415 0.00918581 0.0149867 2.48183
-0.00671534 -0.109795 -0.0022741 -0.00306947 0.0038201 -2.20843
0.0349035 -0.104316 0.0109518 0.00518635 0.0121178 0.442275
0.0714393 -0.0836447 -0.014472 -0.00269421 0.0147207 -2.95753
0.0975712 -0.0507923 0.0203622 0.00614374 0.0212689 0.293037
0.109494 -0.010543 -0.0302876 -0.0200153 0.0363036 -2.55763
0.10547 0.0312417 0.0600455 0.0626274 0.0867621 0.806442
0.0860869 0.0684766 -0.084658 -0.175443 0.1948 -2.02038
0.0541666 0.0957391 0.038695 0.408156 0.409986 1.47627
0.0143579 0.109059 0.197177 -0.726827 0.753098 -1.30589
# x y Real Imaginary Modulus Phase <-> f = 0 s = 6
-0.101256 0.0429804 0.843554 -0.0476231 0.844897 -0.0563954
-0.109983 0.00191976 -0.554995 0.306596 0.634051 2.63689
-0.102694 -0.0394205 0.321665 -0.239383 0.400965 -0.639777
-0.0804489 -0.0750198 -0.153051 0.10406 0.185076 2.54448
-0.046488 -0.0996939 0.0486496 -0.0398741 0.0629026 -0.686589
-0.00575696 -0.109849 -0.000773075 0.0207403 0.0207547 1.60805
0.0358125 -0.104007 -0.00858814 0.00242756 0.00892464 2.86611
0.0721665 -0.0830181 0.0153193 0.0106854 0.0186778 0.609053
0.0980107 -0.049939 -0.0207543 0.00688833 0.0218675 2.82113
0.109581 -0.00958713 0.00976322 -0.00768919 0.0124276 -0.667113
0.105194 0.0321609 -0.0305675 -0.00886191 0.0318262 -2.85942
0.0854861 0.0692252 0.0628282 0.0512034 0.0810504 0.683806
0.0533291 0.0962082 -0.0845355 -0.15523 0.176756 -2.06947
0.0134056 0.10918 0.0300709 0.396633 0.397772 1.49513
-0.0284701 0.106252 0.237274 -0.752985 0.789484 -1.26553
# x y Real Imaginary Modulus Phase <-> f = 0 s = 7
-0.109996 0.000959919 0.764547 -0.0799991 0.768721 -0.104257
-0.102346 -0.0403151 -0.616417 0.359604 0.713642 2.61349
-0.0797912 -0.075719 0.354824 -0.205887 0.410231 -0.525772
-0.0456163 -0.100096 -0.116872 0.090058 0.147545 2.48506
-0.00479813 -0.109895 0.00672187 -0.0433616 0.0438795 -1.417
0.0367188 -0.103691 0.0106442 0.0109872 0.0152976 0.801252
0.0728882 -0.0823851 -0.0227758 0.00317236 0.0229957 3.0032
0.0984428 -0.0490818 0.0117264 0.00429654 0.0124888 0.351208
0.109661 -0.0086305 -0.0223099 0.00897515 0.0240475 2.75911
0.104909 0.0330776 0.00654554 -0.00669799 0.00936521 -0.796909
0.0848787 0.0699686 -0.031589 -0.00895429 0.0328336 -2.86538
0.0524875 0.0966699 0.0560079 0.0505676 0.0754584 0.734395
0.0124524 0.109293 -0.0852626 -0.174253 0.193994 -2.02585
-0.0293962 0.105999 0.0174351 0.465375 0.465701 1.53335
-0.0669638 0.0872689 0.150907 -0.771019 0.785648 -1.37752
# x y Real Imaginary Modulus Phase <-> f = 0 s = 8
-0.10199 -0.0412067 0.730567 -0.152105 0.746233 -0.205269
-0.0791274 -0.0764124 -0.62146 0.323276 0.700514 2.66193
-0.044741 -0.10049 0.260423 -0.17527 0.313911 -0.592388
-0.00383894 -0.109933 -0.0249015 0.0915948 0.0949194 1.83625
0.0376222 -0.103366 -0.0245934 -0.0325243 0.0407758 -2.21822
0.0736044 -0.0817459 0.0282798 -0.00689397 0.0291079 -0.239114
0.0988673 -0.0482208 -0.0363315 0.00840507 0.037291 2.91425
0.109732 -0.00767321 0.00836934 0.00225878 0.0086688 0.263607
0.104616 0.0339919 -0.0164052 0.0129729 0.0209147 2.4725
0.0842649 0.0707066 0.00880776 -0.00714135 0.0113391 -0.681293
0.0516419 0.0971242 -0.0307865 -0.0139895 0.0338159 -2.71508
0.0114981 0.109397 0.0588474 0.0629766 0.0861921 0.81928
-0.0303201 0.105739 -0.0690403 -0.238282 0.248082 -1.85282
-0.0677228 0.0866812 0.0821575 0.52971 0.536044 1.41692
-0.0952628 0.055 0.0673692 -0.745636 0.748674 -1.48069
# x y Real Imaginary Modulus Phase <-> f = 0 s = 9
-0.0784575 -0.0771 0.862595 -0.0603349 0.864702 -0.0698321
-0.0438624 -0.100877 -0.496728 0.14867 0.518499 2.85078
-0.00287946 -0.109962 0.11567 -0.1361 0.178613 -0.86637
0.0385228 -0.103034 0.0170221 0.0637341 0.065968 1.30981
0.0743149 -0.0811005 -0.0341919 -0.0167513 0.0380749 -2.68604
0.0992844 -0.0473562 0.0219169 -0.0151087 0.02662 -0.603551
0.109795 -0.00671534 -0.0325081 0.00372834 0.0327212 3.0274
0.104316 0.0349035 0.0111757 0.0115181 0.0160487 0.800484
0.0836447 0.0714393 -0.0124954 0.0101976 0.0161284 2.45711
0.0507923 0.0975712 0.0204893 0.000512417 0.0204957 0.0250038
0.010543 0.109494 -0.0307973 -0.0202193 0.0368414 -2.56064
-0.0312417 0.10547 0.0427171 0.111452 0.119358 1.20479
-0.0684766 0.0860869 -0.0717576 -0.302222 0.310624 -1.80391
-0.0957391 0.0541666 0.0825752 0.597225 0.602906 1.4334
-0.109059 0.0143579 0.0106169 -0.792657 0.792728 -1.5574
# x y Real Imaginary Modulus Phase <-> f = 0 s = 10
-0.0429804 -0.101256 0.895685 0.129026 0.904931 0.143069
-0.00191976 -0.109983 -0.34859 0.11901 0.368346 2.8126
0.0394205 -0.102694 0.0690615 -0.118113 0.136822 -1.0417
0.0750198 -0.0804489 -0.000907402 0.0529488 0.0529566 1.58793
0.0996939 -0.046488 -0.0273015 -0.00826781 0.0285259 -2.84754
0.109849 -0.00575696 0.0281989 -0.00414651 0.0285022 -0.145999
0.104007 0.0358125 -0.0269625 -0.000986526 0.0269806 -3.10502
0.0830181 0.0721665 0.0207001 0.0127231 0.0242975 0.551113
0.049939 0.0980107 -0.0106186 2.65589e-05 0.0106186 3.13909
0.00958713 0.109581 0.0104024 0.00969551 0.0142202 0.750238
-0.0321609 0.105194 -0.0128328 -0.0441481 0.0459754 -1.85368
-0.0692252 0.0854861 0.019639 0.124062 0.125606 1.4138
-0.0962082 0.0533291 -0.0374283 -0.309199 0.311456 -1.69126
-0.10918 0.0134056 0.0476263 0.607116 0.608981 1.49251
-0.106252 -0.0284701 0.115318 -0.777495 0.786 -1.42355
# x y Real Imaginary Modulus Phase <-> f = 0 s = 11
-0.000959919 -0.109996 0.765521 0.208866 0.793504 0.266359
0.0403151 -0.102346 -0.320685 0.0960619 0.334764 2.85055
0.075719 -0.0797912 0.102333 -0.118761 0.156767 -0.859566
0.100096 -0.0456163 -0.00694631 0.0730675 0.073397 1.66558
0.109895 -0.00479813 -0.0114264 -0.0312304 0.0332551 -1.92154
0.103691 0.0367188 0.0103208 0.020962 0.023365 1.11328
0.0823851 0.0728882 -0.00759558 -0.00258958 0.00802488 -2.81302
0.0490818 0.0984428 0.00861961 0.00594836 0.0104729 0.604048
0.0086305 0.109661 -0.00689963 -0.00115723 0.00699601 -2.97542
-0.0330776 0.104909 0.00762291 0.00769686 0.0108328 0.790225
-0.0699686 0.0848787 -0.0147184 -0.0351391 0.0380971 -1.96745
-0.0966699 0.0524875 0.0224737 0.0991342 0.10165 1.34786
-0.109293 0.0124524 -0.0443104 -0.233303 0.237473 -1.75849
-0.105999 -0.0293962 -0.0024132 0.42662 0.426627 1.57645
-0.0872689 -0.0669638 0.292652 -0.685449 0.745309 -1.16728
# x y Real Imaginary Modulus Phase <-> f = 0 s = 12
0.0412067 -0.10199 0.821 0.199621 0.84492 0.238515
0.0764124 -0.0791274 -0.422681 0.103335 0.435129 2.90182
0.10049 -0.044741 0.167843 -0.1522 0.226575 -0.736559
0.109933 -0.00383894 -0.0710133 0.102732 0.124887 2.17562
0.103366 0.0376222 0.0372473 -0.049364 0.0618399 -0.924393
0.0817459 0.0736044 -0.0155842 0.0106852 0.0188956 2.54057
0.0482208 0.0988673 0.000585232 -0.00496374 0.00499812 -1.45344
0.00767321 0.109732 0.00233071 0.00175703 0.00291879 0.645968
-0.0339919 0.104616 -0.000216387 -0.00260942 0.00261838 -1.65353
-0.0707066 0.0842649 0.0101926 0.00828777 0.0131368 0.682687
-0.0971242 0.0516419 -0.028891 -0.0179279 0.0340015 -2.58621
-0.109397 0.0114981 0.0624074 0.0403869 0.0743356 0.574369
-0.105739 -0.0303201 -0.0850922 -0.108063 0.137544 -2.23783
-0.0866812 -0.0677228 0.0248435 0.279331 0.280433 1.48209
-0.055 -0.0952628 0.277917 -0.510706 0.581428 -1.07243
# x y Real Imaginary Modulus Phase <-> f = 0 s = 13
0.0771 -0.0784575 0.947398 0.0332535 0.947981 0.0350854
0.100877 -0.0438624 -0.577066 0.238476 0.624401 2.74971
0.109962 -0.00287946 0.336371 -0.220355 0.402122 -0.579947
0.103034 0.0385228 -0.180716 0.102022 0.207525 2.62765
0.0811005 0.0743149 0.0834121 -0.0274141 0.0878015 -0.317537
0.0473562 0.0992844 -0.029127 -0.000832579 0.0291389 -3.11302
0.00671534 0.109795 0.00560807 -0.00317397 0.00644396 -0.515018
-0.0349035 0.104316 0.00259529 0.00449177 0.00518763 1.04687
-0.0714393 0.0836447 -0.00415818 0.0146552 0.0152337 1.84726
-0.0975712 0.0507923 0.00623788 -0.00575861 0.00848956 -0.745469
-0.109494 0.010543 -0.02995 0.00782723 0.0309559 2.88597
-0.10547 -0.0312417 0.0537922 -0.0038402 0.0539291 -0.0712685
-0.0860869 -0.0684766 -0.0732035 -0.0675095 0.0995806 -2.39664
-0.0541666 -0.0957391 0.0282369 0.236906 0.238582 1.45217
-0.0143579 -0.109059 0.302839 -0.532538 0.612624 -1.05373
# x y Real Imaginary Modulus Phase <-> f = 0 s = 14
0.101256 -0.0429804 0.740925 -0.0914517 0.746548 -0.122808
0.109983 -0.00191976 -0.578171 0.447582 0.731171 2.48282
0.102694 0.0394205 0.412468 -0.30463 0.512767 -0.636135
0.0804489 0.0750198 -0.212008 0.125623 0.246431 2.60668
0.046488 0.0996939 0.0935861 -0.0419968 0.102577 -0.421814
0.00575696 0.109849 -0.019706 0.0240723 0.0311096 2.25679
-0.0358125 0.104007 -0.00126221 -0.00686252 0.00697763 -1.75269
-0.0721665 0.0830181 0.00620581 0.00784105 0.00999971 0.90129
-0.0980107 0.049939 -0.0111438 0.0138271 0.0177588 2.24915
-0.109581 0.00958713 0.00139564 -0.0190283 0.0190794 -1.49758
-0.105194 -0.0321609 -0.0170956 0.0277077 0.0325572 2.12362
-0.0854861 -0.0692252 0.0359822 -0.0127172 0.0381634 -0.339727
-0.0533291 -0.0962082 -0.0710881 -0.0744773 0.102958 -2.33292
-0.0134056 -0.10918 0.00424062 0.303733 0.303763 1.55684
0.0284701 -0.106252 0.314219 -0.728081 0.792991 -1.16337
# x y Real Imaginary Modulus Phase <-> f = 0 s = 15
0.109996 -0.000959919 0.662139 0.0112939 0.662235 0.017055
0.102346 0.0403151 -0.529584 0.44226 0.689966 2.44581
0.0797912 0.075719 0.350344 -0.290533 0.455138 -0.692341
0.0456163 0.100096 -0.156976 0.140646 0.210767 2.41101
0.00479813 0.109895 0.0455369 -0.0574485 0.0733071 -0.900549
-0.0367188 0.103691 0.00307628 0.0221552 0.0223678 1.43283
-0.0728882 0.0823851 -0.0183892 -0.00716326 0.0197351 -2.77014
-0.0984428 0.0490818 0.00235871 0.00951754 0.00980546 1.32786
-0.109661 0.0086305 -0.0220392 0.0168609 0.0277491 2.48853
-0.104909 -0.0330776 0.000247179 -0.0342769 0.0342778 -1.56359
-0.0848787 -0.0699686 -0.0162027 0.0256336 0.030325 2.13448
-0.0524875 -0.0966699 0.0490667 0.00798724 0.0497126 0.161368
-0.0124524 -0.109293 -0.0774383 -0.144123 0.16361 -2.06384
0.0293962 -0.105999 0.00431331 0.481221 0.48124 1.56183
0.0669638 -0.0872689 0.0755147 -0.786604 0.79022 -1.47509
