# x y Real Imaginary Modulus Phase <-> f = 0 s = 0
0.10199 0.0412067 0.732154 -0.0350537 0.732992 -0.047841
0.0791274 0.0764124 -0.568304 0.329408 0.65687 2.61628
0.044741 0.10049 0.296954 -0.229218 0.37513 -0.657369
0.00383894 0.109933 -0.0963205 0.108976 0.145442 2.29463
-0.0376222 0.103366 0.014076 -0.0502552 0.0521893 -1.2977
-0.0736044 0.0817459 0.00342623 0.0122903 0.012759 1.29892
-0.0988673 0.0482208 -0.0256626 0.000270612 0.025664 3.13105
-0.109732 0.00767321 0.00327954 0.0049266 0.00591834 0.983477
-0.104616 -0.0339919 -0.0194221 0.0208548 0.0284981 2.32064
-0.0842649 -0.0707066 0.00940697 -0.0281484 0.0296786 -1.24827
-0.0516419 -0.0971242 -0.0270363 0.00742804 0.0280381 2.87346
-0.0114981 -0.109397 0.0576228 0.0645964 0.0865626 0.842395
0.0303201 -0.105739 -0.0496619 -0.282714 0.287043 -1.74468
0.0677228 -0.0866812 0.12958 0.641037 0.654002 1.37134
0.0952628 -0.055 -0.0173965 -0.638205 0.638443 -1.59805
# x y Real Imaginary Modulus Phase <-> f = 0 s = 1
0.0784575 0.0771 0.819949 -0.0841932 0.82426 -0.102322
0.0438624 0.100877 -0.574333 0.269037 0.634224 2.70352
0.00287946 0.109962 0.236333 -0.174476 0.29376 -0.635947
-0.0385228 0.103034 -0.0571134 0.103149 0.117905 2.07648
-0.0743149 0.0811005 0.00406605 -0.0436918 0.0438806 -1.478
-0.0992844 0.0473562 0.00192736 0.00903593 0.0092392 1.36065
-0.109795 0.00671534 -0.0221406 0.0028195 0.0223194 3.01493
-0.104316 -0.0349035 0.00783505 0.00970638 0.0124741 0.891677
-0.0836447 -0.0714393 -0.0170514 0.0167542 0.0239051 2.36499
-0.0507923 -0.0975712 0.0150525 -0.00687405 0.0165478 -0.428388
-0.010543 -0.109494 -0.0232842 -0.0358367 0.0427366 -2.14698
0.0312417 -0.10547 0.0135831 0.14007 0.140727 1.47413
0.0684766 -0.0860869 -0.0565344 -0.391786 0.395844 -1.71411
0.0957391 -0.0541666 0.190737 0.633314 0.661413 1.27826
0.109059 -0.0143579 0.0344013 -0.687486 0.688346 -1.5208
# x y Real Imaginary Modulus Phase <-> f = 0 s = 2
0.0429804 0.101256 0.875286 -0.0811297 0.879038 -0.0924252
0.00191976 0.109983 -0.528383 0.185816 0.560103 2.80343
-0.0394205 0.102694 0.18818 -0.177025 0.25836 -0.754862
-0.0750198 0.0804489 -0.0406438 0.0990685 0.107082 1.96012
-0.0996939 0.046488 0.00102462 -0.0448396 0.0448513 -1.54795
-0.109849 0.00575696 0.0078957 0.0107871 0.013368 0.938942
-0.104007 -0.0358125 -0.0159952 -0.00388762 0.0164608 -2.90317
-0.0830181 -0.0721665 0.0129675 0.011479 0.0173184 0.724586
-0.049939 -0.0980107 -0.0086358 0.00696358 0.0110936 2.46298
-0.00958713 -0.109581 0.00489857 0.00832536 0.00965959 1.03896
0.0321609 -0.105194 0.00603803 -0.0548772 0.0552084 -1.46121
0.0692252 -0.0854861 0.0077194 0.177402 0.17757 1.52731
0.0962082 -0.0533291 -0.0875966 -0.361281 0.371749 -1.80867
0.10918 -0.0134056 0.103581 0.567964 0.577331 1.39041
0.106252 0.0284701 0.100503 -0.77382 0.780319 -1.44164
# x y Real Imaginary Modulus Phase <-> f = 0 s = 3
0.000959919 0.109996 0.905331 0.00658269 0.905355 0.0072709
-0.0403151 0.102346 -0.482622 0.19806 0.521682 2.75217
-0.075719 0.0797912 0.17524 -0.167249 0.242242 -0.762073
-0.100096 0.0456163 -0.047295 0.0996084 0.110266 2.01409
-0.109895 0.00479813 0.000640629 -0.0447896 0.0447942 -1.55649
-0.103691 -0.0367188 0.0068868 0.0193219 0.0205125 1.22841
-0.0823851 -0.0728882 -0.00622652 -0.00815995 0.0102642 -2.2226
-0.0490818 -0.0984428 0.0110327 0.00305604 0.0114481 0.270224
-0.0086305 -0.109661 -0.00579137 -0.000368254 0.00580307 -3.07809
0.0330776 -0.104909 -0.00257083 0.0104834 0.010794 1.81128
0.0699686 -0.0848787 0.00641552 -0.0675766 0.0678804 -1.47614
0.0966699 -0.0524875 0.0411503 0.154717 0.160096 1.31084
0.109293 -0.0124524 -0.080272 -0.287844 0.298828 -1.84276
0.105999 0.0293962 0.0469951 0.527734 0.529822 1.48198
0.0872689 0.0669638 0.147719 -0.791989 0.805647 -1.3864
# x y Real Imaginary Modulus Phase <-> f = 0 s = 4
-0.0412067 0.10199 0.881707 -0.0132692 0.881807 -0.0150483
-0.0764124 0.0791274 -0.479769 0.176721 0.511281 2.78867
-0.10049 0.044741 0.20068 -0.170064 0.263049 -0.703006
-0.109933 0.00383894 -0.0645177 0.103431 0.121904 2.12851
-0.103366 -0.0376222 0.0229433 -0.0498093 0.0548394 -1.13914
-0.0817459 -0.0736044 -0.00726323 0.0154961 0.0171138 2.0091
-0.0482208 -0.0988673 -0.00105413 -0.00378804 0.00393198 -1.84221
-0.00767321 -0.109732 0.00985736 -0.000208214 0.00985956 -0.0211196
0.0339919 -0.104616 -0.005823 -0.00112739 0.00593113 -2.95035
0.0707066 -0.0842649 0.00735508 0.0193125 0.0206656 1.20691
0.0971242 -0.0516419 -0.0279555 -0.0417362 0.0502336 -2.16098
0.109397 -0.0114981 0.0498843 0.0940943 0.1065 1.08332
0.105739 0.0303201 -0.0669606 -0.213289 0.223553 -1.87499
0.0866812 0.0677228 0.0111961 0.44264 0.442781 1.54551
0.055 0.0952628 0.228269 -0.741586 0.775923 -1.27219
# x y Real Imaginary Modulus Phase <-> f = 0 s = 5
-0.0771 0.0784575 0.906958 -0.0232022 0.907254 -0.0255769
-0.100877 0.0438624 -0.556907 0.222735 0.599797 2.76113
-0.109962 0.00287946 0.265069 -0.210006 0.338177 -0.67001
-0.103034 -0.0385228 -0.128471 0.118515 0.174788 2.39648
-0.0811005 -0.0743149 0.057184 -0.0394074 0.0694475 -0.603395
-0.0473562 -0.0992844 -0.0129747 0.00943367 0.0160417 2.51292
-0.00671534 -0.109795 -0.00134245 -0.00363537 0.00387532 -1.92454
0.0349035 -0.104316 0.0113658 0.00460045 0.0122616 0.384605
0.0714393 -0.0836447 -0.0150218 -0.00275893 0.0152731 -2.95995
0.0975712 -0.0507923 0.0190026 0.00657762 0.0201088 0.333234
0.109494 -0.010543 -0.0300657 -0.0199463 0.0360804 -2.55584
0.10547 0.0312417 0.0593775 0.0623598 0.0861071 0.809891
0.0860869 0.0684766 -0.0843688 -0.175693 0.1949 -2.01848
0.0541666 0.0957391 0.0382687 0.407105 0.4089 1.47707
0.0143579 0.109059 0.197354 -0.72678 0.753099 -1.30564
# x y Real Imaginary Modulus Phase <-> f = 0 s = 6
-0.101256 0.0429804 0.845552 -0.0462758 0.846818 -0.0546739
-0.109983 0.00191976 -0.554797 0.308908 0.634999 2.63355
-0.102694 -0.0394205 0.32355 -0.238879 0.402179 -0.635974
-0.0804489 -0.0750198 -0.153104 0.104685 0.185472 2.54185
-0.046488 -0.0996939 0.0444853 -0.0401732 0.0599401 -0.734507
-0.00575696 -0.109849 -0.00118774 0.0189338 0.0189711 1.63345
0.0358125 -0.104007 -0.00926372 0.00294101 0.00971937 2.83418
0.0721665 -0.0830181 0.0150166 0.0118984 0.0191591 0.67006
0.0980107 -0.049939 -0.0216535 0.0103782 0.0240121 2.69466
0.109581 -0.00958713 0.00939702 -0.00392142 0.0101824 -0.395335
0.105194 0.0321609 -0.0308406 -0.0116973 0.0329843 -2.77907
0.0854861 0.0692252 0.0606822 0.0511279 0.0793498 0.700155
0.0533291 0.0962082 -0.087415 -0.157816 0.180408 -2.07663
0.0134056 0.10918 0.0274283 0.393753 0.394707 1.50125
-0.0284701 0.106252 0.232384 -0.751769 0.786866 -1.271
# x y Real Imaginary Modulus Phase <-> f = 0 s = 7
-0.109996 0.000959919 0.766426 -0.0815983 0.770757 -0.106066
-0.102346 -0.0403151 -0.612829 0.357363 0.709413 2.61367
-0.0797912 -0.075719 0.355865 -0.20403 0.410205 -0.520584
-0.0456163 -0.100096 -0.116883 0.0882274 0.146444 2.495
-0.00479813 -0.109895 0.000477855 -0.0459605 0.045963 -1.5604
0.0367188 -0.103691 0.00717227 0.00987047 0.0122011 0.942414
0.0728882 -0.0823851 -0.0240611 0.00452354 0.0244826 2.95576
0.0984428 -0.0490818 0.0115264 0.00277463 0.0118556 0.236226
0.109661 -0.0086305 -0.0218003 0.0130362 0.0254008 2.60266
0.104909 0.0330776 0.00398692 -0.0092882 0.0101077 -1.16534
0.0848787 0.0699686 -0.0275561 -0.00901645 0.0289937 -2.82537
0.0524875 0.0966699 0.061793 0.0483278 0.0784471 0.663725
0.0124524 0.109293 -0.0825701 -0.175987 0.194394 -2.00949
-0.0293962 0.105999 0.0107061 0.4648 0.464924 1.54777
-0.0669638 0.0872689 0.152295 -0.769984 0.784901 -1.37553
# x y Real Imaginary Modulus Phase <-> f = 0 s = 8
-0.10199 -0.0412067 0.727626 -0.146266 0.742182 -0.198375
-0.0791274 -0.0764124 -0.622734 0.325124 0.702498 2.66043
-0.044741 -0.10049 0.259201 -0.174638 0.312544 -0.592894
-0.00383894 -0.109933 -0.0270449 0.0931257 0.0969733 1.85343
0.0376222 -0.103366 -0.0237043 -0.0305169 0.0386416 -2.2312
0.0736044 -0.0817459 0.027001 -0.00730874 0.0279727 -0.264349
0.0988673 -0.0482208 -0.0356929 0.00573418 0.0361505 2.9823
0.109732 -0.00767321 0.00629378 0.00307988 0.00700694 0.455093
0.104616 0.0339919 -0.0222345 0.0142135 0.0263893 2.57281
0.0842649 0.0707066 0.0115688 -0.00830725 0.0142424 -0.622754
0.0516419 0.0971242 -0.0334735 -0.00786565 0.0343852 -2.9108
0.0114981 0.109397 0.0591896 0.0644691 0.0875195 0.828066
-0.0303201 0.105739 -0.0760606 -0.236755 0.248672 -1.88164
-0.0677228 0.0866812 0.0811364 0.530104 0.536278 1.41892
-0.0952628 0.055 0.0694356 -0.748604 0.751818 -1.47831
# x y Real Imaginary Modulus Phase <-> f = 0 s = 9
-0.0784575 -0.0771 0.861282 -0.0569461 0.863163 -0.0660217
-0.0438624 -0.100877 -0.506298 0.151082 0.528359 2.8516
-0.00287946 -0.109962 0.11614 -0.137114 0.179691 -0.86803
0.0385228 -0.103034 0.0146774 0.0583508 0.0601685 1.32437
0.0743149 -0.0811005 -0.0314843 -0.00994508 0.0330176 -2.83564
0.0992844 -0.0473562 0.0290195 -0.0167944 0.0335288 -0.524632
0.109795 -0.00671534 -0.036581 0.00361077 0.0367588 3.04321
0.104316 0.0349035 0.0112677 0.0115441 0.0161315 0.797514
0.0836447 0.0714393 -0.0154672 0.00796835 0.0173991 2.66588
0.0507923 0.0975712 0.0167181 0.000938276 0.0167444 0.0560645
0.010543 0.109494 -0.0291071 -0.0229629 0.0370745 -2.47365
-0.0312417 0.10547 0.0401226 0.111327 0.118337 1.22488
-0.0684766 0.0860869 -0.0748022 -0.301969 0.311096 -1.81362
-0.0957391 0.0541666 0.0807476 0.595352 0.600803 1.43599
-0.109059 0.0143579 0.0085691 -0.795435 0.795481 -1.56002
# x y Real Imaginary Modulus Phase <-> f = 0 s = 10
-0.0429804 -0.101256 0.897272 0.129706 0.906598 0.143562
-0.00191976 -0.109983 -0.348951 0.115603 0.367602 2.82169
0.0394205 -0.102694 0.0725588 -0.117264 0.137897 -1.01669
0.0750198 -0.0804489 0.010768 0.0524988 0.0535917 1.36849
0.0996939 -0.046488 -0.0298808 -0.0116253 0.0320626 -2.77056
0.109849 -0.00575696 0.0308783 -0.00522498 0.0313173 -0.167624
0.104007 0.0358125 -0.0255645 -0.00451654 0.0259604 -2.96673
0.0830181 0.0721665 0.0177606 0.0128616 0.0219285 0.626761
0.049939 0.0980107 -0.00855834 0.00203831 0.00879772 2.90778
0.00958713 0.109581 0.0131504 0.00876592 0.0158042 0.58795
-0.0321609 0.105194 -0.0115229 -0.0412343 0.0428141 -1.84329
-0.0692252 0.0854861 0.023437 0.131146 0.133224 1.39395
-0.0962082 0.0533291 -0.0355022 -0.308384 0.310421 -1.68542
-0.10918 0.0134056 0.0434044 0.607064 0.608613 1.49942
-0.106252 -0.0284701 0.119458 -0.781969 0.79104 -1.4192
# x y Real Imaginary Modulus Phase <-> f = 0 s = 11
-0.000959919 -0.109996 0.766301 0.213256 0.795422 0.271425
0.0403151 -0.102346 -0.32018 0.094979 0.333971 2.85322
0.075719 -0.0797912 0.102548 -0.11925 0.157279 -0.860561
0.100096 -0.0456163 -0.0079346 0.0707446 0.0711882 1.68249
0.109895 -0.00479813 -0.00896811 -0.0330313 0.034227 -1.83591
0.103691 0.0367188 0.0104779 0.0157023 0.0188772 0.982367
0.0823851 0.0728882 -0.00900807 -0.0069493 0.0113771 -2.4845
0.0490818 0.0984428 0.0109907 0.00521698 0.012166 0.443182
0.0086305 0.109661 -0.0054277 -0.00287476 0.006142 -2.65451
-0.0330776 0.104909 0.00443582 0.00737925 0.00860987 1.02955
-0.0699686 0.0848787 -0.0138236 -0.0372176 0.0397019 -1.92643
-0.0966699 0.0524875 0.0262969 0.0982731 0.101731 1.30933
-0.109293 0.0124524 -0.0511766 -0.23134 0.236933 -1.78851
-0.105999 -0.0293962 -0.00119866 0.424049 0.424051 1.57362
-0.0872689 -0.0669638 0.298809 -0.68054 0.743251 -1.15706
# x y Real Imaginary Modulus Phase <-> f = 0 s = 12
0.0412067 -0.10199 0.822819 0.200759 0.846956 0.239314
0.0764124 -0.0791274 -0.421722 0.103774 0.434302 2.90031
0.10049 -0.044741 0.173043 -0.155042 0.23234 -0.730585
0.109933 -0.00383894 -0.0704893 0.104185 0.125791 2.16563
0.103366 0.0376222 0.0349312 -0.0500916 0.0610685 -0.961853
0.0817459 0.0736044 -0.01754 0.0125914 0.0215916 2.51898
0.0482208 0.0988673 -0.000738273 -0.00352348 0.0036 -1.77734
0.00767321 0.109732 0.00510719 0.00217781 0.00555214 0.403073
-0.0339919 0.104616 -0.000436993 -0.00187875 0.0019289 -1.79933
-0.0707066 0.0842649 0.0106503 0.00701334 0.0127521 0.582336
-0.0971242 0.0516419 -0.0315378 -0.0151324 0.0349803 -2.69422
-0.109397 0.0114981 0.0618932 0.0384295 0.0728532 0.555646
-0.105739 -0.0303201 -0.0849101 -0.107835 0.137252 -2.23781
-0.0866812 -0.0677228 0.0272052 0.277942 0.279271 1.47323
-0.055 -0.0952628 0.275553 -0.512003 0.581443 -1.07707
# x y Real Imaginary Modulus Phase <-> f = 0 s = 13
0.0771 -0.0784575 0.950954 0.0335801 0.951546 0.0352974
0.100877 -0.0438624 -0.577185 0.237444 0.624117 2.75131
0.109962 -0.00287946 0.337056 -0.22622 0.405933 -0.59111
0.103034 0.0385228 -0.184309 0.103673 0.211466 2.62921
0.0811005 0.0743149 0.0831214 -0.0290823 0.0880622 -0.336566
0.0473562 0.0992844 -0.0280435 -0.00024556 0.0280446 -3.13284
0.00671534 0.109795 0.00533985 -0.00123152 0.00548002 -0.226666
-0.0349035 0.104316 0.00141369 0.00560888 0.00578429 1.32389
-0.0714393 0.0836447 -0.00166366 0.0105047 0.0106356 1.72786
-0.0975712 0.0507923 0.0078315 -0.00401735 0.00880179 -0.473972
-0.109494 0.010543 -0.0307252 0.00913834 0.0320553 2.8525
-0.10547 -0.0312417 0.051416 -0.00688276 0.0518746 -0.133073
-0.0860869 -0.0684766 -0.0730684 -0.0675201 0.0994885 -2.39564
-0.0541666 -0.0957391 0.023576 0.23772 0.238886 1.47194
-0.0143579 -0.109059 0.305268 -0.533289 0.61448 -1.0509
# x y Real Imaginary Modulus Phase <-> f = 0 s = 14
0.101256 -0.0429804 0.744923 -0.0933154 0.750745 -0.124619
0.109983 -0.00191976 -0.576573 0.446891 0.729485 2.48223
0.102694 0.0394205 0.415578 -0.302181 0.513828 -0.628706
0.0804489 0.0750198 -0.21064 0.124041 0.24445 2.60939
0.046488 0.0996939 0.0924607 -0.0453504 0.102984 -0.456005
0.00575696 0.109849 -0.0218027 0.0204491 0.0298919 2.38822
-0.0358125 0.104007 -0.00436732 -0.0119699 0.0127418 -1.92065
-0.0721665 0.0830181 0.00842794 0.0105436 0.013498 0.896456
-0.0980107 0.049939 -0.012999 0.0158412 0.0204919 2.25796
-0.109581 0.00958713 0.000342745 -0.0234738 0.0234763 -1.5562
-0.105194 -0.0321609 -0.013249 0.0244357 0.0277964 2.06763
-0.0854861 -0.0692252 0.035589 -0.00951926 0.0368401 -0.261359
-0.0533291 -0.0962082 -0.0686003 -0.0803695 0.105666 -2.27735
-0.0134056 -0.10918 0.00138452 0.307562 0.307565 1.56629
0.0284701 -0.106252 0.312962 -0.729457 0.793759 -1.16551
# x y Real Imaginary Modulus Phase <-> f = 0 s = 15
0.109996 -0.000959919 0.65905 0.0113832 0.659148 0.0172704
0.102346 0.0403151 -0.526682 0.439358 0.685878 2.44634
0.0797912 0.075719 0.351112 -0.285164 0.452325 -0.682121
0.0456163 0.100096 -0.158417 0.136294 0.208978 2.43112
0.00479813 0.109895 0.039858 -0.0555233 0.0683483 -0.948184
-0.0367188 0.103691 0.00168972 0.0229674 0.0230295 1.49736
-0.0728882 0.0823851 -0.01669 -0.00459831 0.0173118 -2.87275
-0.0984428 0.0490818 0.00369775 0.00728357 0.00816846 1.10102
-0.109661 0.0086305 -0.020168 0.0189422 0.0276687 2.38753
-0.104909 -0.0330776 0.00158268 -0.0354474 0.0354828 -1.52618
-0.0848787 -0.0699686 -0.0110842 0.0230489 0.0255756 2.01905
-0.0524875 -0.0966699 0.0498196 0.00761459 0.0503982 0.151669
-0.0124524 -0.109293 -0.0796936 -0.147589 0.167731 -2.06591
0.0293962 -0.105999 0.00474798 0.478936 0.478959 1.56088
0.0669638 -0.0872689 0.0740627 -0.78263 0.786126 -1.47644
