# x y Real Imaginary Modulus Phase <-> f = 0 s = 0
0.10199 0.0412067 0.746863 -0.0222121 0.747193 -0.0297318
0.0791274 0.0764124 -0.581842 0.322626 0.665302 2.63531
0.044741 0.10049 0.307699 -0.225672 0.381585 -0.632803
0.00383894 0.109933 -0.0821087 0.110357 0.137551 2.21047
-0.0376222 0.103366 -9.86684e-05 -0.0451469 0.0451471 -1.57298
-0.0736044 0.0817459 0.00783537 0.0300295 0.0310348 1.31556
-0.0988673 0.0482208 -0.00618231 0.00737263 0.00962168 2.2686
-0.109732 0.00767321 0.00341223 0.000824876 0.00351052 0.237191
-0.104616 -0.0339919 -0.0074297 0.0143195 0.0161322 2.04941
-0.0842649 -0.0707066 0.0133162 -0.0285478 0.0315008 -1.13435
-0.0516419 -0.0971242 -0.0176046 0.00489424 0.0182723 2.87043
-0.0114981 -0.109397 0.0550643 0.0698385 0.0889353 0.903137
0.0303201 -0.105739 -0.0472331 -0.287477 0.291332 -1.73364
0.0677228 -0.0866812 0.136221 0.638683 0.653048 1.36066
0.0952628 -0.055 -0.00835998 -0.650606 0.65066 -1.58365
# x y Real Imaginary Modulus Phase <-> f = 0 s = 1
0.0784575 0.0771 0.817333 -0.107147 0.824326 -0.13035
0.0438624 0.100877 -0.582203 0.270928 0.642154 2.70605
0.00287946 0.109962 0.231224 -0.155126 0.27844 -0.590922
-0.0385228 0.103034 -0.0356237 0.0920983 0.0987478 1.93987
-0.0743149 0.0811005 0.00758847 -0.0492066 0.0497883 -1.41779
-0.0992844 0.0473562 -0.0150664 -0.0026609 0.0152995 -2.96678
-0.109795 0.00671534 -0.0120018 0.0136203 0.0181537 2.29311
-0.104316 -0.0349035 0.00252406 0.0146277 0.0148439 1.39993
-0.0836447 -0.0714393 -0.0102045 0.0101074 0.0143628 2.36098
-0.0507923 -0.0975712 0.0167374 -0.00668926 0.0180247 -0.380212
-0.010543 -0.109494 -0.0157943 -0.0308271 0.0346377 -2.04428
0.0312417 -0.10547 0.029328 0.145956 0.148874 1.3725
0.0684766 -0.0860869 -0.0662017 -0.401938 0.407353 -1.73404
0.0957391 -0.0541666 0.19349 0.651312 0.679445 1.28202
0.109059 -0.0143579 0.0380206 -0.676649 0.677716 -1.51467
# x y Real Imaginary Modulus Phase <-> f = 0 s = 2
0.0429804 0.101256 0.8812 -0.076879 0.884548 -0.0870232
0.00191976 0.109983 -0.524486 0.18385 0.555776 2.80444
-0.0394205 0.102694 0.194294 -0.166525 0.255892 -0.708589
-0.0750198 0.0804489 -0.045691 0.0993887 0.109388 2.0017
-0.0996939 0.046488 0.00336936 -0.0422374 0.0423716 -1.49119
-0.109849 0.00575696 0.00229903 0.0190395 0.0191778 1.45063
-0.104007 -0.0358125 -0.0115994 -0.0138278 0.0180487 -2.26878
-0.0830181 -0.0721665 0.00793624 0.0171786 0.0189232 1.13802
-0.049939 -0.0980107 -0.0128061 0.00936761 0.0158666 2.51004
-0.00958713 -0.109581 0.0226191 0.0189357 0.0294989 0.69699
0.0321609 -0.105194 0.0108556 -0.0436419 0.0449717 -1.327
0.0692252 -0.0854861 -0.00117584 0.18918 0.189184 1.57701
0.0962082 -0.0533291 -0.0838379 -0.363895 0.373427 -1.79724
0.10918 -0.0134056 0.108385 0.574773 0.584902 1.38441
0.106252 0.0284701 0.0835161 -0.777695 0.782166 -1.46382
# x y Real Imaginary Modulus Phase <-> f = 0 s = 3
0.000959919 0.109996 0.903085 0.0033493 0.903091 0.00370871
-0.0403151 0.102346 -0.478805 0.203785 0.520368 2.7392
-0.075719 0.0797912 0.172601 -0.173449 0.244695 -0.787849
-0.100096 0.0456163 -0.0481153 0.101379 0.112218 2.01392
-0.109895 0.00479813 0.00159019 -0.0401007 0.0401322 -1.53116
-0.103691 -0.0367188 0.00372017 0.0210456 0.0213719 1.39584
-0.0823851 -0.0728882 -0.0120225 -0.00890146 0.0149592 -2.50426
-0.0490818 -0.0984428 0.0107594 -0.00103108 0.0108087 -0.0955388
-0.0086305 -0.109661 -0.00980812 0.00368533 0.0104776 2.78217
0.0330776 -0.104909 -0.00705339 0.00741215 0.0102318 2.3314
0.0699686 -0.0848787 0.0020344 -0.0717221 0.071751 -1.54244
0.0966699 -0.0524875 0.0367917 0.148731 0.153214 1.32829
0.109293 -0.0124524 -0.0784167 -0.28917 0.299614 -1.83561
0.105999 0.0293962 0.0490237 0.526658 0.528935 1.47798
0.0872689 0.0669638 0.147847 -0.789536 0.803259 -1.38568
# x y Real Imaginary Modulus Phase <-> f = 0 s = 4
-0.0412067 0.10199 0.882402 -0.012945 0.882497 -0.0146691
-0.0764124 0.0791274 -0.478196 0.175637 0.509431 2.7896
-0.10049 0.044741 0.197683 -0.172844 0.26259 -0.71846
-0.109933 0.00383894 -0.0667891 0.106357 0.125589 2.13153
-0.103366 -0.0376222 0.0306404 -0.052645 0.0609125 -1.0437
-0.0817459 -0.0736044 -0.00461878 0.0197635 0.020296 1.80038
-0.0482208 -0.0988673 -0.000935951 -0.00597926 0.00605207 -1.72607
-0.00767321 -0.109732 0.0142756 0.000156594 0.0142765 0.0109689
0.0339919 -0.104616 -0.00788184 -0.00160448 0.00804349 -2.94077
0.0707066 -0.0842649 0.004471 0.0167303 0.0173174 1.30966
0.0971242 -0.0516419 -0.0283059 -0.0494156 0.0569484 -2.09099
0.109397 -0.0114981 0.0533371 0.0931777 0.107364 1.0509
0.105739 0.0303201 -0.0619747 -0.210745 0.219669 -1.85681
0.0866812 0.0677228 0.00592083 0.441073 0.441113 1.55737
0.055 0.0952628 0.234248 -0.740283 0.77646 -1.26434
# x y Real Imaginary Modulus Phase <-> f = 0 s = 5
-0.0771 0.0784575 0.895578 -0.0278053 0.896009 -0.0310374
-0.100877 0.0438624 -0.559682 0.217558 0.60048 2.77085
-0.109962 0.00287946 0.269127 -0.216668 0.345506 -0.677828
-0.103034 -0.0385228 -0.134869 0.116956 0.178517 2.42721
-0.0811005 -0.0743149 0.0492789 -0.0405283 0.0638041 -0.688267
-0.0473562 -0.0992844 -0.0182337 0.00750414 0.0197175 2.75117
-0.00671534 -0.109795 -0.000322732 -0.00226116 0.00228408 -1.71257
0.0349035 -0.104316 0.0132076 0.00149784 0.0132922 0.112925
0.0714393 -0.0836447 -0.00777775 -0.00410654 0.00879528 -2.65581
0.0975712 -0.0507923 0.0123668 0.00328737 0.0127962 0.259815
0.109494 -0.010543 -0.0242265 -0.02439 0.0343773 -2.35283
0.10547 0.0312417 0.0647055 0.055776 0.0854269 0.711418
0.0860869 0.0684766 -0.0920084 -0.16953 0.192889 -2.06804
0.0541666 0.0957391 0.0356207 0.409997 0.411541 1.48413
0.0143579 0.109059 0.187401 -0.727334 0.751089 -1.31863
# x y Real Imaginary Modulus Phase <-> f = 0 s = 6
-0.101256 0.0429804 0.848901 -0.0346987 0.84961 -0.0408521
-0.109983 0.00191976 -0.528723 0.282887 0.599644 2.65031
-0.102694 -0.0394205 0.314997 -0.250584 0.402511 -0.671998
-0.0804489 -0.0750198 -0.156472 0.108344 0.190321 2.53597
-0.046488 -0.0996939 0.0646565 -0.0499407 0.0816978 -0.657684
-0.00575696 -0.109849 -0.0153777 0.0154214 0.0217783 2.35478
0.0358125 -0.104007 0.00841892 -0.00307507 0.00896294 -0.350202
0.0721665 -0.0830181 0.033188 0.00576788 0.0336855 0.172075
0.0980107 -0.049939 -0.0158708 0.0154968 0.0221818 2.36812
0.109581 -0.00958713 -0.00245862 0.00365875 0.00440809 2.16247
0.105194 0.0321609 -0.022932 -0.00407801 0.0232918 -2.9656
0.0854861 0.0692252 0.0499923 0.048711 0.0697996 0.772418
0.0533291 0.0962082 -0.0968941 -0.143883 0.173467 -2.16346
0.0134056 0.10918 0.0397366 0.400561 0.402527 1.47192
-0.0284701 0.106252 0.25285 -0.745203 0.786931 -1.24368
# x y Real Imaginary Modulus Phase <-> f = 0 s = 7
-0.109996 0.000959919 0.766062 -0.0789073 0.770115 -0.102642
-0.102346 -0.0403151 -0.610597 0.355599 0.706597 2.61423
-0.0797912 -0.075719 0.352682 -0.211783 0.411383 -0.540781
-0.0456163 -0.100096 -0.122911 0.0822126 0.147871 2.55206
-0.00479813 -0.109895 0.0172162 -0.0476817 0.0506946 -1.2243
0.0367188 -0.103691 0.0158597 0.0222872 0.0273542 0.952324
0.0728882 -0.0823851 -0.0559151 0.0315061 0.0641805 2.62847
0.0984428 -0.0490818 0.00365049 0.0201689 0.0204966 1.39174
0.109661 -0.0086305 -0.0277404 0.0218107 0.0352879 2.4753
0.104909 0.0330776 -0.00805216 -0.0232825 0.0246355 -1.90377
0.0848787 0.0699686 -0.0128537 -0.00896947 0.0156739 -2.53234
0.0524875 0.0966699 0.0575966 0.0352268 0.0675151 0.548915
0.0124524 0.109293 -0.0899808 -0.201557 0.22073 -1.99068
-0.0293962 0.105999 -0.00698129 0.440825 0.44088 1.58663
-0.0669638 0.0872689 0.173352 -0.781388 0.800386 -1.35248
# x y Real Imaginary Modulus Phase <-> f = 0 s = 8
-0.10199 -0.0412067 0.734304 -0.152326 0.749937 -0.204541
-0.0791274 -0.0764124 -0.610594 0.321298 0.689969 2.6572
-0.044741 -0.10049 0.263521 -0.157519 0.307011 -0.538762
-0.00383894 -0.109933 -0.0014953 0.0788275 0.0788417 1.58976
0.0376222 -0.103366 -0.0307936 -0.0415341 0.0517042 -2.20877
0.0736044 -0.0817459 0.0220424 0.00192236 0.022126 0.086992
0.0988673 -0.0482208 -0.0553583 -0.00692181 0.0557894 -3.0172
0.109732 -0.00767321 -0.00648856 0.00879026 0.0109257 2.20667
0.104616 0.0339919 0.0012277 0.0342074 0.0342294 1.53492
0.0842649 0.0707066 0.0149551 -0.0299088 0.0334393 -1.10713
0.0516419 0.0971242 -0.00910118 0.0195224 0.0215396 2.00703
0.0114981 0.109397 0.0628768 0.0863759 0.106838 0.941561
-0.0303201 0.105739 -0.0831998 -0.248387 0.261951 -1.89401
-0.0677228 0.0866812 0.061081 0.554439 0.557794 1.46107
-0.0952628 0.055 0.0751762 -0.745542 0.749323 -1.4703
# x y Real Imaginary Modulus Phase <-> f = 0 s = 9
-0.0784575 -0.0771 0.866224 -0.079027 0.869821 -0.0909798
-0.0438624 -0.100877 -0.504274 0.159482 0.528892 2.83529
-0.00287946 -0.109962 0.109398 -0.149122 0.184947 -0.937863
0.0385228 -0.103034 0.00293952 0.0537348 0.0538151 1.51615
0.0743149 -0.0811005 -0.0384386 -0.0150566 0.0412823 -2.76826
0.0992844 -0.0473562 0.0159932 -0.0141851 0.0213775 -0.725554
0.109795 -0.00671534 -0.014786 0.00726293 0.0164735 2.68501
0.104316 0.0349035 0.00310185 0.0220227 0.0222401 1.43087
0.0836447 0.0714393 -0.00488866 0.0298136 0.0302118 1.73332
0.0507923 0.0975712 0.0054926 -0.0150339 0.0160058 -1.22051
0.010543 0.109494 -0.0169664 -0.0446076 0.0477252 -1.93425
-0.0312417 0.10547 0.00913205 0.110799 0.111174 1.48856
-0.0684766 0.0860869 -0.0219309 -0.320948 0.321697 -1.63902
-0.0957391 0.0541666 0.076525 0.651397 0.655876 1.45385
-0.109059 0.0143579 0.0281155 -0.763031 0.763548 -1.53397
# x y Real Imaginary Modulus Phase <-> f = 0 s = 10
-0.0429804 -0.101256 0.916174 0.140418 0.926872 0.152083
-0.00191976 -0.109983 -0.339139 0.0637539 0.34508 2.95577
0.0394205 -0.102694 0.059801 -0.119312 0.13346 -1.10618
0.0750198 -0.0804489 0.0145914 0.0423196 0.0447645 1.23877
0.0996939 -0.046488 -0.0210325 -0.0159449 0.0263933 -2.49292
0.109849 -0.00575696 -0.00238261 0.00878008 0.00909762 1.83578
0.104007 0.0358125 -0.0592853 0.00316452 0.0593697 3.08827
0.0830181 0.0721665 0.000662049 0.0338785 0.033885 1.55126
0.049939 0.0980107 -0.0265189 0.020251 0.033367 2.48942
0.00958713 0.109581 0.0181397 -0.00634005 0.0192158 -0.33624
-0.0321609 0.105194 -0.00554179 -0.0455231 0.0458592 -1.69194
-0.0692252 0.0854861 0.0265887 0.128005 0.130738 1.36599
-0.0962082 0.0533291 -0.0221421 -0.319063 0.31983 -1.64008
-0.10918 0.0134056 0.0547494 0.572111 0.574724 1.47539
-0.106252 -0.0284701 0.145037 -0.791685 0.804861 -1.3896
# x y Real Imaginary Modulus Phase <-> f = 0 s = 11
-0.000959919 -0.109996 0.775013 0.205893 0.801896 0.259667
0.0403151 -0.102346 -0.339408 0.0922412 0.351719 2.87623
0.075719 -0.0797912 0.115884 -0.125715 0.170978 -0.826069
0.100096 -0.0456163 -0.0229187 0.0710809 0.0746844 1.8827
0.109895 -0.00479813 -0.00427007 -0.0203898 0.0208321 -1.77724
0.103691 0.0367188 -0.017791 -0.00126627 0.0178361 -3.07054
0.0823851 0.0728882 0.00961274 0.0155586 0.0182887 1.01736
0.0490818 0.0984428 0.0127725 0.00774932 0.0149395 0.545346
0.0086305 0.109661 -0.0160547 -0.0126623 0.0204471 -2.47378
-0.0330776 0.104909 0.0139973 0.00796366 0.0161042 0.51727
-0.0699686 0.0848787 -0.00635447 -0.0370787 0.0376193 -1.74053
-0.0966699 0.0524875 0.0203177 0.124897 0.126539 1.40953
-0.109293 0.0124524 -0.0615981 -0.217175 0.225741 -1.84717
-0.105999 -0.0293962 0.000823184 0.409998 0.409999 1.56879
-0.0872689 -0.0669638 0.297567 -0.693189 0.754359 -1.16531
# x y Real Imaginary Modulus Phase <-> f = 0 s = 12
0.0412067 -0.10199 0.83143 0.205029 0.856337 0.241774
0.0764124 -0.0791274 -0.416595 0.101927 0.428883 2.90164
0.10049 -0.044741 0.184951 -0.15868 0.243693 -0.709093
0.109933 -0.00383894 -0.0659597 0.113257 0.131065 2.09817
0.103366 0.0376222 0.0345307 -0.0393081 0.0523211 -0.850008
0.0817459 0.0736044 -0.0261542 0.026905 0.0375222 2.34204
0.0482208 0.0988673 0.00221039 -0.00640603 0.00677665 -1.23854
0.00767321 0.109732 0.0162181 -0.00690673 0.0176275 -0.402603
-0.0339919 0.104616 -0.00854058 -0.00939602 0.0126975 -2.30854
-0.0707066 0.0842649 0.0169379 0.00210992 0.0170688 0.123929
-0.0971242 0.0516419 -0.0190478 -0.0252933 0.0316633 -2.21626
-0.109397 0.0114981 0.0560536 0.0326143 0.0648514 0.52696
-0.105739 -0.0303201 -0.0818392 -0.0910865 0.122452 -2.30277
-0.0866812 -0.0677228 0.0213922 0.262464 0.263334 1.48947
-0.055 -0.0952628 0.276121 -0.50997 0.579924 -1.07454
# x y Real Imaginary Modulus Phase <-> f = 0 s = 13
0.0771 -0.0784575 0.967477 0.0370697 0.968187 0.0382971
0.100877 -0.0438624 -0.55677 0.230995 0.602786 2.74832
0.109962 -0.00287946 0.344586 -0.215936 0.406654 -0.559788
0.103034 0.0385228 -0.186196 0.0848734 0.204628 2.7139
0.0811005 0.0743149 0.0644452 -0.0277801 0.0701777 -0.406998
0.0473562 0.0992844 -0.0317002 0.0139761 0.0346444 2.72635
0.00671534 0.109795 -0.003394 0.0106972 0.0112227 1.87803
-0.0349035 0.104316 -0.0139095 0.0421644 0.0443994 1.88944
-0.0714393 0.0836447 0.017595 0.0203518 0.0269031 0.857921
-0.0975712 0.0507923 -0.0189317 -0.0209509 0.0282374 -2.30561
-0.109494 0.010543 -0.0204171 0.00460833 0.0209307 2.9196
-0.10547 -0.0312417 0.0474648 0.00929645 0.0483666 0.193411
-0.0860869 -0.0684766 -0.073568 -0.0567654 0.0929223 -2.48441
-0.0541666 -0.0957391 0.0485663 0.233211 0.238214 1.36548
-0.0143579 -0.109059 0.303837 -0.534417 0.614751 -1.05383
# x y Real Imaginary Modulus Phase <-> f = 0 s = 14
0.101256 -0.0429804 0.73535 -0.0631641 0.738058 -0.0856863
0.109983 -0.00191976 -0.586357 0.453806 0.741454 2.48294
0.102694 0.0394205 0.423071 -0.315964 0.528036 -0.641472
0.0804489 0.0750198 -0.19602 0.117021 0.228293 2.60339
0.046488 0.0996939 0.0832449 -0.0587081 0.101864 -0.614238
0.00575696 0.109849 -0.0281525 0.0418666 0.0504517 2.16278
-0.0358125 0.104007 0.0208492 -0.031594 0.0378532 -0.987486
-0.0721665 0.0830181 0.00729338 0.0210203 0.0222497 1.23683
-0.0980107 0.049939 -0.0087286 0.027524 0.0288749 1.87789
-0.109581 0.00958713 -0.000938267 -0.032924 0.0329374 -1.59929
-0.105194 -0.0321609 -0.0184673 0.00531923 0.0192181 2.86115
-0.0854861 -0.0692252 0.0590175 -0.0390388 0.0707608 -0.584402
-0.0533291 -0.0962082 -0.0913981 -0.0781948 0.120283 -2.43389
-0.0134056 -0.10918 0.0221877 0.316181 0.316959 1.50074
0.0284701 -0.106252 0.327442 -0.737549 0.806968 -1.15298
# x y Real Imaginary Modulus Phase <-> f = 0 s = 15
0.109996 -0.000959919 0.62907 -0.00155664 0.629072 -0.0024745
0.102346 0.0403151 -0.509647 0.469073 0.692655 2.39763
0.0797912 0.075719 0.346672 -0.287054 0.450091 -0.691598
0.0456163 0.100096 -0.163509 0.140167 0.215364 2.43291
0.00479813 0.109895 0.041792 -0.0639741 0.0764151 -0.992129
-0.0367188 0.103691 -0.019237 0.00269979 0.0194255 3.00216
-0.0728882 0.0823851 0.0107015 -0.0171891 0.0202482 -1.01394
-0.0984428 0.0490818 0.0130532 0.00552193 0.0141731 0.400204
-0.109661 0.0086305 -0.0116959 0.0320718 0.0341378 1.92049
-0.104909 -0.0330776 0.0121372 -0.0259089 0.0286109 -1.1327
-0.0848787 -0.0699686 -0.0189555 0.036633 0.0412467 2.0483
-0.0524875 -0.0966699 0.0450266 0.00949812 0.0460175 0.207897
-0.0124524 -0.109293 -0.0719542 -0.139969 0.157381 -2.04564
0.0293962 -0.105999 0.0120206 0.46878 0.468934 1.54516
0.0669638 -0.0872689 0.078637 -0.792148 0.796042 -1.47185
