# x y Real Imaginary Modulus Phase <-> f = 0 s = 0
0.10199 0.0412067 0.733211 -0.0361686 0.734103 -0.0492892
0.0791274 0.0764124 -0.568958 0.329499 0.657482 2.61666
0.044741 0.10049 0.296473 -0.22798 0.373994 -0.655534
0.00383894 0.109933 -0.0957164 0.106312 0.143052 2.3038
-0.0376222 0.103366 0.0145797 -0.0488388 0.0509686 -1.28069
-0.0736044 0.0817459 0.00310518 0.0135655 0.0139164 1.34577
-0.0988673 0.0482208 -0.0237421 8.43781e-05 0.0237422 3.13804
-0.109732 0.00767321 0.00316858 0.00474863 0.00570871 0.982383
-0.104616 -0.0339919 -0.0193807 0.0208303 0.0284519 2.32016
-0.0842649 -0.0707066 0.00863036 -0.028709 0.0299781 -1.27878
-0.0516419 -0.0971242 -0.026699 0.00948831 0.0283348 2.80013
-0.0114981 -0.109397 0.0569692 0.067199 0.0880977 0.867599
0.0303201 -0.105739 -0.0495445 -0.282431 0.286744 -1.74445
0.0677228 -0.0866812 0.12897 0.640712 0.653563 1.37216
0.0952628 -0.055 -0.0161907 -0.637629 0.637835 -1.59618
# x y Real Imaginary Modulus Phase <-> f = 0 s = 1
0.0784575 0.0771 0.817405 -0.0829424 0.821602 -0.101124
0.0438624 0.100877 -0.576862 0.269534 0.636724 2.70449
0.00287946 0.109962 0.237023 -0.174501 0.29433 -0.634622
-0.0385228 0.103034 -0.0567424 0.103517 0.118049 2.07221
-0.0743149 0.0811005 0.00248022 -0.0430902 0.0431615 -1.5133
-0.0992844 0.0473562 0.00319905 0.00952123 0.0100443 1.24666
-0.109795 0.00671534 -0.02349 0.00166972 0.0235492 3.07063
-0.104316 -0.0349035 0.00642109 0.0104523 0.0122671 1.01991
-0.0836447 -0.0714393 -0.0173506 0.0172625 0.0244752 2.35874
-0.0507923 -0.0975712 0.0132177 -0.00586012 0.0144585 -0.417313
-0.010543 -0.109494 -0.0239268 -0.0347831 0.0422179 -2.17335
0.0312417 -0.10547 0.0125677 0.14066 0.141221 1.48169
0.0684766 -0.0860869 -0.0561273 -0.39248 0.396473 -1.71284
0.0957391 -0.0541666 0.190592 0.632946 0.661019 1.27831
0.109059 -0.0143579 0.0353525 -0.686432 0.687342 -1.51934
# x y Real Imaginary Modulus Phase <-> f = 0 s = 2
0.0429804 0.101256 0.875008 -0.081126 0.87876 -0.0924503
0.00191976 0.109983 -0.527264 0.185479 0.558936 2.80334
-0.0394205 0.102694 0.188091 -0.176985 0.258267 -0.754985
-0.0750198 0.0804489 -0.0407994 0.0994487 0.107492 1.96011
-0.0996939 0.046488 0.00146969 -0.0459908 0.0460143 -1.53885
-0.109849 0.00575696 0.0080664 0.0105574 0.0132863 0.918365
-0.104007 -0.0358125 -0.0151081 -0.00423981 0.0156917 -2.868
-0.0830181 -0.0721665 0.0128758 0.011279 0.0171173 0.719387
-0.049939 -0.0980107 -0.00765392 0.00692488 0.0103216 2.40616
-0.00958713 -0.109581 0.00530435 0.00941078 0.0108027 1.05754
0.0321609 -0.105194 0.00659611 -0.0541656 0.0545657 -1.44962
0.0692252 -0.0854861 0.00808427 0.178397 0.17858 1.52551
0.0962082 -0.0533291 -0.0875575 -0.360831 0.371302 -1.80885
0.10918 -0.0134056 0.102811 0.568047 0.577276 1.39174
0.106252 0.0284701 0.100627 -0.773993 0.780507 -1.44151
# x y Real Imaginary Modulus Phase <-> f = 0 s = 3
0.000959919 0.109996 0.904361 0.00712586 0.904389 0.00787928
-0.0403151 0.102346 -0.482705 0.198578 0.521955 2.75131
-0.075719 0.0797912 0.174527 -0.167026 0.241573 -0.763442
-0.100096 0.0456163 -0.0470152 0.0997512 0.110276 2.01124
-0.109895 0.00479813 0.000938338 -0.0451729 0.0451826 -1.55003
-0.103691 -0.0367188 0.00617707 0.0194907 0.0204461 1.26389
-0.0823851 -0.0728882 -0.0068264 -0.00831959 0.0107618 -2.25793
-0.0490818 -0.0984428 0.0114295 0.0035634 0.0119721 0.302221
-0.0086305 -0.109661 -0.00602912 -0.000451442 0.006046 -3.06686
0.0330776 -0.104909 -0.00334159 0.0105062 0.0110248 1.87874
0.0699686 -0.0848787 0.00632815 -0.0679201 0.0682143 -1.47789
0.0966699 -0.0524875 0.0411139 0.154961 0.160322 1.31145
0.109293 -0.0124524 -0.0807864 -0.287481 0.298616 -1.84475
0.105999 0.0293962 0.0467268 0.527784 0.529849 1.48249
0.0872689 0.0669638 0.147605 -0.792171 0.805805 -1.38658
# x y Real Imaginary Modulus Phase <-> f = 0 s = 4
-0.0412067 0.10199 0.881895 -0.0137792 0.882003 -0.0156232
-0.0764124 0.0791274 -0.479467 0.17608 0.510777 2.78964
-0.10049 0.044741 0.200714 -0.169479 0.262696 -0.701224
-0.109933 0.00383894 -0.0640228 0.103425 0.121638 2.12509
-0.103366 -0.0376222 0.0230106 -0.0493047 0.0544099 -1.13414
-0.0817459 -0.0736044 -0.00675272 0.0159918 0.0173591 1.97035
-0.0482208 -0.0988673 -0.000958194 -0.00352157 0.0036496 -1.83646
-0.00767321 -0.109732 0.00965211 -0.000338849 0.00965806 -0.0350918
0.0339919 -0.104616 -0.00563976 -0.00140863 0.00581302 -2.89683
0.0707066 -0.0842649 0.00751825 0.0194572 0.0208592 1.20207
0.0971242 -0.0516419 -0.0271782 -0.0421102 0.0501191 -2.14393
0.109397 -0.0114981 0.0495508 0.0932778 0.105622 1.08249
0.105739 0.0303201 -0.0671367 -0.213068 0.223395 -1.87604
0.0866812 0.0677228 0.0108947 0.442397 0.442531 1.54617
0.055 0.0952628 0.228656 -0.741517 0.775971 -1.27169
# x y Real Imaginary Modulus Phase <-> f = 0 s = 5
-0.0771 0.0784575 0.906759 -0.0233197 0.907058 -0.025712
-0.100877 0.0438624 -0.557995 0.222665 0.600781 2.76191
-0.109962 0.00287946 0.265619 -0.209837 0.338504 -0.668608
-0.103034 -0.0385228 -0.12876 0.118505 0.174993 2.39765
-0.0811005 -0.0743149 0.0571609 -0.0388379 0.0691068 -0.5968
-0.0473562 -0.0992844 -0.0124223 0.00993068 0.0159038 2.4672
-0.00671534 -0.109795 -0.00180162 -0.00326263 0.00372701 -2.07533
0.0349035 -0.104316 0.0114427 0.00422215 0.0121968 0.353484
0.0714393 -0.0836447 -0.0145702 -0.00263259 0.0148061 -2.96284
0.0975712 -0.0507923 0.0192275 0.00550962 0.0200013 0.279071
0.109494 -0.010543 -0.0303126 -0.0195941 0.036094 -2.56775
0.10547 0.0312417 0.0599449 0.0632359 0.087133 0.812109
0.0860869 0.0684766 -0.0850173 -0.175553 0.195055 -2.02179
0.0541666 0.0957391 0.0383741 0.406917 0.408722 1.47677
0.0143579 0.109059 0.197147 -0.727205 0.753455 -1.30606
# x y Real Imaginary Modulus Phase <-> f = 0 s = 6
-0.101256 0.0429804 0.84584 -0.0457566 0.847077 -0.0540434
-0.109983 0.00191976 -0.554329 0.310273 0.635256 2.63131
-0.102694 -0.0394205 0.32339 -0.238604 0.401887 -0.635661
-0.0804489 -0.0750198 -0.153926 0.10358 0.185532 2.54927
-0.046488 -0.0996939 0.0445768 -0.0385373 0.0589255 -0.71286
-0.00575696 -0.109849 -0.000875124 0.0182094 0.0182304 1.61882
0.0358125 -0.104007 -0.0093362 0.00312479 0.00984525 2.81862
0.0721665 -0.0830181 0.0153859 0.0109992 0.0189132 0.620646
0.0980107 -0.049939 -0.0217285 0.0075234 0.0229941 2.80827
0.109581 -0.00958713 0.00950686 -0.00390264 0.0102767 -0.389532
0.105194 0.0321609 -0.0318207 -0.0104511 0.0334931 -2.82425
0.0854861 0.0692252 0.0609068 0.0512378 0.0795924 0.699392
0.0533291 0.0962082 -0.0858009 -0.15785 0.179662 -2.06868
0.0134056 0.10918 0.0308952 0.394058 0.395267 1.49255
-0.0284701 0.106252 0.234552 -0.750602 0.786395 -1.26792
# x y Real Imaginary Modulus Phase <-> f = 0 s = 7
-0.109996 0.000959919 0.765441 -0.0803842 0.76965 -0.104633
-0.102346 -0.0403151 -0.613087 0.355171 0.708536 2.61652
-0.0797912 -0.075719 0.355378 -0.207536 0.411539 -0.528563
-0.0456163 -0.100096 -0.118039 0.088444 0.147498 2.49855
-0.00479813 -0.109895 0.00514086 -0.0440488 0.0443478 -1.45461
0.0367188 -0.103691 0.00832703 0.00995042 0.012975 0.873985
0.0728882 -0.0823851 -0.0266324 0.00446675 0.0270044 2.97542
0.0984428 -0.0490818 0.0118145 0.00697002 0.0137172 0.533002
0.109661 -0.0086305 -0.0242128 0.0124649 0.0272329 2.66617
0.104909 0.0330776 0.0045046 -0.0071997 0.00849277 -1.01172
0.0848787 0.0699686 -0.0289655 -0.0123119 0.0314735 -2.73968
0.0524875 0.0966699 0.0601001 0.0510216 0.0788367 0.703881
0.0124524 0.109293 -0.0801788 -0.177274 0.194563 -1.99555
-0.0293962 0.105999 0.0103841 0.466227 0.466342 1.54853
-0.0669638 0.0872689 0.15243 -0.769984 0.784927 -1.37536
# x y Real Imaginary Modulus Phase <-> f = 0 s = 8
-0.10199 -0.0412067 0.727264 -0.146651 0.741902 -0.19898
-0.0791274 -0.0764124 -0.622403 0.326739 0.702954 2.65817
-0.044741 -0.10049 0.260786 -0.17517 0.314156 -0.591478
-0.00383894 -0.109933 -0.0257251 0.0926547 0.0961596 1.84162
0.0376222 -0.103366 -0.0239612 -0.0321782 0.0401195 -2.21086
0.0736044 -0.0817459 0.0237701 -0.00656906 0.0246611 -0.269628
0.0988673 -0.0482208 -0.0362384 0.00565417 0.0366769 2.98681
0.109732 -0.00767321 0.00876376 0.00604247 0.0106449 0.603634
0.104616 0.0339919 -0.022069 0.0140215 0.0261465 2.57559
0.0842649 0.0707066 0.0112454 -0.00861551 0.0141663 -0.65375
0.0516419 0.0971242 -0.0332911 -0.00860377 0.0343849 -2.88869
0.0114981 0.109397 0.0607762 0.0651153 0.0890716 0.819852
-0.0303201 0.105739 -0.0747695 -0.236357 0.247902 -1.87718
-0.0677228 0.0866812 0.0805188 0.527187 0.533301 1.41923
-0.0952628 0.055 0.0691468 -0.747568 0.750759 -1.47856
# x y Real Imaginary Modulus Phase <-> f = 0 s = 9
-0.0784575 -0.0771 0.862816 -0.0583987 0.864791 -0.0675807
-0.0438624 -0.100877 -0.507133 0.152031 0.529431 2.85033
-0.00287946 -0.109962 0.114081 -0.13716 0.178402 -0.877003
0.0385228 -0.103034 0.015021 0.0590696 0.0609495 1.32178
0.0743149 -0.0811005 -0.0298443 -0.0112355 0.0318891 -2.78153
0.0992844 -0.0473562 0.0288556 -0.0154203 0.0327174 -0.490783
0.109795 -0.00671534 -0.0342717 0.00608916 0.0348085 2.96575
0.104316 0.0349035 0.0109383 0.0126982 0.0167598 0.859717
0.0836447 0.0714393 -0.0159622 0.010591 0.0191562 2.55578
0.0507923 0.0975712 0.0173675 -0.000751727 0.0173838 -0.0432566
0.010543 0.109494 -0.0303695 -0.0254282 0.0396093 -2.44452
-0.0312417 0.10547 0.0421996 0.113991 0.121552 1.21624
-0.0684766 0.0860869 -0.0773444 -0.300258 0.31006 -1.82291
-0.0957391 0.0541666 0.0791344 0.595888 0.60112 1.43877
-0.109059 0.0143579 0.00631449 -0.795405 0.79543 -1.56286
# x y Real Imaginary Modulus Phase <-> f = 0 s = 10
-0.0429804 -0.101256 0.896672 0.128828 0.90588 0.142696
-0.00191976 -0.109983 -0.349088 0.114186 0.367289 2.82547
0.0394205 -0.102694 0.0737056 -0.116322 0.137708 -1.00601
0.0750198 -0.0804489 0.009885 0.0536352 0.0545385 1.38854
0.0996939 -0.046488 -0.0289499 -0.0112419 0.0310561 -2.7712
0.109849 -0.00575696 0.0299065 -0.00288535 0.0300454 -0.0961815
0.104007 0.0358125 -0.0256328 -0.0012216 0.0256619 -3.09397
0.0830181 0.0721665 0.0159536 0.0153226 0.0221201 0.765227
0.049939 0.0980107 -0.00989523 -0.000141321 0.00989624 -3.12731
0.00958713 0.109581 0.0116946 0.00613256 0.013205 0.482972
-0.0321609 0.105194 -0.0104587 -0.0417152 0.0430064 -1.81645
-0.0692252 0.0854861 0.0239156 0.132544 0.134685 1.39228
-0.0962082 0.0533291 -0.0359243 -0.307251 0.309344 -1.68719
-0.10918 0.0134056 0.0451526 0.602528 0.604217 1.496
-0.106252 -0.0284701 0.121909 -0.781692 0.791141 -1.41609
# x y Real Imaginary Modulus Phase <-> f = 0 s = 11
-0.000959919 -0.109996 0.765981 0.209988 0.794242 0.267568
0.0403151 -0.102346 -0.319696 0.0956496 0.333698 2.85088
0.075719 -0.0797912 0.0988134 -0.119137 0.154783 -0.878379
0.100096 -0.0456163 -0.00635103 0.0732397 0.0735145 1.6573
0.109895 -0.00479813 -0.0115402 -0.0345951 0.0364691 -1.89277
0.103691 0.0367188 0.00881541 0.0163211 0.0185497 1.07557
0.0823851 0.0728882 -0.00743015 -0.00492107 0.00891202 -2.55661
0.0490818 0.0984428 0.0111246 0.00615391 0.0127133 0.505282
0.0086305 0.109661 -0.00451295 -0.00184495 0.00487551 -2.75351
-0.0330776 0.104909 0.00701655 0.00886319 0.0113043 0.901167
-0.0699686 0.0848787 -0.0125542 -0.0387465 0.0407296 -1.88413
-0.0966699 0.0524875 0.0271322 0.0983748 0.102048 1.30168
-0.109293 0.0124524 -0.0476133 -0.232044 0.236879 -1.77318
-0.105999 -0.0293962 0.000282835 0.422643 0.422643 1.57013
-0.0872689 -0.0669638 0.295675 -0.680786 0.742222 -1.16106
# x y Real Imaginary Modulus Phase <-> f = 0 s = 12
0.0412067 -0.10199 0.821252 0.199724 0.84519 0.238563
0.0764124 -0.0791274 -0.423122 0.103773 0.435662 2.90109
0.10049 -0.044741 0.172216 -0.154068 0.231074 -0.729835
0.109933 -0.00383894 -0.0713026 0.103936 0.126043 2.17208
0.103366 0.0376222 0.0362428 -0.050839 0.0624352 -0.951469
0.0817459 0.0736044 -0.0164482 0.0128193 0.0208537 2.47956
0.0482208 0.0988673 -0.000520481 -0.00363265 0.00366975 -1.71311
0.00767321 0.109732 0.00568007 0.00178226 0.00595313 0.304046
-0.0339919 0.104616 -0.00103078 -0.000549459 0.00116808 -2.65185
-0.0707066 0.0842649 0.0106107 0.00615226 0.0122653 0.525445
-0.0971242 0.0516419 -0.0302685 -0.0144941 0.0335598 -2.69501
-0.109397 0.0114981 0.0620098 0.0392899 0.0734092 0.564765
-0.105739 -0.0303201 -0.0844656 -0.10755 0.136753 -2.23655
-0.0866812 -0.0677228 0.0264678 0.278633 0.279888 1.47609
-0.055 -0.0952628 0.27574 -0.51199 0.581521 -1.07677
# x y Real Imaginary Modulus Phase <-> f = 0 s = 13
0.0771 -0.0784575 0.949125 0.0350546 0.949772 0.0369168
0.100877 -0.0438624 -0.577748 0.239834 0.62555 2.74812
0.109962 -0.00287946 0.337314 -0.225013 0.405477 -0.588284
0.103034 0.0385228 -0.183765 0.104702 0.2115 2.62371
0.0811005 0.0743149 0.0843327 -0.0287219 0.0890896 -0.328257
0.0473562 0.0992844 -0.0277888 0.000449799 0.0277925 3.12541
0.00671534 0.109795 0.00461187 -0.00244168 0.00521835 -0.486916
-0.0349035 0.104316 0.00198274 0.00489603 0.00528227 1.18601
-0.0714393 0.0836447 -0.00107191 0.0101145 0.0101711 1.67638
-0.0975712 0.0507923 0.00563225 -0.00690341 0.00890951 -0.886456
-0.109494 0.010543 -0.0298868 0.00998316 0.0315101 2.81921
-0.10547 -0.0312417 0.0526552 -0.00439738 0.0528385 -0.0833194
-0.0860869 -0.0684766 -0.0721846 -0.0662319 0.0979657 -2.39917
-0.0541666 -0.0957391 0.0234851 0.236017 0.237182 1.47162
-0.0143579 -0.109059 0.304887 -0.533543 0.614512 -1.05164
# x y Real Imaginary Modulus Phase <-> f = 0 s = 14
0.101256 -0.0429804 0.743057 -0.0913077 0.748646 -0.122268
0.109983 -0.00191976 -0.574296 0.448423 0.728628 2.47865
0.102694 0.0394205 0.413638 -0.303563 0.513076 -0.633108
0.0804489 0.0750198 -0.211427 0.125176 0.245704 2.60704
0.046488 0.0996939 0.0920155 -0.0444862 0.102205 -0.450332
0.00575696 0.109849 -0.0218833 0.0196447 0.0294074 2.41005
-0.0358125 0.104007 -0.00179992 -0.011756 0.011893 -1.72272
-0.0721665 0.0830181 0.0047906 0.0106205 0.011651 1.14705
-0.0980107 0.049939 -0.011564 0.0162797 0.0199688 2.18842
-0.109581 0.00958713 0.00154516 -0.0245712 0.0246197 -1.50799
-0.105194 -0.0321609 -0.0147539 0.0230628 0.0273783 2.13992
-0.0854861 -0.0692252 0.0388697 -0.00769751 0.0396246 -0.195504
-0.0533291 -0.0962082 -0.0703881 -0.0775639 0.104741 -2.30773
-0.0134056 -0.10918 0.00236758 0.308462 0.308471 1.56312
0.0284701 -0.106252 0.314011 -0.728266 0.79308 -1.16371
# x y Real Imaginary Modulus Phase <-> f = 0 s = 15
0.109996 -0.000959919 0.659552 0.0143735 0.659708 0.0217895
0.102346 0.0403151 -0.529587 0.440158 0.688623 2.44815
0.0797912 0.075719 0.351305 -0.284842 0.452272 -0.681299
0.0456163 0.100096 -0.157639 0.135901 0.208132 2.43011
0.00479813 0.109895 0.0403033 -0.053558 0.0670284 -0.925686
-0.0367188 0.103691 0.000433119 0.0234037 0.0234077 1.55229
-0.0728882 0.0823851 -0.016029 -0.00518656 0.0168472 -2.82865
-0.0984428 0.0490818 0.00398588 0.00779929 0.00875878 1.09834
-0.109661 0.0086305 -0.0184377 0.0193551 0.0267314 2.33193
-0.104909 -0.0330776 -0.000191489 -0.0349136 0.0349141 -1.57628
-0.0848787 -0.0699686 -0.0131441 0.0247056 0.0279846 2.05974
-0.0524875 -0.0966699 0.0502017 0.0106571 0.0513204 0.209179
-0.0124524 -0.109293 -0.0788881 -0.145567 0.165569 -2.06743
0.0293962 -0.105999 0.00314317 0.478741 0.478751 1.56423
0.0669638 -0.0872689 0.0742821 -0.784365 0.787874 -1.47637
