# x y Real Imaginary Modulus Phase <-> f = 0 s = 0
0.10199 0.0412067 0.73096 -0.0365558 0.731873 -0.0499691
0.0791274 0.0764124 -0.566662 0.333988 0.657764 2.60901
0.044741 0.10049 0.294042 -0.229336 0.372902 -0.66239
0.00383894 0.109933 -0.0859436 0.112071 0.141231 2.225
-0.0376222 0.103366 0.0152168 -0.0449161 0.0474237 -1.24415
-0.0736044 0.0817459 0.0100301 0.0132501 0.0166184 0.922841
-0.0988673 0.0482208 -0.024519 0.00343085 0.0247579 3.00257
-0.109732 0.00767321 0.00377795 0.0095395 0.0102604 1.19372
-0.104616 -0.0339919 -0.0162467 0.0181548 0.0243629 2.30078
-0.0842649 -0.0707066 0.0106769 -0.0239073 0.0261831 -1.15078
-0.0516419 -0.0971242 -0.0275821 -0.00114038 0.0276057 -3.10027
-0.0114981 -0.109397 0.0483421 0.0586504 0.0760054 0.881448
0.0303201 -0.105739 -0.0548665 -0.284527 0.289768 -1.76129
0.0677228 -0.0866812 0.128101 0.633978 0.646791 1.37142
0.0952628 -0.055 -0.0134382 -0.634168 0.634311 -1.59198
# x y Real Imaginary Modulus Phase <-> f = 0 s = 1
0.0784575 0.0771 0.812515 -0.0823089 0.816673 -0.100957
0.0438624 0.100877 -0.572523 0.26608 0.631333 2.70654
0.00287946 0.109962 0.23881 -0.171765 0.294165 -0.623533
-0.0385228 0.103034 -0.0593819 0.0971901 0.113895 2.11926
-0.0743149 0.0811005 -0.0032203 -0.0428982 0.0430189 -1.64572
-0.0992844 0.0473562 0.00358525 0.00693774 0.00780937 1.09382
-0.109795 0.00671534 -0.0165053 0.00627031 0.0176562 2.77854
-0.104316 -0.0349035 0.000785538 0.00642864 0.00647646 1.44921
-0.0836447 -0.0714393 -0.023251 0.0267032 0.0354073 2.2872
-0.0507923 -0.0975712 0.00901358 -0.00548758 0.0105526 -0.546874
-0.010543 -0.109494 -0.0265404 -0.0364458 0.0450854 -2.20021
0.0312417 -0.10547 0.0132796 0.141385 0.142008 1.47715
0.0684766 -0.0860869 -0.0527614 -0.397311 0.400799 -1.70282
0.0957391 -0.0541666 0.194034 0.631407 0.660548 1.27265
0.109059 -0.0143579 0.0387874 -0.688058 0.689151 -1.51448
# x y Real Imaginary Modulus Phase <-> f = 0 s = 2
0.0429804 0.101256 0.878908 -0.0827006 0.882791 -0.0938184
0.00191976 0.109983 -0.530421 0.187997 0.562752 2.80098
-0.0394205 0.102694 0.188751 -0.174601 0.257124 -0.746473
-0.0750198 0.0804489 -0.0410939 0.100014 0.108127 1.96065
-0.0996939 0.046488 0.00207593 -0.0448007 0.0448488 -1.52449
-0.109849 0.00575696 0.00789402 0.0120211 0.0143814 0.989741
-0.104007 -0.0358125 -0.0141183 -0.00477626 0.0149044 -2.81538
-0.0830181 -0.0721665 0.0137331 0.00628605 0.0151034 0.429262
-0.049939 -0.0980107 -0.00730352 0.00747817 0.010453 2.34438
-0.00958713 -0.109581 0.00436835 0.0116672 0.0124582 1.21254
0.0321609 -0.105194 0.00761156 -0.0548463 0.055372 -1.4329
0.0692252 -0.0854861 0.0116888 0.176691 0.177077 1.50474
0.0962082 -0.0533291 -0.0854198 -0.359031 0.369053 -1.80437
0.10918 -0.0134056 0.103717 0.562553 0.572034 1.38848
0.106252 0.0284701 0.104458 -0.771124 0.778167 -1.43615
# x y Real Imaginary Modulus Phase <-> f = 0 s = 3
0.000959919 0.109996 0.90628 0.00683548 0.906305 0.00754221
-0.0403151 0.102346 -0.48484 0.197814 0.523641 2.75421
-0.075719 0.0797912 0.173793 -0.166656 0.240786 -0.764438
-0.100096 0.0456163 -0.0463588 0.101369 0.111466 1.99973
-0.109895 0.00479813 0.000621609 -0.0457597 0.0457639 -1.55721
-0.103691 -0.0367188 0.0062 0.0186426 0.0196465 1.24973
-0.0823851 -0.0728882 -0.00614239 -0.00710302 0.00939052 -2.2838
-0.0490818 -0.0984428 0.0112707 0.00360426 0.011833 0.309512
-0.0086305 -0.109661 -0.00740403 -0.00331583 0.00811261 -2.72054
0.0330776 -0.104909 -0.00482353 0.00978792 0.0109119 2.02867
0.0699686 -0.0848787 0.00565626 -0.068408 0.0686414 -1.4883
0.0966699 -0.0524875 0.0409538 0.155938 0.161226 1.31397
0.109293 -0.0124524 -0.0808869 -0.28651 0.297709 -1.84595
0.105999 0.0293962 0.0465761 0.52797 0.530021 1.48281
0.0872689 0.0669638 0.147187 -0.793236 0.806776 -1.38733
# x y Real Imaginary Modulus Phase <-> f = 0 s = 4
-0.0412067 0.10199 0.880927 -0.0150881 0.881056 -0.0171258
-0.0764124 0.0791274 -0.479846 0.178802 0.512076 2.78491
-0.10049 0.044741 0.200579 -0.170181 0.263047 -0.703594
-0.109933 0.00383894 -0.0638494 0.103411 0.121535 2.12393
-0.103366 -0.0376222 0.0231394 -0.0501651 0.0552446 -1.13861
-0.0817459 -0.0736044 -0.00652258 0.015427 0.0167493 1.9708
-0.0482208 -0.0988673 -0.00203925 -0.00505944 0.00545495 -1.95394
-0.00767321 -0.109732 0.00886767 -0.00156067 0.00900395 -0.174212
0.0339919 -0.104616 -0.00610155 -0.00114822 0.00620865 -2.95558
0.0707066 -0.0842649 0.00787794 0.0190327 0.0205987 1.17835
0.0971242 -0.0516419 -0.0272789 -0.0408615 0.0491305 -2.15944
0.109397 -0.0114981 0.0508152 0.0918983 0.105012 1.06569
0.105739 0.0303201 -0.068325 -0.213754 0.224409 -1.88018
0.0866812 0.0677228 0.0123513 0.442498 0.44267 1.54289
0.055 0.0952628 0.230597 -0.741143 0.776188 -1.26915
# x y Real Imaginary Modulus Phase <-> f = 0 s = 5
-0.0771 0.0784575 0.90669 -0.0253153 0.907044 -0.0279133
-0.100877 0.0438624 -0.559022 0.223642 0.602098 2.76103
-0.109962 0.00287946 0.266861 -0.210787 0.340067 -0.668539
-0.103034 -0.0385228 -0.126772 0.116682 0.172296 2.39762
-0.0811005 -0.0743149 0.0546701 -0.0408981 0.0682749 -0.642277
-0.0473562 -0.0992844 -0.0109018 0.0087817 0.0139989 2.46349
-0.00671534 -0.109795 -0.000581534 -0.00127161 0.00139828 -1.99972
0.0349035 -0.104316 0.0127685 0.00410573 0.0134124 0.31111
0.0714393 -0.0836447 -0.0141687 -0.00412303 0.0147564 -2.85842
0.0975712 -0.0507923 0.0219571 0.005303 0.0225884 0.236978
0.109494 -0.010543 -0.0288682 -0.0204952 0.0354038 -2.52421
0.10547 0.0312417 0.0588995 0.0659801 0.088445 0.842037
0.0860869 0.0684766 -0.0877806 -0.174585 0.19541 -2.03668
0.0541666 0.0957391 0.0390375 0.408142 0.410005 1.47544
0.0143579 0.109059 0.196119 -0.72526 0.751309 -1.3067
# x y Real Imaginary Modulus Phase <-> f = 0 s = 6
-0.101256 0.0429804 0.844029 -0.0479781 0.845391 -0.056783
-0.109983 0.00191976 -0.55386 0.312588 0.635982 2.62778
-0.102694 -0.0394205 0.320488 -0.242014 0.401601 -0.646784
-0.0804489 -0.0750198 -0.156182 0.0985089 0.184653 2.57888
-0.046488 -0.0996939 0.0425783 -0.0420759 0.0598606 -0.779463
-0.00575696 -0.109849 0.00562141 0.0186246 0.0194544 1.27766
0.0358125 -0.104007 -0.00467394 0.00912768 0.0102548 2.04405
0.0721665 -0.0830181 0.0075126 0.00100961 0.00758014 0.133588
0.0980107 -0.049939 -0.015956 0.00822785 0.0179525 2.6655
0.109581 -0.00958713 0.0093719 -0.00265149 0.00973976 -0.275713
0.105194 0.0321609 -0.0295755 -0.003939 0.0298367 -3.00919
0.0854861 0.0692252 0.0616493 0.0559673 0.0832645 0.737126
0.0533291 0.0962082 -0.081966 -0.155623 0.175889 -2.05557
0.0134056 0.10918 0.0311855 0.395601 0.396829 1.49213
-0.0284701 0.106252 0.235362 -0.751461 0.787457 -1.26727
# x y Real Imaginary Modulus Phase <-> f = 0 s = 7
-0.109996 0.000959919 0.763931 -0.0899384 0.769207 -0.117192
-0.102346 -0.0403151 -0.613529 0.358215 0.710448 2.61313
-0.0797912 -0.075719 0.352722 -0.207294 0.409126 -0.531325
-0.0456163 -0.100096 -0.107802 0.0887788 0.139653 2.45266
-0.00479813 -0.109895 0.00592603 -0.0372129 0.0376818 -1.41288
0.0367188 -0.103691 0.00612645 0.00634242 0.00881815 0.802718
0.0728882 -0.0823851 -0.0162391 0.00741602 0.0178523 2.7132
0.0984428 -0.0490818 0.00863472 0.0016099 0.00878351 0.184329
0.109661 -0.0086305 -0.0182478 0.0146379 0.0233934 2.46553
0.104909 0.0330776 0.003607 -0.00975738 0.0104027 -1.21671
0.0848787 0.0699686 -0.0251102 -0.00850546 0.0265116 -2.815
0.0524875 0.0966699 0.0677709 0.0479647 0.0830271 0.615907
0.0124524 0.109293 -0.0729262 -0.165776 0.181107 -1.98523
-0.0293962 0.105999 0.00220613 0.468715 0.46872 1.56609
-0.0669638 0.0872689 0.151901 -0.772702 0.787491 -1.37669
# x y Real Imaginary Modulus Phase <-> f = 0 s = 8
-0.10199 -0.0412067 0.728833 -0.145176 0.743151 -0.196616
-0.0791274 -0.0764124 -0.635562 0.320546 0.711821 2.67447
-0.044741 -0.10049 0.259896 -0.179295 0.315742 -0.603896
-0.00383894 -0.109933 -0.0327204 0.0828923 0.0891166 1.94676
0.0376222 -0.103366 -0.0306462 -0.0331939 0.0451777 -2.31631
0.0736044 -0.0817459 0.0227014 -0.00105139 0.0227257 -0.046281
0.0988673 -0.0482208 -0.0400467 0.0129325 0.0420831 2.82923
0.109732 -0.00767321 0.0161317 0.00216031 0.0162757 0.133125
0.104616 0.0339919 -0.0243314 0.00336344 0.0245628 3.00423
0.0842649 0.0707066 0.00955521 -0.0020767 0.00977828 -0.214008
0.0516419 0.0971242 -0.0314946 -0.00914836 0.0327964 -2.8589
0.0114981 0.109397 0.0579662 0.0615712 0.0845642 0.815547
-0.0303201 0.105739 -0.0690183 -0.240627 0.25033 -1.85012
-0.0677228 0.0866812 0.0839878 0.531114 0.537714 1.41396
-0.0952628 0.055 0.0727498 -0.743906 0.747455 -1.47331
# x y Real Imaginary Modulus Phase <-> f = 0 s = 9
-0.0784575 -0.0771 0.859882 -0.0640627 0.862265 -0.0743643
-0.0438624 -0.100877 -0.510468 0.145877 0.530903 2.86324
-0.00287946 -0.109962 0.116299 -0.143925 0.185041 -0.891164
0.0385228 -0.103034 0.023152 0.066036 0.0699769 1.23359
0.0743149 -0.0811005 -0.0250199 -0.0130402 0.0282142 -2.66113
0.0992844 -0.0473562 0.0136858 -0.002717 0.0139529 -0.195979
0.109795 -0.00671534 -0.0398234 0.00930084 0.0408951 2.91215
0.104316 0.0349035 0.0162226 0.0164087 0.0230742 0.791103
0.0836447 0.0714393 -0.0132985 0.00750873 0.0152719 2.62759
0.0507923 0.0975712 0.0269368 -0.000983395 0.0269548 -0.0364912
0.010543 0.109494 -0.0312673 -0.0117413 0.0333991 -2.78237
-0.0312417 0.10547 0.0527547 0.121142 0.13213 1.16008
-0.0684766 0.0860869 -0.0799097 -0.306019 0.31628 -1.82622
-0.0957391 0.0541666 0.075218 0.604362 0.609024 1.44697
-0.109059 0.0143579 -0.00479022 -0.797408 0.797423 -1.5768
# x y Real Imaginary Modulus Phase <-> f = 0 s = 10
-0.0429804 -0.101256 0.902519 0.146788 0.914378 0.16123
-0.00191976 -0.109983 -0.351588 0.120698 0.371729 2.81091
0.0394205 -0.102694 0.0775892 -0.115364 0.139029 -0.978725
0.0750198 -0.0804489 0.00721495 0.0537731 0.0542549 1.43742
0.0996939 -0.046488 -0.0405831 -0.00968906 0.0417236 -2.90723
0.109849 -0.00575696 0.0232513 -0.00247817 0.0233829 -0.106182
0.104007 0.0358125 -0.0132882 0.00238543 0.0135006 2.96397
0.0830181 0.0721665 0.0169158 0.0243142 0.0296197 0.962951
0.049939 0.0980107 -0.0113278 -0.00281017 0.0116712 -2.89842
0.00958713 0.109581 0.0152827 -0.00283264 0.015543 -0.18327
-0.0321609 0.105194 -0.0144765 -0.0453923 0.0476448 -1.87952
-0.0692252 0.0854861 0.0256283 0.136046 0.138439 1.3846
-0.0962082 0.0533291 -0.035839 -0.310667 0.312727 -1.68565
-0.10918 0.0134056 0.0480736 0.592011 0.59396 1.48977
-0.106252 -0.0284701 0.124017 -0.782732 0.792496 -1.41366
# x y Real Imaginary Modulus Phase <-> f = 0 s = 11
-0.000959919 -0.109996 0.77327 0.213367 0.802167 0.269228
0.0403151 -0.102346 -0.314359 0.0954326 0.328526 2.84686
0.075719 -0.0797912 0.10487 -0.121976 0.16086 -0.860664
0.100096 -0.0456163 -0.0106094 0.0700077 0.0708071 1.7212
0.109895 -0.00479813 -0.0170279 -0.0317482 0.0360264 -2.06309
0.103691 0.0367188 0.00871138 0.0111958 0.0141857 0.909556
0.0823851 0.0728882 -0.0129534 0.00114429 0.0130039 3.05348
0.0490818 0.0984428 0.00828572 -0.000652925 0.00831141 -0.0786388
0.0086305 0.109661 -0.00785528 -0.00758961 0.0109228 -2.37339
-0.0330776 0.104909 0.00863999 0.00109744 0.00870941 0.126342
-0.0699686 0.0848787 -0.0182623 -0.0328578 0.0375918 -2.07808
-0.0966699 0.0524875 0.0326813 0.101805 0.106922 1.26017
-0.109293 0.0124524 -0.0545343 -0.233739 0.240017 -1.80001
-0.105999 -0.0293962 -0.0112826 0.424735 0.424885 1.59735
-0.0872689 -0.0669638 0.293839 -0.685888 0.746179 -1.16604
# x y Real Imaginary Modulus Phase <-> f = 0 s = 12
0.0412067 -0.10199 0.814679 0.196449 0.83803 0.23662
0.0764124 -0.0791274 -0.419575 0.105463 0.432626 2.89534
0.10049 -0.044741 0.175007 -0.151995 0.231797 -0.715143
0.109933 -0.00383894 -0.0755706 0.109843 0.133328 2.17342
0.103366 0.0376222 0.0364084 -0.050105 0.0619361 -0.942413
0.0817459 0.0736044 -0.0207717 0.0150122 0.0256287 2.51578
0.0482208 0.0988673 -0.00444289 0.000794005 0.00451328 2.96475
0.00767321 0.109732 0.00595929 -0.00318182 0.00675553 -0.490419
-0.0339919 0.104616 -0.00219 -0.00192279 0.00291432 -2.42107
-0.0707066 0.0842649 0.00949272 0.00832188 0.012624 0.719769
-0.0971242 0.0516419 -0.0291356 -0.0143636 0.0324838 -2.68357
-0.109397 0.0114981 0.0637957 0.0380117 0.0742616 0.537352
-0.105739 -0.0303201 -0.0856946 -0.107794 0.137707 -2.24247
-0.0866812 -0.0677228 0.0250677 0.281064 0.28218 1.48184
-0.055 -0.0952628 0.279277 -0.515095 0.585934 -1.07397
# x y Real Imaginary Modulus Phase <-> f = 0 s = 13
0.0771 -0.0784575 0.95384 0.0334548 0.954426 0.0350595
0.100877 -0.0438624 -0.582035 0.239312 0.629313 2.7515
0.109962 -0.00287946 0.33956 -0.220992 0.40514 -0.576949
0.103034 0.0385228 -0.185242 0.0989996 0.210037 2.65078
0.0811005 0.0743149 0.0827201 -0.0183972 0.0847412 -0.218841
0.0473562 0.0992844 -0.026826 -0.00222469 0.0269181 -3.05885
0.00671534 0.109795 0.00551778 0.00289224 0.00622984 0.482794
-0.0349035 0.104316 0.0104924 0.00598176 0.0120777 0.518147
-0.0714393 0.0836447 -0.00232931 0.0149762 0.0151563 1.72509
-0.0975712 0.0507923 0.0101459 0.00353024 0.0107426 0.334844
-0.109494 0.010543 -0.0254371 0.00755816 0.0265363 2.85277
-0.10547 -0.0312417 0.0522437 0.000671956 0.052248 0.0128613
-0.0860869 -0.0684766 -0.0780056 -0.0651408 0.101628 -2.44583
-0.0541666 -0.0957391 0.0284503 0.239322 0.241008 1.45247
-0.0143579 -0.109059 0.307225 -0.531619 0.614008 -1.04678
# x y Real Imaginary Modulus Phase <-> f = 0 s = 14
0.101256 -0.0429804 0.744752 -0.0967737 0.751013 -0.129217
0.109983 -0.00191976 -0.574475 0.444024 0.726071 2.48358
0.102694 0.0394205 0.407548 -0.303445 0.508109 -0.640011
0.0804489 0.0750198 -0.20773 0.114932 0.237405 2.63624
0.046488 0.0996939 0.0940293 -0.0446933 0.10411 -0.443703
0.00575696 0.109849 -0.0229959 0.0188671 0.0297453 2.4545
-0.0358125 0.104007 -0.00875917 -0.00978851 0.0131354 -2.30075
-0.0721665 0.0830181 0.00927864 0.0129485 0.0159297 0.949029
-0.0980107 0.049939 -0.0214234 0.0193745 0.0288849 2.40637
-0.109581 0.00958713 0.00728812 -0.0294401 0.0303288 -1.32812
-0.105194 -0.0321609 -0.0120804 0.0193177 0.022784 2.12965
-0.0854861 -0.0692252 0.0288207 -0.016044 0.0329855 -0.507959
-0.0533291 -0.0962082 -0.0660144 -0.0756293 0.100388 -2.28842
-0.0134056 -0.10918 -0.00335517 0.312096 0.312114 1.58155
0.0284701 -0.106252 0.300423 -0.728955 0.788435 -1.17988
# x y Real Imaginary Modulus Phase <-> f = 0 s = 15
0.109996 -0.000959919 0.666375 0.00782995 0.666421 0.0117495
0.102346 0.0403151 -0.528849 0.437379 0.686281 2.45058
0.0797912 0.075719 0.342533 -0.290523 0.449147 -0.703425
0.0456163 0.100096 -0.157316 0.135002 0.207301 2.43238
0.00479813 0.109895 0.0404546 -0.0603146 0.0726252 -0.979988
-0.0367188 0.103691 0.00786146 0.0252731 0.0264676 1.26922
-0.0728882 0.0823851 -0.00821965 -0.00542473 0.00984837 -2.55824
-0.0984428 0.0490818 0.00182568 0.00952438 0.00969777 1.38141
-0.109661 0.0086305 -0.0176363 0.0225161 0.0286009 2.23526
-0.104909 -0.0330776 -0.00209643 -0.0418651 0.0419175 -1.62083
-0.0848787 -0.0699686 -0.0151178 0.0217292 0.0264708 2.17865
-0.0524875 -0.0966699 0.0430394 0.012236 0.0447449 0.276989
-0.0124524 -0.109293 -0.0842951 -0.145995 0.168583 -2.09442
0.0293962 -0.105999 -0.00372799 0.479876 0.479891 1.57856
0.0669638 -0.0872689 0.0794158 -0.783216 0.787232 -1.46974
