# x y Real Imaginary Modulus Phase <-> f = 0 s = 0
0.10199 0.0412067 0.734016 -0.0330205 0.734758 -0.0449558
0.0791274 0.0764124 -0.569537 0.330288 0.658379 2.61607
0.044741 0.10049 0.296493 -0.226152 0.372898 -0.651616
0.00383894 0.109933 -0.0973061 0.106695 0.144403 2.3102
-0.0376222 0.103366 0.0146138 -0.0505091 0.0525807 -1.28916
-0.0736044 0.0817459 0.00276962 0.012866 0.0131607 1.35876
-0.0988673 0.0482208 -0.0212075 -9.63821e-05 0.0212077 -3.13705
-0.109732 0.00767321 0.00292654 0.00692971 0.00752233 1.1712
-0.104616 -0.0339919 -0.0186258 0.023243 0.0297852 2.24636
-0.0842649 -0.0707066 0.0104059 -0.0286212 0.0304541 -1.22208
-0.0516419 -0.0971242 -0.0286792 0.00675665 0.0294644 2.91022
-0.0114981 -0.109397 0.0543415 0.0702265 0.0887962 0.912234
0.0303201 -0.105739 -0.0500518 -0.281125 0.285546 -1.74699
0.0677228 -0.0866812 0.128383 0.642614 0.655312 1.37361
0.0952628 -0.055 -0.0176604 -0.63828 0.638524 -1.59846
# x y Real Imaginary Modulus Phase <-> f = 0 s = 1
0.0784575 0.0771 0.817903 -0.0810788 0.821912 -0.0988073
0.0438624 0.100877 -0.575334 0.270435 0.635723 2.70219
0.00287946 0.109962 0.236755 -0.174537 0.294137 -0.635262
-0.0385228 0.103034 -0.0571804 0.102471 0.117346 2.07977
-0.0743149 0.0811005 0.00127586 -0.0450018 0.0450199 -1.54245
-0.0992844 0.0473562 0.000919172 0.0109937 0.0110321 1.48738
-0.109795 0.00671534 -0.0230477 0.00520667 0.0236285 2.91941
-0.104316 -0.0349035 0.00870343 0.0131801 0.0157945 0.987184
-0.0836447 -0.0714393 -0.0189432 0.0183346 0.0263629 2.37252
-0.0507923 -0.0975712 0.0152812 -0.0102179 0.0183826 -0.589379
-0.010543 -0.109494 -0.0238945 -0.0345358 0.041996 -2.17605
0.0312417 -0.10547 0.00942771 0.139612 0.13993 1.50337
0.0684766 -0.0860869 -0.0549149 -0.390262 0.394107 -1.71059
0.0957391 -0.0541666 0.191231 0.629172 0.657591 1.27573
0.109059 -0.0143579 0.0389587 -0.685885 0.686991 -1.51406
# x y Real Imaginary Modulus Phase <-> f = 0 s = 2
0.0429804 0.101256 0.875769 -0.0794141 0.879363 -0.0904319
0.00191976 0.109983 -0.527351 0.186208 0.559261 2.80216
-0.0394205 0.102694 0.19031 -0.176671 0.259674 -0.748251
-0.0750198 0.0804489 -0.03849 0.099564 0.106745 1.93969
-0.0996939 0.046488 0.00173336 -0.0466961 0.0467283 -1.53369
-0.109849 0.00575696 0.0074191 0.011804 0.0139419 1.00967
-0.104007 -0.0358125 -0.0137041 -0.00623087 0.0150541 -2.71486
-0.0830181 -0.0721665 0.0131215 0.0112633 0.0172927 0.709341
-0.049939 -0.0980107 -0.00865218 0.00739774 0.0113836 2.43419
-0.00958713 -0.109581 0.00310114 0.00861086 0.00915227 1.22511
0.0321609 -0.105194 0.009147 -0.0539083 0.0546788 -1.40272
0.0692252 -0.0854861 0.00978823 0.179295 0.179562 1.51626
0.0962082 -0.0533291 -0.0879771 -0.362476 0.373 -1.8089
0.10918 -0.0134056 0.105723 0.567861 0.577619 1.38673
0.106252 0.0284701 0.102531 -0.774805 0.781559 -1.43923
# x y Real Imaginary Modulus Phase <-> f = 0 s = 3
0.000959919 0.109996 0.903405 0.00639528 0.903427 0.00707897
-0.0403151 0.102346 -0.483423 0.198366 0.522539 2.75221
-0.075719 0.0797912 0.175259 -0.166206 0.241537 -0.758893
-0.100096 0.0456163 -0.0471331 0.0996976 0.110278 2.01242
-0.109895 0.00479813 0.000724633 -0.0454913 0.0454971 -1.55487
-0.103691 -0.0367188 0.0053047 0.0187408 0.0194771 1.29496
-0.0823851 -0.0728882 -0.00631236 -0.00796925 0.0101664 -2.2407
-0.0490818 -0.0984428 0.0102134 0.00339082 0.0107616 0.320548
-0.0086305 -0.109661 -0.00685184 -0.000832522 0.00690224 -3.02068
0.0330776 -0.104909 -0.00346772 0.0107315 0.0112779 1.88334
0.0699686 -0.0848787 0.00607035 -0.0679378 0.0682085 -1.48168
0.0966699 -0.0524875 0.0411467 0.154856 0.160229 1.31109
0.109293 -0.0124524 -0.0806572 -0.288251 0.299323 -1.84363
0.105999 0.0293962 0.0463498 0.527485 0.529518 1.48315
0.0872689 0.0669638 0.147559 -0.792456 0.806077 -1.3867
# x y Real Imaginary Modulus Phase <-> f = 0 s = 4
-0.0412067 0.10199 0.882677 -0.0130268 0.882773 -0.0147572
-0.0764124 0.0791274 -0.478784 0.175671 0.509995 2.78993
-0.10049 0.044741 0.200889 -0.168736 0.262351 -0.698629
-0.109933 0.00383894 -0.0629507 0.102998 0.120712 2.1194
-0.103366 -0.0376222 0.023094 -0.0496081 0.0547201 -1.1351
-0.0817459 -0.0736044 -0.0072203 0.0155998 0.0171897 2.00428
-0.0482208 -0.0988673 -0.000940244 -0.00383774 0.00395124 -1.81106
-0.00767321 -0.109732 0.00892128 0.000233064 0.00892433 0.0261185
0.0339919 -0.104616 -0.00578793 -0.00156908 0.00599685 -2.87686
0.0707066 -0.0842649 0.00769726 0.0189776 0.0204792 1.18547
0.0971242 -0.0516419 -0.0275535 -0.0422241 0.050419 -2.14896
0.109397 -0.0114981 0.0502468 0.0936033 0.106237 1.07814
0.105739 0.0303201 -0.0673213 -0.211986 0.222419 -1.8783
0.0866812 0.0677228 0.0116168 0.441256 0.441409 1.54448
0.055 0.0952628 0.227782 -0.742238 0.776404 -1.27303
# x y Real Imaginary Modulus Phase <-> f = 0 s = 5
-0.0771 0.0784575 0.905137 -0.0220223 0.905405 -0.0243255
-0.100877 0.0438624 -0.557748 0.221331 0.600058 2.76382
-0.109962 0.00287946 0.267222 -0.209862 0.339779 -0.665741
-0.103034 -0.0385228 -0.127797 0.117961 0.173916 2.3962
-0.0811005 -0.0743149 0.0582433 -0.0378691 0.0694719 -0.576508
-0.0473562 -0.0992844 -0.0130318 0.00985111 0.0163362 2.49431
-0.00671534 -0.109795 -0.000933798 -0.00338032 0.00350693 -1.84032
0.0349035 -0.104316 0.013432 0.00529878 0.0144394 0.375746
0.0714393 -0.0836447 -0.015105 -0.00433296 0.0157142 -2.86224
0.0975712 -0.0507923 0.0182632 0.00417709 0.0187348 0.224849
0.109494 -0.010543 -0.0299616 -0.0212476 0.0367309 -2.52475
0.10547 0.0312417 0.0603197 0.0628189 0.0870901 0.805691
0.0860869 0.0684766 -0.086038 -0.174557 0.194609 -2.02874
0.0541666 0.0957391 0.0386671 0.406235 0.408071 1.4759
0.0143579 0.109059 0.196606 -0.727985 0.754066 -1.30702
# x y Real Imaginary Modulus Phase <-> f = 0 s = 6
-0.101256 0.0429804 0.84491 -0.045999 0.846162 -0.0543887
-0.109983 0.00191976 -0.556655 0.312943 0.638591 2.62944
-0.102694 -0.0394205 0.321826 -0.23915 0.400954 -0.639073
-0.0804489 -0.0750198 -0.155065 0.102827 0.186061 2.55605
-0.046488 -0.0996939 0.0441345 -0.0373919 0.0578447 -0.702882
-0.00575696 -0.109849 -0.003698 0.0155766 0.0160096 1.80389
0.0358125 -0.104007 -0.0118608 0.00364478 0.0124082 2.84346
0.0721665 -0.0830181 0.0170677 0.0110962 0.0203576 0.576468
0.0980107 -0.049939 -0.0243758 0.00685618 0.0253216 2.86741
0.109581 -0.00958713 0.00963779 -0.00275983 0.0100252 -0.278892
0.105194 0.0321609 -0.0327101 -0.0111735 0.0345658 -2.81243
0.0854861 0.0692252 0.0607676 0.0516184 0.0797317 0.704169
0.0533291 0.0962082 -0.0852357 -0.159131 0.180521 -2.06254
0.0134056 0.10918 0.0325074 0.395262 0.396597 1.48874
-0.0284701 0.106252 0.237321 -0.749147 0.785839 -1.26401
# x y Real Imaginary Modulus Phase <-> f = 0 s = 7
-0.109996 0.000959919 0.768669 -0.0819383 0.773024 -0.106197
-0.102346 -0.0403151 -0.616911 0.359385 0.713958 2.6141
-0.0797912 -0.075719 0.355443 -0.206116 0.410882 -0.525497
-0.0456163 -0.100096 -0.116783 0.087952 0.146198 2.4961
-0.00479813 -0.109895 0.00217681 -0.0426712 0.0427267 -1.51983
0.0367188 -0.103691 0.00689113 0.0117807 0.0136482 1.04152
0.0728882 -0.0823851 -0.0273267 0.00564642 0.0279039 2.93783
0.0984428 -0.0490818 0.0148867 0.00484968 0.0156567 0.314931
0.109661 -0.0086305 -0.0278704 0.0153628 0.0318241 2.63781
0.104909 0.0330776 0.00338569 -0.0106016 0.0111291 -1.26168
0.0848787 0.0699686 -0.0281394 -0.00893993 0.0295254 -2.83398
0.0524875 0.0966699 0.0565638 0.0486711 0.0746213 0.710537
0.0124524 0.109293 -0.0818457 -0.183015 0.200482 -1.99133
-0.0293962 0.105999 0.00975584 0.463411 0.463514 1.54975
-0.0669638 0.0872689 0.152907 -0.763471 0.778632 -1.37313
# x y Real Imaginary Modulus Phase <-> f = 0 s = 8
-0.10199 -0.0412067 0.725214 -0.146188 0.739801 -0.198913
-0.0791274 -0.0764124 -0.624873 0.327574 0.705529 2.65875
-0.044741 -0.10049 0.255379 -0.169591 0.306561 -0.586207
-0.00383894 -0.109933 -0.0249639 0.0885963 0.0920462 1.84545
0.0376222 -0.103366 -0.0229566 -0.0360288 0.042721 -2.1381
0.0736044 -0.0817459 0.0218974 -0.00668727 0.0228958 -0.296395
0.0988673 -0.0482208 -0.0355797 0.0100195 0.0369636 2.86709
0.109732 -0.00767321 0.00902435 0.000225174 0.00902716 0.0249466
0.104616 0.0339919 -0.0246369 0.0153887 0.0290481 2.58327
0.0842649 0.0707066 0.0141226 -0.00749722 0.0159892 -0.488037
0.0516419 0.0971242 -0.0325233 -0.00659832 0.0331859 -2.94143
0.0114981 0.109397 0.0622249 0.0671556 0.0915523 0.82349
-0.0303201 0.105739 -0.0753442 -0.234986 0.246769 -1.88107
-0.0677228 0.0866812 0.0852136 0.527303 0.534144 1.41058
-0.0952628 0.055 0.067502 -0.745946 0.748994 -1.48055
# x y Real Imaginary Modulus Phase <-> f = 0 s = 9
-0.0784575 -0.0771 0.856518 -0.0585284 0.858515 -0.0682269
-0.0438624 -0.100877 -0.504516 0.150744 0.526555 2.85125
-0.00287946 -0.109962 0.116131 -0.140099 0.181973 -0.878667
0.0385228 -0.103034 0.0122479 0.0545306 0.0558892 1.34986
0.0743149 -0.0811005 -0.0285861 -0.0107536 0.0305419 -2.78178
0.0992844 -0.0473562 0.0346171 -0.0178908 0.038967 -0.477013
0.109795 -0.00671534 -0.0321107 0.0028617 0.032238 3.05271
0.104316 0.0349035 0.00766456 0.0101029 0.0126813 0.921785
0.0836447 0.0714393 -0.0149741 0.00744557 0.0167231 2.68016
0.0507923 0.0975712 0.0152643 0.00183007 0.0153736 0.119323
0.010543 0.109494 -0.0287634 -0.0236582 0.037243 -2.45327
-0.0312417 0.10547 0.0401197 0.118786 0.125378 1.24508
-0.0684766 0.0860869 -0.0775567 -0.298536 0.308445 -1.82497
-0.0957391 0.0541666 0.0839818 0.594745 0.600645 1.43052
-0.109059 0.0143579 0.0086745 -0.797711 0.797758 -1.55992
# x y Real Imaginary Modulus Phase <-> f = 0 s = 10
-0.0429804 -0.101256 0.902251 0.125196 0.910896 0.13788
-0.00191976 -0.109983 -0.348654 0.107713 0.364913 2.84195
0.0394205 -0.102694 0.0696112 -0.119497 0.138294 -1.04332
0.0750198 -0.0804489 0.00455614 0.0486319 0.0488449 1.47738
0.0996939 -0.046488 -0.0291797 -0.0143533 0.0325188 -2.68445
0.109849 -0.00575696 0.0275494 -0.00653337 0.0283135 -0.232849
0.104007 0.0358125 -0.0239885 -0.0044412 0.0243962 -2.95853
0.0830181 0.0721665 0.0188141 0.0122182 0.0224333 0.575964
0.049939 0.0980107 -0.00682757 -0.00428419 0.0080604 -2.58121
0.00958713 0.109581 0.00970186 0.00574749 0.0112765 0.534821
-0.0321609 0.105194 -0.0052898 -0.0492567 0.0495399 -1.67778
-0.0692252 0.0854861 0.0213001 0.126114 0.1279 1.40348
-0.0962082 0.0533291 -0.0396764 -0.311487 0.314004 -1.69749
-0.10918 0.0134056 0.0463771 0.601045 0.602831 1.49379
-0.106252 -0.0284701 0.127866 -0.77742 0.787866 -1.40778
# x y Real Imaginary Modulus Phase <-> f = 0 s = 11
-0.000959919 -0.109996 0.770339 0.20845 0.798044 0.264267
0.0403151 -0.102346 -0.317903 0.101236 0.333633 2.8333
0.075719 -0.0797912 0.0951501 -0.11984 0.15302 -0.899738
0.100096 -0.0456163 -0.00559184 0.0710655 0.0712852 1.64932
0.109895 -0.00479813 -0.011074 -0.0302782 0.0322397 -1.92142
0.103691 0.0367188 0.00429643 0.015564 0.0161461 1.30145
0.0823851 0.0728882 -0.00836143 -0.00835956 0.0118235 -2.35631
0.0490818 0.0984428 0.00719432 0.00713102 0.0101296 0.780979
0.0086305 0.109661 -0.00799793 -0.00305448 0.00856135 -2.77678
-0.0330776 0.104909 0.00360599 0.012772 0.0132713 1.29562
-0.0699686 0.0848787 -0.0115179 -0.036876 0.0386329 -1.87354
-0.0966699 0.0524875 0.021405 0.0940376 0.0964429 1.34699
-0.109293 0.0124524 -0.0536602 -0.233934 0.240009 -1.79628
-0.105999 -0.0293962 0.000827052 0.425247 0.425248 1.56885
-0.0872689 -0.0669638 0.291019 -0.678209 0.73801 -1.16546
# x y Real Imaginary Modulus Phase <-> f = 0 s = 12
0.0412067 -0.10199 0.818999 0.202719 0.843715 0.242643
0.0764124 -0.0791274 -0.423185 0.10344 0.435644 2.90186
0.10049 -0.044741 0.167271 -0.154783 0.227898 -0.746642
0.109933 -0.00383894 -0.0723836 0.103133 0.125999 2.18276
0.103366 0.0376222 0.0375705 -0.0483615 0.0612403 -0.910321
0.0817459 0.0736044 -0.0176755 0.0125892 0.0217005 2.5227
0.0482208 0.0988673 0.00163747 -0.00396484 0.00428968 -1.17914
0.00767321 0.109732 0.00608882 -0.00413476 0.00736003 -0.596544
-0.0339919 0.104616 0.000251795 0.00401605 0.00402393 1.50818
-0.0707066 0.0842649 0.00715899 0.00789232 0.0106555 0.834082
-0.0971242 0.0516419 -0.0299649 -0.0158493 0.0338983 -2.65507
-0.109397 0.0114981 0.0605326 0.0402308 0.0726823 0.58658
-0.105739 -0.0303201 -0.0847581 -0.109373 0.13837 -2.23007
-0.0866812 -0.0677228 0.0257066 0.280594 0.281769 1.47944
-0.055 -0.0952628 0.273124 -0.511895 0.580201 -1.08067
# x y Real Imaginary Modulus Phase <-> f = 0 s = 13
0.0771 -0.0784575 0.950119 0.0377898 0.95087 0.0397528
0.100877 -0.0438624 -0.573412 0.236981 0.620453 2.74969
0.109962 -0.00287946 0.335496 -0.22649 0.40479 -0.59381
0.103034 0.0385228 -0.184383 0.100774 0.210125 2.64141
0.0811005 0.0743149 0.0854154 -0.0323616 0.0913403 -0.362162
0.0473562 0.0992844 -0.026632 0.00126562 0.0266621 3.09411
0.00671534 0.109795 0.00338517 -0.00417932 0.0053783 -0.89
-0.0349035 0.104316 0.00435406 0.00296818 0.00526953 0.598342
-0.0714393 0.0836447 -0.000971656 0.00651197 0.00658406 1.71891
-0.0975712 0.0507923 0.00398192 -0.00886601 0.00971915 -1.14867
-0.109494 0.010543 -0.0289845 0.0127084 0.0316482 2.72838
-0.10547 -0.0312417 0.0533847 -0.00464873 0.0535867 -0.0868606
-0.0860869 -0.0684766 -0.0718719 -0.0644742 0.0965531 -2.4104
-0.0541666 -0.0957391 0.0258047 0.239493 0.240879 1.46346
-0.0143579 -0.109059 0.299976 -0.533443 0.612002 -1.05853
# x y Real Imaginary Modulus Phase <-> f = 0 s = 14
0.101256 -0.0429804 0.741378 -0.0949227 0.74743 -0.127343
0.109983 -0.00191976 -0.570879 0.446659 0.724849 2.47767
0.102694 0.0394205 0.409809 -0.301014 0.508481 -0.633522
0.0804489 0.0750198 -0.207173 0.123871 0.24138 2.60271
0.046488 0.0996939 0.0903707 -0.0428419 0.100011 -0.442688
0.00575696 0.109849 -0.023 0.0195295 0.0301728 2.43762
-0.0358125 0.104007 -0.00206935 -0.00886755 0.0091058 -1.80006
-0.0721665 0.0830181 0.00722096 0.0116717 0.0137248 1.01676
-0.0980107 0.049939 -0.0124554 0.0189289 0.0226593 2.15278
-0.109581 0.00958713 -0.00360438 -0.0237843 0.0240558 -1.7212
-0.105194 -0.0321609 -0.0159126 0.0249087 0.0295576 2.13928
-0.0854861 -0.0692252 0.0365876 -0.00214892 0.0366507 -0.0586663
-0.0533291 -0.0962082 -0.0657093 -0.0763947 0.100766 -2.28114
-0.0134056 -0.10918 -0.000636968 0.309145 0.309145 1.57286
0.0284701 -0.106252 0.318095 -0.732012 0.798139 -1.16087
# x y Real Imaginary Modulus Phase <-> f = 0 s = 15
0.109996 -0.000959919 0.656569 0.0127333 0.656693 0.0193912
0.102346 0.0403151 -0.528074 0.440102 0.687425 2.44681
0.0797912 0.075719 0.351392 -0.286403 0.453325 -0.683853
0.0456163 0.100096 -0.152308 0.138098 0.205594 2.40509
0.00479813 0.109895 0.0391793 -0.060969 0.0724723 -0.999633
-0.0367188 0.103691 0.00321274 0.0185424 0.0188186 1.39923
-0.0728882 0.0823851 -0.0184036 -0.00897089 0.0204736 -2.68803
-0.0984428 0.0490818 0.00836406 0.0137591 0.0161019 1.02459
-0.109661 0.0086305 -0.0200893 0.0195041 0.0279998 2.37097
-0.104909 -0.0330776 -0.00324591 -0.0378284 0.0379674 -1.65639
-0.0848787 -0.0699686 -0.0154387 0.0215876 0.0265401 2.19163
-0.0524875 -0.0966699 0.0469684 0.00676535 0.0474531 0.143057
-0.0124524 -0.109293 -0.0782495 -0.140342 0.160683 -2.07943
0.0293962 -0.105999 0.00767119 0.480633 0.480694 1.55484
0.0669638 -0.0872689 0.07557 -0.780664 0.784313 -1.47429
