# x y Real Imaginary Modulus Phase <-> f = 0 s = 0
0.10199 0.0412067 0.733056 -0.0358121 0.733931 -0.0488143
0.0791274 0.0764124 -0.568718 0.330026 0.657539 2.61579
0.044741 0.10049 0.29628 -0.228049 0.373883 -0.655994
0.00383894 0.109933 -0.0958512 0.107221 0.143819 2.30026
-0.0376222 0.103366 0.0146595 -0.0492339 0.05137 -1.2814
-0.0736044 0.0817459 0.0032336 0.0135703 0.0139503 1.33687
-0.0988673 0.0482208 -0.0244458 -9.56337e-05 0.024446 -3.13768
-0.109732 0.00767321 0.00301382 0.00484241 0.00570369 1.01408
-0.104616 -0.0339919 -0.0193018 0.0207892 0.0283681 2.31911
-0.0842649 -0.0707066 0.00874539 -0.0283612 0.029679 -1.27169
-0.0516419 -0.0971242 -0.0262378 0.00914682 0.0277864 2.80615
-0.0114981 -0.109397 0.0568868 0.0668589 0.0877851 0.86581
0.0303201 -0.105739 -0.0495777 -0.282622 0.286938 -1.74445
0.0677228 -0.0866812 0.128541 0.641423 0.654175 1.37302
0.0952628 -0.055 -0.016153 -0.637395 0.6376 -1.59613
# x y Real Imaginary Modulus Phase <-> f = 0 s = 1
0.0784575 0.0771 0.817984 -0.0828183 0.822165 -0.100903
0.0438624 0.100877 -0.576532 0.26966 0.636479 2.70409
0.00287946 0.109962 0.236413 -0.174248 0.293689 -0.635159
-0.0385228 0.103034 -0.0570458 0.103258 0.117968 2.07553
-0.0743149 0.0811005 0.00237504 -0.0438124 0.0438767 -1.51664
-0.0992844 0.0473562 0.00283821 0.0095266 0.0099404 1.28124
-0.109795 0.00671534 -0.023366 0.00133711 0.0234042 3.08443
-0.104316 -0.0349035 0.00688736 0.010663 0.0126939 0.997299
-0.0836447 -0.0714393 -0.0165132 0.0173372 0.0239429 2.33186
-0.0507923 -0.0975712 0.0134834 -0.00557728 0.0145914 -0.392211
-0.010543 -0.109494 -0.0235273 -0.0344114 0.0416855 -2.1705
0.0312417 -0.10547 0.0124386 0.140468 0.141017 1.48248
0.0684766 -0.0860869 -0.0559022 -0.392652 0.396611 -1.71222
0.0957391 -0.0541666 0.190902 0.632314 0.660503 1.27759
0.109059 -0.0143579 0.0351043 -0.686175 0.687072 -1.51968
# x y Real Imaginary Modulus Phase <-> f = 0 s = 2
0.0429804 0.101256 0.875016 -0.0810876 0.878765 -0.092406
0.00191976 0.109983 -0.527382 0.185548 0.559071 2.80329
-0.0394205 0.102694 0.188436 -0.176794 0.258388 -0.753532
-0.0750198 0.0804489 -0.0405946 0.0996244 0.107578 1.95773
-0.0996939 0.046488 0.00136607 -0.0457431 0.0457635 -1.54094
-0.109849 0.00575696 0.00813822 0.0108778 0.0135852 0.92848
-0.104007 -0.0358125 -0.0151822 -0.00381679 0.0156547 -2.8953
-0.0830181 -0.0721665 0.0129913 0.0113114 0.0172256 0.71638
-0.049939 -0.0980107 -0.00767705 0.0067423 0.0102174 2.42093
-0.00958713 -0.109581 0.00514928 0.0094119 0.0107284 1.07018
0.0321609 -0.105194 0.00655801 -0.0542183 0.0546135 -1.45043
0.0692252 -0.0854861 0.00807814 0.17831 0.178493 1.52552
0.0962082 -0.0533291 -0.0876416 -0.360343 0.370848 -1.80938
0.10918 -0.0134056 0.103187 0.568362 0.577653 1.3912
0.106252 0.0284701 0.100793 -0.773984 0.780519 -1.4413
# x y Real Imaginary Modulus Phase <-> f = 0 s = 3
0.000959919 0.109996 0.904457 0.00737376 0.904487 0.00815251
-0.0403151 0.102346 -0.482782 0.19856 0.52202 2.7514
-0.075719 0.0797912 0.174529 -0.167033 0.241579 -0.763456
-0.100096 0.0456163 -0.0468804 0.0997978 0.110261 2.00996
-0.109895 0.00479813 0.000742653 -0.0452935 0.0452996 -1.5544
-0.103691 -0.0367188 0.00621357 0.0195816 0.0205438 1.26353
-0.0823851 -0.0728882 -0.00679891 -0.00854566 0.0109203 -2.24285
-0.0490818 -0.0984428 0.0113365 0.00359486 0.0118929 0.307074
-0.0086305 -0.109661 -0.00617856 -0.000289966 0.00618536 -3.0947
0.0330776 -0.104909 -0.0032451 0.0106527 0.011136 1.86649
0.0699686 -0.0848787 0.00590139 -0.0678525 0.0681087 -1.48404
0.0966699 -0.0524875 0.0411913 0.15493 0.160312 1.31094
0.109293 -0.0124524 -0.0805244 -0.287664 0.298722 -1.84374
0.105999 0.0293962 0.0467401 0.527727 0.529793 1.48246
0.0872689 0.0669638 0.147509 -0.792058 0.805677 -1.38667
# x y Real Imaginary Modulus Phase <-> f = 0 s = 4
-0.0412067 0.10199 0.881901 -0.0138297 0.882009 -0.0156804
-0.0764124 0.0791274 -0.479514 0.176049 0.51081 2.78973
-0.10049 0.044741 0.200967 -0.16953 0.262922 -0.70075
-0.109933 0.00383894 -0.0641603 0.103469 0.121747 2.12586
-0.103366 -0.0376222 0.0229149 -0.0495743 0.0546142 -1.13782
-0.0817459 -0.0736044 -0.00694696 0.0160911 0.0175266 1.97835
-0.0482208 -0.0988673 -0.000706649 -0.00356862 0.00363792 -1.76628
-0.00767321 -0.109732 0.00959803 -0.000189601 0.00959991 -0.0197516
0.0339919 -0.104616 -0.00560705 -0.00140228 0.00577974 -2.89653
0.0707066 -0.0842649 0.00778332 0.0193394 0.0208469 1.18817
0.0971242 -0.0516419 -0.027003 -0.0420559 0.0499786 -2.14158
0.109397 -0.0114981 0.0496345 0.0932512 0.105638 1.08167
0.105739 0.0303201 -0.0672667 -0.212917 0.22329 -1.8768
0.0866812 0.0677228 0.010716 0.442512 0.442642 1.54658
0.055 0.0952628 0.228669 -0.74161 0.776064 -1.2717
# x y Real Imaginary Modulus Phase <-> f = 0 s = 5
-0.0771 0.0784575 0.906695 -0.023342 0.906996 -0.0257383
-0.100877 0.0438624 -0.557861 0.222246 0.600502 2.76248
-0.109962 0.00287946 0.26582 -0.209762 0.338615 -0.668066
-0.103034 -0.0385228 -0.129113 0.118422 0.175197 2.39935
-0.0811005 -0.0743149 0.0569598 -0.0389454 0.0690012 -0.599727
-0.0473562 -0.0992844 -0.0126485 0.00965427 0.0159119 2.48965
-0.00671534 -0.109795 -0.00132725 -0.00313682 0.00340606 -1.97107
0.0349035 -0.104316 0.0115875 0.0045869 0.0124623 0.376923
0.0714393 -0.0836447 -0.0146663 -0.00273436 0.014919 -2.95727
0.0975712 -0.0507923 0.0193717 0.00539115 0.0201079 0.271431
0.109494 -0.010543 -0.0299147 -0.0199292 0.0359452 -2.55391
0.10547 0.0312417 0.0598082 0.0633009 0.0870863 0.813761
0.0860869 0.0684766 -0.0851071 -0.175559 0.1951 -2.02219
0.0541666 0.0957391 0.0387249 0.40671 0.40855 1.47587
0.0143579 0.109059 0.197223 -0.727465 0.753726 -1.30605
# x y Real Imaginary Modulus Phase <-> f = 0 s = 6
-0.101256 0.0429804 0.845576 -0.0459024 0.846821 -0.0542321
-0.109983 0.00191976 -0.554677 0.3104 0.635621 2.6314
-0.102694 -0.0394205 0.322522 -0.238591 0.401181 -0.636919
-0.0804489 -0.0750198 -0.153454 0.103668 0.18519 2.54746
-0.046488 -0.0996939 0.0444221 -0.0387584 0.0589537 -0.717414
-0.00575696 -0.109849 -0.000188096 0.018529 0.0185299 1.58095
0.0358125 -0.104007 -0.00959598 0.00222626 0.00985084 2.91363
0.0721665 -0.0830181 0.0151081 0.0113543 0.0188991 0.644485
0.0980107 -0.049939 -0.0222338 0.00817614 0.0236895 2.78921
0.109581 -0.00958713 0.00959011 -0.00404561 0.0104085 -0.399201
0.105194 0.0321609 -0.032072 -0.0111439 0.0339529 -2.80718
0.0854861 0.0692252 0.0617105 0.0511996 0.0801847 0.692574
0.0533291 0.0962082 -0.0854537 -0.157362 0.179067 -2.06828
0.0134056 0.10918 0.0305019 0.394328 0.395506 1.4936
-0.0284701 0.106252 0.234252 -0.750885 0.786576 -1.2684
# x y Real Imaginary Modulus Phase <-> f = 0 s = 7
-0.109996 0.000959919 0.764151 -0.0807894 0.76841 -0.105333
-0.102346 -0.0403151 -0.614099 0.355216 0.709434 2.61718
-0.0797912 -0.075719 0.354637 -0.206784 0.41052 -0.527889
-0.0456163 -0.100096 -0.117526 0.0887049 0.147244 2.49505
-0.00479813 -0.109895 0.00531623 -0.0444443 0.0447611 -1.45175
0.0367188 -0.103691 0.00854291 0.00940175 0.0127033 0.833222
0.0728882 -0.0823851 -0.0261299 0.00515975 0.0266345 2.94664
0.0984428 -0.0490818 0.01156 0.00700968 0.0135192 0.545094
0.109661 -0.0086305 -0.0232424 0.0125681 0.0264228 2.64588
0.104909 0.0330776 0.00366654 -0.00817797 0.00896229 -1.14932
0.0848787 0.0699686 -0.029727 -0.0121981 0.0321324 -2.75221
0.0524875 0.0966699 0.0599305 0.0517224 0.0791636 0.712016
0.0124524 0.109293 -0.0809175 -0.176582 0.194239 -2.00048
-0.0293962 0.105999 0.0117036 0.465744 0.465891 1.54567
-0.0669638 0.0872689 0.153097 -0.769334 0.78442 -1.37436
# x y Real Imaginary Modulus Phase <-> f = 0 s = 8
-0.10199 -0.0412067 0.726902 -0.146791 0.741575 -0.199261
-0.0791274 -0.0764124 -0.622128 0.326868 0.70277 2.65783
-0.044741 -0.10049 0.260311 -0.173476 0.312819 -0.58783
-0.00383894 -0.109933 -0.0257265 0.0932189 0.0967038 1.84007
0.0376222 -0.103366 -0.0247036 -0.031681 0.040174 -2.23307
0.0736044 -0.0817459 0.0244883 -0.00647378 0.0253296 -0.25845
0.0988673 -0.0482208 -0.0357259 0.00575689 0.0361868 2.98183
0.109732 -0.00767321 0.00756682 0.00560857 0.00941875 0.637849
0.104616 0.0339919 -0.0222897 0.0140154 0.0263299 2.58027
0.0842649 0.0707066 0.0108031 -0.00947725 0.014371 -0.720114
0.0516419 0.0971242 -0.0334825 -0.00969774 0.0348586 -2.85967
0.0114981 0.109397 0.0600562 0.0648117 0.0883589 0.823464
-0.0303201 0.105739 -0.0745875 -0.236174 0.247672 -1.8767
-0.0677228 0.0866812 0.0797975 0.527652 0.533652 1.4207
-0.0952628 0.055 0.0687519 -0.746969 0.750127 -1.47901
# x y Real Imaginary Modulus Phase <-> f = 0 s = 9
-0.0784575 -0.0771 0.862918 -0.0584934 0.864898 -0.067682
-0.0438624 -0.100877 -0.507151 0.150668 0.529058 2.85281
-0.00287946 -0.109962 0.114654 -0.137293 0.178871 -0.875016
0.0385228 -0.103034 0.0162767 0.0595812 0.0617644 1.30412
0.0743149 -0.0811005 -0.0308408 -0.0123265 0.0332129 -2.76136
0.0992844 -0.0473562 0.028135 -0.0163633 0.0325474 -0.526779
0.109795 -0.00671534 -0.0346234 0.00489259 0.0349674 3.00121
0.104316 0.0349035 0.0109014 0.0123652 0.0164845 0.848233
0.0836447 0.0714393 -0.0161699 0.0095161 0.0187623 2.60967
0.0507923 0.0975712 0.0176363 -0.000993193 0.0176643 -0.0562558
0.010543 0.109494 -0.0304835 -0.0242122 0.0389291 -2.47035
-0.0312417 0.10547 0.0425349 0.114022 0.121698 1.21375
-0.0684766 0.0860869 -0.0767163 -0.300492 0.31013 -1.82076
-0.0957391 0.0541666 0.0787188 0.596601 0.601772 1.43961
-0.109059 0.0143579 0.0055543 -0.79514 0.795159 -1.56381
# x y Real Imaginary Modulus Phase <-> f = 0 s = 10
-0.0429804 -0.101256 0.896774 0.129268 0.906043 0.143161
-0.00191976 -0.109983 -0.349068 0.115118 0.36756 2.82304
0.0394205 -0.102694 0.0724767 -0.115549 0.136398 -1.01059
0.0750198 -0.0804489 0.00953682 0.0542543 0.0550861 1.39679
0.0996939 -0.046488 -0.0287091 -0.0111798 0.0308091 -2.77024
0.109849 -0.00575696 0.0295548 -0.00284089 0.029691 -0.0958283
0.104007 0.0358125 -0.0258009 -0.00149037 0.0258439 -3.08389
0.0830181 0.0721665 0.0160221 0.0147628 0.0217864 0.744514
0.049939 0.0980107 -0.0102125 -2.21028e-05 0.0102126 -3.13943
0.00958713 0.109581 0.0120885 0.00836709 0.0147017 0.605439
-0.0321609 0.105194 -0.00879978 -0.0419883 0.0429005 -1.77738
-0.0692252 0.0854861 0.0246004 0.131867 0.134142 1.38636
-0.0962082 0.0533291 -0.0354986 -0.308012 0.310051 -1.68554
-0.10918 0.0134056 0.0455952 0.6019 0.603625 1.49519
-0.106252 -0.0284701 0.121683 -0.781679 0.791094 -1.41637
# x y Real Imaginary Modulus Phase <-> f = 0 s = 11
-0.000959919 -0.109996 0.766661 0.210068 0.79492 0.26744
0.0403151 -0.102346 -0.318575 0.0967955 0.332956 2.84662
0.075719 -0.0797912 0.0991141 -0.119304 0.155104 -0.877574
0.100096 -0.0456163 -0.00759465 0.0735071 0.0738984 1.67375
0.109895 -0.00479813 -0.0120712 -0.0335465 0.0356522 -1.9162
0.103691 0.0367188 0.00848095 0.0173166 0.0192819 1.11538
0.0823851 0.0728882 -0.00780102 -0.00536599 0.00946835 -2.53906
0.0490818 0.0984428 0.011633 0.00604999 0.0131122 0.479575
0.0086305 0.109661 -0.00400444 -0.00129771 0.00420946 -2.8282
-0.0330776 0.104909 0.00644011 0.00821568 0.010439 0.905962
-0.0699686 0.0848787 -0.0133821 -0.0382184 0.0404935 -1.9076
-0.0966699 0.0524875 0.0261463 0.0986784 0.102084 1.31178
-0.109293 0.0124524 -0.0485772 -0.231038 0.23609 -1.77803
-0.105999 -0.0293962 0.00032559 0.423551 0.423552 1.57003
-0.0872689 -0.0669638 0.295245 -0.680734 0.742003 -1.16157
# x y Real Imaginary Modulus Phase <-> f = 0 s = 12
0.0412067 -0.10199 0.821071 0.199833 0.845039 0.238739
0.0764124 -0.0791274 -0.423312 0.103335 0.435742 2.90217
0.10049 -0.044741 0.171833 -0.154149 0.230843 -0.731204
0.109933 -0.00383894 -0.0712489 0.104126 0.126169 2.17088
0.103366 0.0376222 0.0364092 -0.0512291 0.0628494 -0.952916
0.0817459 0.0736044 -0.0170718 0.0135927 0.0218222 2.46917
0.0482208 0.0988673 -0.000906376 -0.00321799 0.0033432 -1.84534
0.00767321 0.109732 0.00522891 0.00160014 0.00546827 0.296969
-0.0339919 0.104616 -0.000854822 -0.000521585 0.00100138 -2.59373
-0.0707066 0.0842649 0.0110304 0.00679674 0.0129563 0.552232
-0.0971242 0.0516419 -0.0299915 -0.0144593 0.033295 -2.69236
-0.109397 0.0114981 0.0612182 0.0386915 0.0724203 0.563635
-0.105739 -0.0303201 -0.0846373 -0.107896 0.137131 -2.23597
-0.0866812 -0.0677228 0.026231 0.278219 0.279453 1.47679
-0.055 -0.0952628 0.275454 -0.511697 0.581128 -1.07697
# x y Real Imaginary Modulus Phase <-> f = 0 s = 13
0.0771 -0.0784575 0.949991 0.0351431 0.950641 0.0369762
0.100877 -0.0438624 -0.577432 0.240035 0.625336 2.74763
0.109962 -0.00287946 0.336996 -0.224781 0.405083 -0.588243
0.103034 0.0385228 -0.183701 0.104674 0.21143 2.62367
0.0811005 0.0743149 0.0833561 -0.0278399 0.0878823 -0.322339
0.0473562 0.0992844 -0.0280714 6.80386e-05 0.0280715 3.13917
0.00671534 0.109795 0.00438525 -0.00265896 0.0051284 -0.545069
-0.0349035 0.104316 0.00170243 0.00453693 0.00484582 1.21182
-0.0714393 0.0836447 -0.00127848 0.00984816 0.0099308 1.69989
-0.0975712 0.0507923 0.00537112 -0.00694965 0.00878331 -0.912823
-0.109494 0.010543 -0.0288553 0.00925698 0.0303038 2.83116
-0.10547 -0.0312417 0.0525181 -0.00563996 0.0528201 -0.106981
-0.0860869 -0.0684766 -0.073184 -0.0666288 0.0989712 -2.40305
-0.0541666 -0.0957391 0.0245124 0.235779 0.23705 1.46721
-0.0143579 -0.109059 0.304649 -0.533268 0.614154 -1.05176
# x y Real Imaginary Modulus Phase <-> f = 0 s = 14
0.101256 -0.0429804 0.742884 -0.0909466 0.74843 -0.121818
0.109983 -0.00191976 -0.574303 0.44781 0.728257 2.47933
0.102694 0.0394205 0.413106 -0.302413 0.511967 -0.631912
0.0804489 0.0750198 -0.210442 0.125009 0.244771 2.60557
0.046488 0.0996939 0.092446 -0.0441167 0.102433 -0.445255
0.00575696 0.109849 -0.021904 0.0201001 0.0297288 2.39911
-0.0358125 0.104007 -0.00192451 -0.0105572 0.0107312 -1.75111
-0.0721665 0.0830181 0.00418208 0.0104479 0.0112539 1.19005
-0.0980107 0.049939 -0.0122337 0.0158067 0.0199879 2.22945
-0.109581 0.00958713 0.00112959 -0.0254311 0.0254562 -1.52641
-0.105194 -0.0321609 -0.0144153 0.0235956 0.0276505 2.11922
-0.0854861 -0.0692252 0.0382778 -0.00763488 0.0390318 -0.196876
-0.0533291 -0.0962082 -0.0696881 -0.0782622 0.104792 -2.29831
-0.0134056 -0.10918 0.00208124 0.308121 0.308128 1.56404
0.0284701 -0.106252 0.313277 -0.727951 0.792499 -1.1644
# x y Real Imaginary Modulus Phase <-> f = 0 s = 15
0.109996 -0.000959919 0.658864 0.0145018 0.659024 0.0220068
0.102346 0.0403151 -0.528738 0.439921 0.687819 2.44763
0.0797912 0.075719 0.351189 -0.285112 0.452352 -0.681924
0.0456163 0.100096 -0.156522 0.136392 0.20761 2.42481
0.00479813 0.109895 0.0400512 -0.0542194 0.067408 -0.934575
-0.0367188 0.103691 0.000537692 0.0233343 0.0233405 1.54776
-0.0728882 0.0823851 -0.0166959 -0.00551746 0.017584 -2.82242
-0.0984428 0.0490818 0.00457191 0.00816832 0.00936076 1.06053
-0.109661 0.0086305 -0.0194096 0.0193163 0.0273834 2.3586
-0.104909 -0.0330776 -0.000596335 -0.0349472 0.0349523 -1.58786
-0.0848787 -0.0699686 -0.0129443 0.0251213 0.0282601 2.04659
-0.0524875 -0.0966699 0.0494362 0.00982853 0.0504037 0.196253
-0.0124524 -0.109293 -0.079374 -0.144847 0.165169 -2.07209
0.0293962 -0.105999 0.00273477 0.47933 0.479338 1.56509
0.0669638 -0.0872689 0.0743989 -0.785617 0.789132 -1.47638
