# x y Real Imaginary Modulus Phase <-> f = 0 s = 0
0.10199 0.0412067 0.733383 -0.0358471 0.734258 -0.0488402
0.0791274 0.0764124 -0.56914 0.329804 0.657793 2.6164
0.044741 0.10049 0.295987 -0.22717 0.373115 -0.654608
0.00383894 0.109933 -0.0946903 0.107155 0.142998 2.29452
-0.0376222 0.103366 0.0148836 -0.0489144 0.0511287 -1.27542
-0.0736044 0.0817459 0.00338843 0.0136185 0.0140337 1.32694
-0.0988673 0.0482208 -0.0234957 0.000161948 0.0234962 3.1347
-0.109732 0.00767321 0.00315633 0.00460159 0.00558006 0.969581
-0.104616 -0.0339919 -0.0185548 0.0205782 0.0277082 2.30454
-0.0842649 -0.0707066 0.00965353 -0.02709 0.0287587 -1.22848
-0.0516419 -0.0971242 -0.0262308 0.00917577 0.0277894 2.80509
-0.0114981 -0.109397 0.0576797 0.067235 0.088586 0.861744
0.0303201 -0.105739 -0.0497318 -0.282934 0.287272 -1.74479
0.0677228 -0.0866812 0.129457 0.641709 0.654637 1.37173
0.0952628 -0.055 -0.0162409 -0.637461 0.637668 -1.59627
# x y Real Imaginary Modulus Phase <-> f = 0 s = 1
0.0784575 0.0771 0.818462 -0.0832256 0.822682 -0.101337
0.0438624 0.100877 -0.57627 0.27 0.636386 2.70344
0.00287946 0.109962 0.23667 -0.174658 0.294139 -0.635764
-0.0385228 0.103034 -0.0568622 0.102948 0.117608 2.07543
-0.0743149 0.0811005 0.00249623 -0.0435795 0.0436509 -1.51358
-0.0992844 0.0473562 0.00327941 0.00935693 0.00991497 1.23369
-0.109795 0.00671534 -0.0235324 0.00193525 0.0236119 3.05954
-0.104316 -0.0349035 0.00672531 0.010401 0.0123859 0.996812
-0.0836447 -0.0714393 -0.0174257 0.0174298 0.0246465 2.35608
-0.0507923 -0.0975712 0.0135736 -0.00567959 0.0147139 -0.396293
-0.010543 -0.109494 -0.0240107 -0.0343079 0.0418754 -2.18143
0.0312417 -0.10547 0.0125191 0.140376 0.140933 1.48185
0.0684766 -0.0860869 -0.0556463 -0.392449 0.396375 -1.71165
0.0957391 -0.0541666 0.191267 0.633135 0.661394 1.27742
0.109059 -0.0143579 0.0353782 -0.685577 0.686489 -1.51924
# x y Real Imaginary Modulus Phase <-> f = 0 s = 2
0.0429804 0.101256 0.87475 -0.0812489 0.878516 -0.0926167
0.00191976 0.109983 -0.527199 0.185633 0.558926 2.80304
-0.0394205 0.102694 0.187962 -0.17688 0.258101 -0.755034
-0.0750198 0.0804489 -0.0411013 0.0996887 0.107829 1.96186
-0.0996939 0.046488 0.00182024 -0.0458013 0.0458375 -1.53108
-0.109849 0.00575696 0.00856714 0.0110599 0.0139899 0.911727
-0.104007 -0.0358125 -0.0146972 -0.00384679 0.0151923 -2.8856
-0.0830181 -0.0721665 0.0135731 0.0116123 0.0178627 0.707697
-0.049939 -0.0980107 -0.00737077 0.00628102 0.00968398 2.43585
-0.00958713 -0.109581 0.00510491 0.00933141 0.0106365 1.07021
0.0321609 -0.105194 0.00634043 -0.0537172 0.0540901 -1.45331
0.0692252 -0.0854861 0.00792294 0.178571 0.178747 1.52646
0.0962082 -0.0533291 -0.087793 -0.361122 0.37164 -1.80928
0.10918 -0.0134056 0.103301 0.568396 0.577707 1.39102
0.106252 0.0284701 0.100607 -0.774424 0.780932 -1.44161
# x y Real Imaginary Modulus Phase <-> f = 0 s = 3
0.000959919 0.109996 0.904288 0.00699904 0.904315 0.00773968
-0.0403151 0.102346 -0.482546 0.198555 0.521799 2.75123
-0.075719 0.0797912 0.174629 -0.166964 0.241603 -0.762964
-0.100096 0.0456163 -0.046915 0.0999326 0.110397 2.00972
-0.109895 0.00479813 0.00108605 -0.0452581 0.0452711 -1.5468
-0.103691 -0.0367188 0.00610306 0.0196515 0.0205774 1.26968
-0.0823851 -0.0728882 -0.00686365 -0.0085081 0.0109315 -2.24962
-0.0490818 -0.0984428 0.0111636 0.00380601 0.0117945 0.328573
-0.0086305 -0.109661 -0.00621643 -0.000331415 0.00622526 -3.08833
0.0330776 -0.104909 -0.00329339 0.0108697 0.0113576 1.86499
0.0699686 -0.0848787 0.0064941 -0.0678247 0.0681348 -1.47534
0.0966699 -0.0524875 0.0412314 0.15494 0.160332 1.31071
0.109293 -0.0124524 -0.0806838 -0.287463 0.298572 -1.84443
0.105999 0.0293962 0.0467078 0.527348 0.529413 1.48246
0.0872689 0.0669638 0.147627 -0.79206 0.8057 -1.38653
# x y Real Imaginary Modulus Phase <-> f = 0 s = 4
-0.0412067 0.10199 0.882022 -0.0138529 0.88213 -0.0157046
-0.0764124 0.0791274 -0.479705 0.17622 0.511048 2.78955
-0.10049 0.044741 0.2011 -0.169779 0.263185 -0.701149
-0.109933 0.00383894 -0.0641156 0.10346 0.121716 2.12559
-0.103366 -0.0376222 0.0229663 -0.0495871 0.0546474 -1.13706
-0.0817459 -0.0736044 -0.00676246 0.0159599 0.0173335 1.97158
-0.0482208 -0.0988673 -0.00101744 -0.00361533 0.00375577 -1.84512
-0.00767321 -0.109732 0.0096558 -0.000113554 0.00965647 -0.0117596
0.0339919 -0.104616 -0.00540052 -0.00163969 0.00564396 -2.84682
0.0707066 -0.0842649 0.00768893 0.0195069 0.0209676 1.19533
0.0971242 -0.0516419 -0.0271112 -0.0418823 0.0498913 -2.14528
0.109397 -0.0114981 0.0495182 0.0933304 0.105653 1.08299
0.105739 0.0303201 -0.0671258 -0.213125 0.223446 -1.87592
0.0866812 0.0677228 0.0108485 0.442436 0.442569 1.54628
0.055 0.0952628 0.228762 -0.741541 0.776025 -1.27156
# x y Real Imaginary Modulus Phase <-> f = 0 s = 5
-0.0771 0.0784575 0.906655 -0.0237292 0.906965 -0.0261663
-0.100877 0.0438624 -0.558031 0.221995 0.600567 2.76297
-0.109962 0.00287946 0.265785 -0.209948 0.338703 -0.668561
-0.103034 -0.0385228 -0.128867 0.118316 0.174944 2.39885
-0.0811005 -0.0743149 0.0567694 -0.0384166 0.0685463 -0.594925
-0.0473562 -0.0992844 -0.0117908 0.00975672 0.0153041 2.45031
-0.00671534 -0.109795 -0.00158217 -0.00307892 0.00346165 -2.04548
0.0349035 -0.104316 0.0113906 0.00470412 0.0123237 0.391649
0.0714393 -0.0836447 -0.0143145 -0.00292933 0.0146112 -2.93974
0.0975712 -0.0507923 0.0193173 0.00502338 0.0199598 0.254411
0.109494 -0.010543 -0.0294385 -0.0201908 0.0356973 -2.54042
0.10547 0.0312417 0.0595698 0.0630934 0.0867717 0.814117
0.0860869 0.0684766 -0.0849597 -0.17553 0.19501 -2.02158
0.0541666 0.0957391 0.0389066 0.407036 0.408891 1.4755
0.0143579 0.109059 0.197169 -0.727433 0.753681 -1.30611
# x y Real Imaginary Modulus Phase <-> f = 0 s = 6
-0.101256 0.0429804 0.844541 -0.0452489 0.845752 -0.053527
-0.109983 0.00191976 -0.554856 0.30973 0.635451 2.63246
-0.102694 -0.0394205 0.32362 -0.238665 0.402108 -0.635444
-0.0804489 -0.0750198 -0.153889 0.103331 0.185362 2.55027
-0.046488 -0.0996939 0.0452302 -0.038763 0.0595679 -0.708553
-0.00575696 -0.109849 -0.0010606 0.017775 0.0178066 1.63039
0.0358125 -0.104007 -0.00994152 0.00149609 0.0100535 2.99222
0.0721665 -0.0830181 0.014612 0.0111853 0.0184017 0.653336
0.0980107 -0.049939 -0.0221655 0.00771335 0.0234692 2.80671
0.109581 -0.00958713 0.00980698 -0.00443359 0.0107626 -0.424586
0.105194 0.0321609 -0.031371 -0.010631 0.0331234 -2.81486
0.0854861 0.0692252 0.0608586 0.0506062 0.0791502 0.693678
0.0533291 0.0962082 -0.0858226 -0.15757 0.179426 -2.06953
0.0134056 0.10918 0.031083 0.392506 0.393735 1.49177
-0.0284701 0.106252 0.234703 -0.750519 0.786362 -1.26771
# x y Real Imaginary Modulus Phase <-> f = 0 s = 7
-0.109996 0.000959919 0.765554 -0.0811764 0.769846 -0.105641
-0.102346 -0.0403151 -0.613238 0.354252 0.708206 2.61775
-0.0797912 -0.075719 0.354916 -0.206693 0.410716 -0.527357
-0.0456163 -0.100096 -0.117403 0.0881748 0.146828 2.49743
-0.00479813 -0.109895 0.00442466 -0.0444728 0.0446924 -1.47163
0.0367188 -0.103691 0.00793834 0.008174 0.0113944 0.800023
0.0728882 -0.0823851 -0.0257476 0.00360697 0.0259991 3.00241
0.0984428 -0.0490818 0.0111205 0.00655703 0.0129097 0.532761
0.109661 -0.0086305 -0.0227656 0.0123015 0.0258766 2.64619
0.104909 0.0330776 0.00469785 -0.00787224 0.00916744 -1.03276
0.0848787 0.0699686 -0.0305571 -0.0116964 0.0327191 -2.77602
0.0524875 0.0966699 0.0593477 0.0508957 0.0781826 0.708881
0.0124524 0.109293 -0.0796763 -0.177075 0.194175 -1.99362
-0.0293962 0.105999 0.0108739 0.465789 0.465916 1.54746
-0.0669638 0.0872689 0.153067 -0.769431 0.784509 -1.37442
# x y Real Imaginary Modulus Phase <-> f = 0 s = 8
-0.10199 -0.0412067 0.726715 -0.145353 0.741109 -0.197409
-0.0791274 -0.0764124 -0.622338 0.327397 0.703202 2.6573
-0.044741 -0.10049 0.260431 -0.174943 0.313734 -0.59151
-0.00383894 -0.109933 -0.0260152 0.0939209 0.0974573 1.84101
0.0376222 -0.103366 -0.0242385 -0.0309089 0.0392793 -2.23582
0.0736044 -0.0817459 0.0235119 -0.00594589 0.024252 -0.247696
0.0988673 -0.0482208 -0.0350507 0.0053039 0.0354497 2.99141
0.109732 -0.00767321 0.00870698 0.00398557 0.00957582 0.429275
0.104616 0.0339919 -0.0224569 0.0120847 0.025502 2.64791
0.0842649 0.0707066 0.0117615 -0.0094512 0.0150884 -0.676912
0.0516419 0.0971242 -0.0327737 -0.0098807 0.0342308 -2.84878
0.0114981 0.109397 0.0610949 0.0643282 0.088717 0.811171
-0.0303201 0.105739 -0.074425 -0.236502 0.247936 -1.87568
-0.0677228 0.0866812 0.0793558 0.528177 0.534105 1.42167
-0.0952628 0.055 0.0688104 -0.747816 0.750975 -1.47904
# x y Real Imaginary Modulus Phase <-> f = 0 s = 9
-0.0784575 -0.0771 0.862413 -0.0590162 0.86443 -0.068325
-0.0438624 -0.100877 -0.505927 0.1514 0.528095 2.85082
-0.00287946 -0.109962 0.112892 -0.136618 0.177226 -0.880202
0.0385228 -0.103034 0.0158288 0.0599342 0.0619891 1.31259
0.0743149 -0.0811005 -0.0317917 -0.0117631 0.0338982 -2.78721
0.0992844 -0.0473562 0.0289204 -0.0169201 0.0335064 -0.529359
0.109795 -0.00671534 -0.0338874 0.00318368 0.0340367 3.04792
0.104316 0.0349035 0.0112751 0.0132463 0.0173952 0.865611
0.0836447 0.0714393 -0.015804 0.00884396 0.0181103 2.63141
0.0507923 0.0975712 0.0175331 -0.000694747 0.0175469 -0.039604
0.010543 0.109494 -0.0308169 -0.0246455 0.0394599 -2.46701
-0.0312417 0.10547 0.043369 0.11402 0.121989 1.20733
-0.0684766 0.0860869 -0.0772466 -0.299662 0.309459 -1.82308
-0.0957391 0.0541666 0.0787981 0.595634 0.600824 1.43927
-0.109059 0.0143579 0.00594007 -0.793866 0.793888 -1.56331
# x y Real Imaginary Modulus Phase <-> f = 0 s = 10
-0.0429804 -0.101256 0.896948 0.129613 0.906265 0.143511
-0.00191976 -0.109983 -0.349247 0.114423 0.367514 2.82499
0.0394205 -0.102694 0.0733443 -0.116635 0.137779 -1.00944
0.0750198 -0.0804489 0.00768732 0.0554092 0.0559399 1.43294
0.0996939 -0.046488 -0.0294389 -0.0113413 0.031548 -2.77387
0.109849 -0.00575696 0.0297294 -0.0041684 0.0300202 -0.139303
0.104007 0.0358125 -0.0247276 -0.00102935 0.024749 -3.09999
0.0830181 0.0721665 0.015223 0.0147204 0.0211761 0.768613
0.049939 0.0980107 -0.00797968 -0.0006075 0.00800277 -3.06561
0.00958713 0.109581 0.0122284 0.00801762 0.0146224 0.580341
-0.0321609 0.105194 -0.00801332 -0.0415305 0.0422965 -1.7614
-0.0692252 0.0854861 0.0254262 0.131738 0.134169 1.38013
-0.0962082 0.0533291 -0.0357637 -0.307999 0.310069 -1.68639
-0.10918 0.0134056 0.0443148 0.600778 0.60241 1.49717
-0.106252 -0.0284701 0.121149 -0.781708 0.791041 -1.41704
# x y Real Imaginary Modulus Phase <-> f = 0 s = 11
-0.000959919 -0.109996 0.767336 0.210671 0.79573 0.267946
0.0403151 -0.102346 -0.318857 0.0962416 0.333065 2.84846
0.075719 -0.0797912 0.0984307 -0.119253 0.154628 -0.880761
0.100096 -0.0456163 -0.00717109 0.0741185 0.0744646 1.66725
0.109895 -0.00479813 -0.0122641 -0.033028 0.0352315 -1.92634
0.103691 0.0367188 0.00806084 0.0147816 0.0168367 1.07155
0.0823851 0.0728882 -0.0077335 -0.00435058 0.00887325 -2.62916
0.0490818 0.0984428 0.0115561 0.00527228 0.012702 0.428026
0.0086305 0.109661 -0.00363876 -0.000738919 0.00371303 -2.94125
-0.0330776 0.104909 0.00674105 0.00833479 0.0107196 0.890722
-0.0699686 0.0848787 -0.0136136 -0.0374 0.0398006 -1.91989
-0.0966699 0.0524875 0.0263828 0.0992582 0.102705 1.311
-0.109293 0.0124524 -0.0478908 -0.232752 0.237628 -1.77372
-0.105999 -0.0293962 -0.000183776 0.424863 0.424863 1.57123
-0.0872689 -0.0669638 0.295467 -0.681412 0.742714 -1.16166
# x y Real Imaginary Modulus Phase <-> f = 0 s = 12
0.0412067 -0.10199 0.821302 0.198691 0.844994 0.237361
0.0764124 -0.0791274 -0.422927 0.10307 0.435305 2.90255
0.10049 -0.044741 0.172272 -0.154254 0.23124 -0.730273
0.109933 -0.00383894 -0.0719516 0.104312 0.12672 2.17462
0.103366 0.0376222 0.0366204 -0.0505457 0.0624173 -0.943816
0.0817459 0.0736044 -0.0162798 0.0133288 0.0210401 2.45553
0.0482208 0.0988673 -0.00015276 -0.00374837 0.00375148 -1.61153
0.00767321 0.109732 0.00511881 0.0013196 0.00528617 0.252301
-0.0339919 0.104616 -0.00107124 -5.42229e-05 0.00107261 -3.09102
-0.0707066 0.0842649 0.0105212 0.00661889 0.01243 0.561541
-0.0971242 0.0516419 -0.0307439 -0.0143779 0.0339398 -2.70415
-0.109397 0.0114981 0.0613811 0.0393196 0.0728949 0.569726
-0.105739 -0.0303201 -0.0847376 -0.108105 0.137358 -2.23561
-0.0866812 -0.0677228 0.0269535 0.277706 0.279011 1.47404
-0.055 -0.0952628 0.275621 -0.512288 0.581727 -1.0772
# x y Real Imaginary Modulus Phase <-> f = 0 s = 13
0.0771 -0.0784575 0.948477 0.0346119 0.949108 0.0364759
0.100877 -0.0438624 -0.577678 0.240141 0.625604 2.74763
0.109962 -0.00287946 0.338441 -0.224507 0.406135 -0.585709
0.103034 0.0385228 -0.183065 0.105322 0.211201 2.61951
0.0811005 0.0743149 0.0846218 -0.02768 0.0890339 -0.316133
0.0473562 0.0992844 -0.0284824 6.80689e-05 0.0284825 3.1392
0.00671534 0.109795 0.00553574 -0.00285875 0.00623031 -0.476695
-0.0349035 0.104316 0.00279397 0.0037794 0.00470001 0.934203
-0.0714393 0.0836447 -0.00179436 0.010023 0.0101823 1.74795
-0.0975712 0.0507923 0.00444934 -0.00671106 0.00805202 -0.985346
-0.109494 0.010543 -0.0294053 0.00866765 0.0306562 2.85495
-0.10547 -0.0312417 0.0524966 -0.00526036 0.0527595 -0.0998703
-0.0860869 -0.0684766 -0.0736544 -0.0662316 0.0990535 -2.40921
-0.0541666 -0.0957391 0.0243384 0.235849 0.237101 1.46797
-0.0143579 -0.109059 0.305132 -0.533006 0.614167 -1.05086
# x y Real Imaginary Modulus Phase <-> f = 0 s = 14
0.101256 -0.0429804 0.742181 -0.0920826 0.747871 -0.12344
0.109983 -0.00191976 -0.574902 0.447899 0.728784 2.47973
0.102694 0.0394205 0.41283 -0.301834 0.511402 -0.631317
0.0804489 0.0750198 -0.211069 0.12504 0.245326 2.60677
0.046488 0.0996939 0.0925668 -0.043783 0.102399 -0.441806
0.00575696 0.109849 -0.0214267 0.0206196 0.0297367 2.37539
-0.0358125 0.104007 -0.00173108 -0.0111955 0.0113285 -1.7242
-0.0721665 0.0830181 0.00387862 0.0110257 0.011688 1.23254
-0.0980107 0.049939 -0.0110747 0.016989 0.0202799 2.14849
-0.109581 0.00958713 9.38359e-05 -0.0262531 0.0262533 -1.56722
-0.105194 -0.0321609 -0.0150524 0.0228515 0.0273636 2.15327
-0.0854861 -0.0692252 0.0369859 -0.00796 0.0378328 -0.211983
-0.0533291 -0.0962082 -0.0698089 -0.078009 0.104684 -2.30078
-0.0134056 -0.10918 0.00140795 0.309286 0.309289 1.56624
0.0284701 -0.106252 0.313744 -0.728287 0.792993 -1.16403
# x y Real Imaginary Modulus Phase <-> f = 0 s = 15
0.109996 -0.000959919 0.65956 0.0143652 0.659717 0.0217765
0.102346 0.0403151 -0.529117 0.43998 0.688147 2.44792
0.0797912 0.075719 0.35126 -0.28536 0.452563 -0.68225
0.0456163 0.100096 -0.156918 0.13551 0.207331 2.42927
0.00479813 0.109895 0.0401 -0.054928 0.068008 -0.940188
-0.0367188 0.103691 0.000982391 0.0228354 0.0228565 1.5278
-0.0728882 0.0823851 -0.016344 -0.00542873 0.017222 -2.8209
-0.0984428 0.0490818 0.00406804 0.00756036 0.00858534 1.07716
-0.109661 0.0086305 -0.018729 0.0190041 0.0266821 2.3489
-0.104909 -0.0330776 -0.00107961 -0.0355011 0.0355175 -1.6012
-0.0848787 -0.0699686 -0.0134098 0.0243021 0.0277563 2.07502
-0.0524875 -0.0966699 0.0492899 0.0101065 0.0503154 0.202239
-0.0124524 -0.109293 -0.0789196 -0.145074 0.165151 -2.06902
0.0293962 -0.105999 0.00326695 0.478988 0.478999 1.56398
0.0669638 -0.0872689 0.0744185 -0.784242 0.787765 -1.47619
