# x y Real Imaginary Modulus Phase <-> f = 0 s = 0
0.10199 0.0412067 0.717789 -0.0298747 0.71841 -0.0415965
0.0791274 0.0764124 -0.575564 0.335921 0.666421 2.61329
0.044741 0.10049 0.295523 -0.233316 0.376524 -0.668305
0.00383894 0.109933 -0.0912421 0.117232 0.148554 2.23217
-0.0376222 0.103366 -0.0163966 -0.0477376 0.050475 -1.90164
-0.0736044 0.0817459 -0.00272399 -0.00667609 0.00721043 -1.9582
-0.0988673 0.0482208 -0.0492517 5.25204e-05 0.0492517 3.14053
-0.109732 0.00767321 -0.00198863 0.000933892 0.002197 2.70255
-0.104616 -0.0339919 -0.0183003 0.0154799 0.0239693 2.4395
-0.0842649 -0.0707066 0.0231439 -0.043495 0.0492692 -1.0818
-0.0516419 -0.0971242 -0.0338528 0.00670965 0.0345113 2.94593
-0.0114981 -0.109397 0.0395197 0.0584092 0.0705226 0.975948
0.0303201 -0.105739 -0.057352 -0.269633 0.275665 -1.78038
0.0677228 -0.0866812 0.131843 0.650411 0.663639 1.3708
0.0952628 -0.055 -0.0538014 -0.639887 0.642144 -1.65468
# x y Real Imaginary Modulus Phase <-> f = 0 s = 1
0.0784575 0.0771 0.811265 -0.0902932 0.816275 -0.110843
0.0438624 0.100877 -0.556446 0.284401 0.624913 2.6691
0.00287946 0.109962 0.221689 -0.165038 0.276376 -0.639943
-0.0385228 0.103034 -0.0404929 0.103836 0.111452 1.94263
-0.0743149 0.0811005 -0.00504495 -0.0439546 0.0442432 -1.68507
-0.0992844 0.0473562 -0.0104711 0.0235021 0.0257292 1.98993
-0.109795 0.00671534 -0.0117015 0.000687223 0.0117217 3.08293
-0.104316 -0.0349035 0.00720005 0.00622611 0.00951867 0.712984
-0.0836447 -0.0714393 -0.0060692 0.00522869 0.0080109 2.43045
-0.0507923 -0.0975712 0.00145656 -0.0123164 0.0124022 -1.45308
-0.010543 -0.109494 -0.0312319 -0.0313188 0.0442301 -2.35481
0.0312417 -0.10547 0.025413 0.150817 0.152943 1.40386
0.0684766 -0.0860869 -0.0578318 -0.411686 0.415728 -1.71036
0.0957391 -0.0541666 0.183237 0.641242 0.666908 1.29246
0.109059 -0.0143579 0.0161385 -0.693489 0.693677 -1.54753
# x y Real Imaginary Modulus Phase <-> f = 0 s = 2
0.0429804 0.101256 0.870414 -0.0848883 0.874544 -0.0972189
0.00191976 0.109983 -0.525261 0.169244 0.551854 2.82989
-0.0394205 0.102694 0.183237 -0.170416 0.250235 -0.749161
-0.0750198 0.0804489 -0.0275824 0.096361 0.100231 1.84958
-0.0996939 0.046488 -0.00488862 -0.0377467 0.038062 -1.69959
-0.109849 0.00575696 0.01204 0.00743315 0.0141497 0.553093
-0.104007 -0.0358125 -0.00950809 -0.00943445 0.0133945 -2.36008
-0.0830181 -0.0721665 0.0253089 0.0242561 0.0350556 0.764161
-0.049939 -0.0980107 -0.0135535 0.00778232 0.0156289 2.62037
-0.00958713 -0.109581 0.00888491 0.00789247 0.0118841 0.726314
0.0321609 -0.105194 0.00260581 -0.049514 0.0495825 -1.51822
0.0692252 -0.0854861 0.0112566 0.178062 0.178417 1.50766
0.0962082 -0.0533291 -0.0889738 -0.340944 0.352362 -1.82607
0.10918 -0.0134056 0.118125 0.570338 0.582442 1.36657
0.106252 0.0284701 0.102238 -0.761026 0.767862 -1.43725
# x y Real Imaginary Modulus Phase <-> f = 0 s = 3
0.000959919 0.109996 0.901049 0.00757895 0.901081 0.00841105
-0.0403151 0.102346 -0.489166 0.197899 0.527681 2.75716
-0.075719 0.0797912 0.172492 -0.164437 0.238313 -0.761494
-0.100096 0.0456163 -0.0402937 0.100211 0.108009 1.9531
-0.109895 0.00479813 0.00152663 -0.0482027 0.0482269 -1.53914
-0.103691 -0.0367188 -0.00353526 0.0219197 0.0222029 1.7307
-0.0823851 -0.0728882 -0.00866065 -0.00920405 0.0126381 -2.32579
-0.0490818 -0.0984428 0.0152455 -0.000841353 0.0152687 -0.0551311
-0.0086305 -0.109661 -0.00422327 -0.00290225 0.00512436 -2.53951
0.0330776 -0.104909 -0.00433073 0.00489962 0.00653923 2.29464
0.0699686 -0.0848787 0.00258255 -0.0700282 0.0700758 -1.53393
0.0966699 -0.0524875 0.0459892 0.158059 0.164614 1.28765
0.109293 -0.0124524 -0.0750178 -0.292145 0.301623 -1.82215
0.105999 0.0293962 0.0454158 0.531214 0.533152 1.48551
0.0872689 0.0669638 0.150894 -0.780382 0.794837 -1.37979
# x y Real Imaginary Modulus Phase <-> f = 0 s = 4
-0.0412067 0.10199 0.884529 -0.0159941 0.884674 -0.0180801
-0.0764124 0.0791274 -0.492153 0.175949 0.522659 2.79824
-0.10049 0.044741 0.198345 -0.168803 0.260452 -0.705107
-0.109933 0.00383894 -0.0676623 0.104659 0.124626 2.14471
-0.103366 -0.0376222 0.0264223 -0.0483939 0.0551372 -1.07104
-0.0817459 -0.0736044 -0.00619388 0.0205106 0.0214254 1.86407
-0.0482208 -0.0988673 0.00362894 -0.00203617 0.00416115 -0.511319
-0.00767321 -0.109732 0.00367853 0.00636752 0.0073537 1.04693
0.0339919 -0.104616 -0.00681449 0.0023282 0.00720123 2.81237
0.0707066 -0.0842649 0.00858683 0.0200766 0.0218358 1.16664
0.0971242 -0.0516419 -0.0279684 -0.0444015 0.0524759 -2.13291
0.109397 -0.0114981 0.0462333 0.0913085 0.102346 1.10209
0.105739 0.0303201 -0.0692854 -0.21828 0.229012 -1.87815
0.0866812 0.0677228 0.0137585 0.44113 0.441344 1.53962
0.055 0.0952628 0.227296 -0.741294 0.775358 -1.27328
# x y Real Imaginary Modulus Phase <-> f = 0 s = 5
-0.0771 0.0784575 0.899952 -0.0308096 0.900479 -0.0342213
-0.100877 0.0438624 -0.558389 0.21687 0.599024 2.77114
-0.109962 0.00287946 0.267587 -0.204643 0.33687 -0.652887
-0.103034 -0.0385228 -0.135637 0.12629 0.185329 2.39186
-0.0811005 -0.0743149 0.0569413 -0.0461028 0.0732651 -0.6806
-0.0473562 -0.0992844 -0.00989534 0.0138076 0.0169873 2.19261
-0.00671534 -0.109795 0.00415007 -0.00207608 0.00464038 -0.463849
0.0349035 -0.104316 0.00203564 0.00703077 0.00731954 1.28897
0.0714393 -0.0836447 -0.015001 -0.00916253 0.0175779 -2.59328
0.0975712 -0.0507923 0.00595767 0.00952515 0.0112349 1.01186
0.109494 -0.010543 -0.0203207 -0.0181208 0.0272267 -2.41336
0.10547 0.0312417 0.0627176 0.0640611 0.0896511 0.795995
0.0860869 0.0684766 -0.0912435 -0.17816 0.200166 -2.04411
0.0541666 0.0957391 0.0335434 0.405488 0.406873 1.48826
0.0143579 0.109059 0.204057 -0.737415 0.765128 -1.30083
# x y Real Imaginary Modulus Phase <-> f = 0 s = 6
-0.101256 0.0429804 0.836339 -0.0245356 0.836698 -0.0293285
-0.109983 0.00191976 -0.531353 0.323427 0.622046 2.59481
-0.102694 -0.0394205 0.314488 -0.214873 0.380885 -0.599394
-0.0804489 -0.0750198 -0.154451 0.1096 0.189387 2.52444
-0.046488 -0.0996939 0.0394994 -0.0315576 0.0505578 -0.674093
-0.00575696 -0.109849 0.00518654 0.00627575 0.00814157 0.880139
0.0358125 -0.104007 0.0308656 -0.0073516 0.031729 -0.233825
0.0721665 -0.0830181 0.0144731 -0.0189578 0.023851 -0.918749
0.0980107 -0.049939 -0.0302539 0.00537478 0.0307276 2.96577
0.109581 -0.00958713 0.00773444 0.00237591 0.00809114 0.298036
0.105194 0.0321609 -0.0287196 -0.00916077 0.0301452 -2.83282
0.0854861 0.0692252 0.0430135 0.0740827 0.0856645 1.04475
0.0533291 0.0962082 -0.0909793 -0.153354 0.178311 -2.10625
0.0134056 0.10918 0.0319537 0.388221 0.389534 1.48867
-0.0284701 0.106252 0.239518 -0.736815 0.774768 -1.2565
# x y Real Imaginary Modulus Phase <-> f = 0 s = 7
-0.109996 0.000959919 0.729913 -0.104613 0.737371 -0.142353
-0.102346 -0.0403151 -0.581347 0.32087 0.664019 2.63726
-0.0797912 -0.075719 0.345582 -0.213659 0.406297 -0.553737
-0.0456163 -0.100096 -0.109112 0.0776099 0.133898 2.52333
-0.00479813 -0.109895 0.0299054 -0.032663 0.0442854 -0.829443
0.0367188 -0.103691 0.0366096 0.00412439 0.0368412 0.112186
0.0728882 -0.0823851 -0.0291522 0.012572 0.0317475 2.73444
0.0984428 -0.0490818 0.0135318 0.00567382 0.0146732 0.397028
0.109661 -0.0086305 0.0122968 0.00727241 0.0142863 0.534076
0.104909 0.0330776 0.0269477 0.0176856 0.0322329 0.580788
0.0848787 0.0699686 -0.0183431 0.00242268 0.0185024 3.01028
0.0524875 0.0966699 0.0488581 0.0569096 0.0750054 0.861376
0.0124524 0.109293 -0.0758623 -0.238597 0.250367 -1.87864
-0.0293962 0.105999 0.0585426 0.477599 0.481173 1.44883
-0.0669638 0.0872689 0.111011 -0.75904 0.767115 -1.42557
# x y Real Imaginary Modulus Phase <-> f = 0 s = 8
-0.10199 -0.0412067 0.706913 -0.145649 0.721761 -0.203192
-0.0791274 -0.0764124 -0.638317 0.330319 0.71872 2.66406
-0.044741 -0.10049 0.272292 -0.165745 0.31877 -0.546794
-0.00383894 -0.109933 -0.0348188 0.128764 0.133389 1.83489
0.0376222 -0.103366 -0.00497684 -0.0202979 0.0208991 -1.81124
0.0736044 -0.0817459 0.0258347 -0.0200312 0.0326906 -0.659535
0.0988673 -0.0482208 -0.0182011 0.0276106 0.03307 2.15362
0.109732 -0.00767321 -0.0160167 -0.0293359 0.0334235 -2.07055
0.104616 0.0339919 -0.0276977 -0.0287619 0.0399301 -2.33735
0.0842649 0.0707066 -0.00204642 -0.021007 0.0211064 -1.66791
0.0516419 0.0971242 -0.0733597 0.00387676 0.0734621 3.0888
0.0114981 0.109397 0.0708251 0.0919506 0.116065 0.91446
-0.0303201 0.105739 -0.092718 -0.22643 0.244678 -1.95945
-0.0677228 0.0866812 0.0794786 0.550948 0.556651 1.42753
-0.0952628 0.055 0.0347491 -0.761447 0.76224 -1.52519
# x y Real Imaginary Modulus Phase <-> f = 0 s = 9
-0.0784575 -0.0771 0.854033 -0.09178 0.858951 -0.107056
-0.0438624 -0.100877 -0.499374 0.158752 0.524 2.83379
-0.00287946 -0.109962 0.119587 -0.140133 0.184224 -0.864342
0.0385228 -0.103034 0.00513067 0.0823906 0.0825502 1.5086
0.0743149 -0.0811005 -0.0129987 0.00368836 0.0135119 2.86511
0.0992844 -0.0473562 0.0102993 0.0211259 0.0235027 1.11718
0.109795 -0.00671534 -0.0640046 0.0444048 0.0778998 2.53506
0.104316 0.0349035 -0.00959962 -0.0359774 0.0372361 -1.83155
0.0836447 0.0714393 0.0130829 0.02435 0.0276421 1.07777
0.0507923 0.0975712 0.0272391 0.0256712 0.0374296 0.755773
0.010543 0.109494 -0.0399823 -0.0144782 0.0425229 -2.79417
-0.0312417 0.10547 0.000564449 0.115151 0.115152 1.56589
-0.0684766 0.0860869 -0.0586782 -0.290474 0.296342 -1.77012
-0.0957391 0.0541666 0.0882479 0.616263 0.62255 1.42856
-0.109059 0.0143579 0.0249269 -0.84114 0.841509 -1.54117
# x y Real Imaginary Modulus Phase <-> f = 0 s = 10
-0.0429804 -0.101256 0.924363 0.126441 0.93297 0.135944
-0.00191976 -0.109983 -0.322956 0.129909 0.348105 2.75915
0.0394205 -0.102694 0.0841278 -0.103522 0.133395 -0.888384
0.0750198 -0.0804489 0.0113832 0.0932735 0.0939655 1.44936
0.0996939 -0.046488 -0.0488743 -0.0124786 0.0504421 -2.89161
0.109849 -0.00575696 0.0328533 0.00666546 0.0335226 0.200169
0.104007 0.0358125 -0.0505735 0.00895635 0.0513604 2.96631
0.0830181 0.0721665 0.0408041 0.0301604 0.0507408 0.636521
0.049939 0.0980107 0.0315099 -0.000298081 0.0315113 -0.00945963
0.00958713 0.109581 0.0369549 -0.0180807 0.041141 -0.455022
-0.0321609 0.105194 0.01359 -0.0686235 0.0699562 -1.37529
-0.0692252 0.0854861 0.0316724 0.197906 0.200425 1.4121
-0.0962082 0.0533291 -0.0367817 -0.29872 0.300975 -1.69331
-0.10918 0.0134056 0.0226485 0.605318 0.605741 1.5334
-0.106252 -0.0284701 0.151189 -0.802621 0.816737 -1.38461
# x y Real Imaginary Modulus Phase <-> f = 0 s = 11
-0.000959919 -0.109996 0.763524 0.201668 0.789708 0.258231
0.0403151 -0.102346 -0.335046 0.102264 0.350305 2.84535
0.075719 -0.0797912 0.0634747 -0.125948 0.141039 -1.10397
0.100096 -0.0456163 0.0167552 0.0748352 0.076688 1.35053
0.109895 -0.00479813 -0.0192713 -0.0378953 0.0425139 -2.04125
0.103691 0.0367188 0.0126755 -0.00154399 0.0127692 -0.121212
0.0823851 0.0728882 0.0271249 -0.00121419 0.027152 -0.0447332
0.0490818 0.0984428 0.0395632 -0.0105696 0.0409507 -0.26106
0.0086305 0.109661 0.0176314 -0.00777925 0.0192713 -0.415525
-0.0330776 0.104909 0.003148 -0.025346 0.0255408 -1.44723
-0.0699686 0.0848787 -0.0243752 -0.0314786 0.0398127 -2.22969
-0.0966699 0.0524875 0.0145947 0.0793708 0.0807015 1.38895
-0.109293 0.0124524 -0.0450278 -0.23713 0.241367 -1.75845
-0.105999 -0.0293962 0.0201425 0.465432 0.465867 1.52755
-0.0872689 -0.0669638 0.321879 -0.676998 0.749621 -1.12698
# x y Real Imaginary Modulus Phase <-> f = 0 s = 12
0.0412067 -0.10199 0.81315 0.196583 0.836575 0.237204
0.0764124 -0.0791274 -0.452573 0.113805 0.466662 2.89524
0.10049 -0.044741 0.173531 -0.136499 0.220783 -0.666514
0.109933 -0.00383894 -0.0836717 0.11576 0.142833 2.19666
0.103366 0.0376222 0.0270446 -0.0362159 0.0451996 -0.929372
0.0817459 0.0736044 -0.0254643 0.0158307 0.029984 2.58538
0.0482208 0.0988673 0.00765199 -0.00859471 0.0115075 -0.843359
0.00767321 0.109732 0.00203397 0.00422176 0.00468619 1.12183
-0.0339919 0.104616 0.0167408 -0.0170759 0.0239132 -0.795308
-0.0707066 0.0842649 0.0106832 0.00110605 0.0107403 0.103164
-0.0971242 0.0516419 -0.0264661 -0.0363246 0.0449436 -2.20046
-0.109397 0.0114981 0.0345513 0.0419214 0.0543249 0.881477
-0.105739 -0.0303201 -0.0804697 -0.100574 0.128804 -2.2456
-0.0866812 -0.0677228 0.0255336 0.263767 0.265 1.47429
-0.055 -0.0952628 0.271833 -0.51178 0.579493 -1.08254
# x y Real Imaginary Modulus Phase <-> f = 0 s = 13
0.0771 -0.0784575 0.956618 0.0360165 0.957296 0.0376321
0.100877 -0.0438624 -0.550189 0.270981 0.613301 2.68394
0.109962 -0.00287946 0.339299 -0.235318 0.412914 -0.606378
0.103034 0.0385228 -0.143871 0.104888 0.178046 2.51164
0.0811005 0.0743149 0.0748732 -0.0285213 0.0801215 -0.363958
0.0473562 0.0992844 -0.0341511 -0.00545555 0.0345841 -2.98318
0.00671534 0.109795 0.0173043 0.0254722 0.030794 0.974072
-0.0349035 0.104316 0.0154905 0.0179121 0.0236812 0.857768
-0.0714393 0.0836447 -0.00221387 -0.0192582 0.0193851 -1.68525
-0.0975712 0.0507923 -0.00327864 0.0205895 0.020849 1.72871
-0.109494 0.010543 -0.0423485 0.00932671 0.0433634 2.92482
-0.10547 -0.0312417 0.0434974 -0.0150522 0.0460282 -0.33315
-0.0860869 -0.0684766 -0.0525093 -0.0707279 0.088089 -2.20942
-0.0541666 -0.0957391 0.0238478 0.237191 0.238387 1.47059
-0.0143579 -0.109059 0.313492 -0.545036 0.628762 -1.04883
# x y Real Imaginary Modulus Phase <-> f = 0 s = 14
0.101256 -0.0429804 0.720329 -0.0771573 0.72445 -0.106707
0.109983 -0.00191976 -0.582326 0.439291 0.729438 2.4953
0.102694 0.0394205 0.431103 -0.305028 0.528102 -0.615777
0.0804489 0.0750198 -0.212023 0.136511 0.252168 2.56955
0.046488 0.0996939 0.114774 -0.0384462 0.121042 -0.323226
0.00575696 0.109849 -0.028624 0.0241396 0.037444 2.44098
-0.0358125 0.104007 -0.0013214 0.000930773 0.00161631 2.52793
-0.0721665 0.0830181 -0.0058211 0.0253291 0.0259894 1.79669
-0.0980107 0.049939 0.0133577 0.0229054 0.0265157 1.04284
-0.109581 0.00958713 -0.00526164 -0.0334295 0.0338411 -1.72691
-0.105194 -0.0321609 -0.0129442 0.0157691 0.0204014 2.25813
-0.0854861 -0.0692252 0.0437954 -0.019869 0.0480917 -0.425908
-0.0533291 -0.0962082 -0.0408514 -0.102071 0.109942 -1.9515
-0.0134056 -0.10918 0.0114113 0.308863 0.309074 1.53387
0.0284701 -0.106252 0.317166 -0.728262 0.794329 -1.16006
# x y Real Imaginary Modulus Phase <-> f = 0 s = 15
0.109996 -0.000959919 0.654896 -0.00119695 0.654897 -0.0018277
0.102346 0.0403151 -0.549411 0.433902 0.700088 2.47313
0.0797912 0.075719 0.374887 -0.273037 0.463777 -0.629479
0.0456163 0.100096 -0.168567 0.160323 0.232633 2.38126
0.00479813 0.109895 0.0520113 -0.0773301 0.093194 -0.978706
-0.0367188 0.103691 0.0244161 0.00342076 0.0246546 0.139196
-0.0728882 0.0823851 0.0142873 0.0177918 0.0228183 0.894212
-0.0984428 0.0490818 0.0240254 -0.00480314 0.0245008 -0.197318
-0.109661 0.0086305 -0.00562593 0.0258434 0.0264487 1.78515
-0.104909 -0.0330776 0.0198798 -0.0345622 0.0398718 -1.04882
-0.0848787 -0.0699686 -0.0363402 0.0084156 0.0373019 2.91403
-0.0524875 -0.0966699 0.0800252 0.0234058 0.0833778 0.284543
-0.0124524 -0.109293 -0.0701367 -0.147687 0.163495 -2.01416
0.0293962 -0.105999 0.0104907 0.452346 0.452468 1.54761
0.0669638 -0.0872689 0.0780719 -0.795068 0.798892 -1.47291
