# x y Real Imaginary Modulus Phase <-> f = 0 s = 0
0.10199 0.0412067 0.720782 -0.0407652 0.721934 -0.0564968
0.0791274 0.0764124 -0.572261 0.336576 0.663902 2.60993
0.044741 0.10049 0.295753 -0.229605 0.374417 -0.660147
0.00383894 0.109933 -0.080542 0.11131 0.137393 2.19718
-0.0376222 0.103366 0.0199563 -0.0529842 0.0566179 -1.21058
-0.0736044 0.0817459 0.00765646 0.00959537 0.0122757 0.897318
-0.0988673 0.0482208 -0.0282081 -0.0151827 0.0320345 -2.64782
-0.109732 0.00767321 0.0070421 0.0186384 0.0199244 1.20955
-0.104616 -0.0339919 -0.0142293 0.0205594 0.0250032 2.17621
-0.0842649 -0.0707066 0.00778482 -0.0289403 0.029969 -1.30802
-0.0516419 -0.0971242 -0.0246113 0.0132306 0.0279422 2.64833
-0.0114981 -0.109397 0.052491 0.0608074 0.0803296 0.85867
0.0303201 -0.105739 -0.0533502 -0.276657 0.281754 -1.7613
0.0677228 -0.0866812 0.118234 0.645581 0.656319 1.38966
0.0952628 -0.055 -0.0187657 -0.635216 0.635493 -1.60033
# x y Real Imaginary Modulus Phase <-> f = 0 s = 1
0.0784575 0.0771 0.817564 -0.0808728 0.821554 -0.0985985
0.0438624 0.100877 -0.570882 0.284614 0.637896 2.6791
0.00287946 0.109962 0.248291 -0.180695 0.307082 -0.629113
-0.0385228 0.103034 -0.058698 0.107158 0.122181 2.07193
-0.0743149 0.0811005 0.00203457 -0.0435232 0.0435708 -1.52408
-0.0992844 0.0473562 -0.00870794 0.00599001 0.0105692 2.53905
-0.109795 0.00671534 -0.0273677 0.00216745 0.0274534 3.06256
-0.104316 -0.0349035 0.0074621 0.011704 0.0138804 1.00321
-0.0836447 -0.0714393 -0.0102212 0.0135782 0.0169953 2.21606
-0.0507923 -0.0975712 0.0158931 -0.0104898 0.0190428 -0.583389
-0.010543 -0.109494 -0.0195018 -0.0296693 0.0355048 -2.15229
0.0312417 -0.10547 0.0213899 0.148995 0.150523 1.42821
0.0684766 -0.0860869 -0.0595362 -0.404165 0.408526 -1.71705
0.0957391 -0.0541666 0.198657 0.645029 0.674927 1.27203
0.109059 -0.0143579 0.0369882 -0.680838 0.681842 -1.51652
# x y Real Imaginary Modulus Phase <-> f = 0 s = 2
0.0429804 0.101256 0.876913 -0.0785377 0.880423 -0.0893233
0.00191976 0.109983 -0.529358 0.185599 0.560952 2.80437
-0.0394205 0.102694 0.192982 -0.184648 0.26709 -0.76333
-0.0750198 0.0804489 -0.0510674 0.0982963 0.11077 2.04994
-0.0996939 0.046488 0.00573973 -0.0435685 0.043945 -1.43981
-0.109849 0.00575696 0.0043587 0.00988916 0.0108071 1.15566
-0.104007 -0.0358125 -0.0110241 -0.00483288 0.0120369 -2.72843
-0.0830181 -0.0721665 0.0104786 0.0091458 0.0139085 0.717587
-0.049939 -0.0980107 -0.00727191 0.0110115 0.013196 2.15444
-0.00958713 -0.109581 0.00554883 0.00565336 0.00792149 0.794729
0.0321609 -0.105194 0.0155694 -0.0584861 0.060523 -1.31062
0.0692252 -0.0854861 0.00511939 0.176144 0.176218 1.54174
0.0962082 -0.0533291 -0.0877197 -0.361078 0.37158 -1.80912
0.10918 -0.0134056 0.102104 0.56932 0.578403 1.39334
0.106252 0.0284701 0.0972496 -0.774752 0.780832 -1.44593
# x y Real Imaginary Modulus Phase <-> f = 0 s = 3
0.000959919 0.109996 0.907487 0.00850641 0.907527 0.00937332
-0.0403151 0.102346 -0.48132 0.195955 0.51968 2.75496
-0.075719 0.0797912 0.175466 -0.169011 0.243625 -0.76666
-0.100096 0.0456163 -0.0476364 0.0985333 0.109444 2.02112
-0.109895 0.00479813 0.000842079 -0.0462844 0.0462921 -1.5526
-0.103691 -0.0367188 0.00719191 0.0179061 0.0192964 1.18887
-0.0823851 -0.0728882 -0.00745905 -0.00980786 0.012322 -2.22099
-0.0490818 -0.0984428 0.0107717 0.00457187 0.0117018 0.401391
-0.0086305 -0.109661 -0.00606667 -0.00172977 0.00630845 -2.86384
0.0330776 -0.104909 -0.00134747 0.0109138 0.0109966 1.69364
0.0699686 -0.0848787 0.00982398 -0.0682641 0.0689673 -1.42787
0.0966699 -0.0524875 0.0390035 0.153887 0.158753 1.32257
0.109293 -0.0124524 -0.0799467 -0.287594 0.298499 -1.84194
0.105999 0.0293962 0.0468098 0.524704 0.526788 1.48182
0.0872689 0.0669638 0.147194 -0.790018 0.803614 -1.38659
# x y Real Imaginary Modulus Phase <-> f = 0 s = 4
-0.0412067 0.10199 0.879356 -0.0128042 0.879449 -0.0145599
-0.0764124 0.0791274 -0.481534 0.172817 0.511606 2.79702
-0.10049 0.044741 0.199518 -0.168042 0.260855 -0.69997
-0.109933 0.00383894 -0.066096 0.103123 0.122487 2.14078
-0.103366 -0.0376222 0.0254166 -0.0496952 0.0558177 -1.09803
-0.0817459 -0.0736044 -0.00742137 0.0168063 0.0183719 1.98663
-0.0482208 -0.0988673 0.00070805 -0.00313397 0.00321295 -1.3486
-0.00767321 -0.109732 0.0115557 -0.00105007 0.0116033 -0.0906221
0.0339919 -0.104616 -0.00406106 -0.000165296 0.00406442 -3.10091
0.0707066 -0.0842649 0.00650941 0.0169785 0.0181835 1.20469
0.0971242 -0.0516419 -0.0240242 -0.040752 0.0473063 -2.10348
0.109397 -0.0114981 0.047133 0.0954299 0.106435 1.11204
0.105739 0.0303201 -0.0669873 -0.212441 0.222752 -1.87625
0.0866812 0.0677228 0.0114382 0.443943 0.44409 1.54504
0.055 0.0952628 0.22674 -0.743284 0.777098 -1.27471
# x y Real Imaginary Modulus Phase <-> f = 0 s = 5
-0.0771 0.0784575 0.907392 -0.0247431 0.907729 -0.0272617
-0.100877 0.0438624 -0.552555 0.221525 0.595307 2.7603
-0.109962 0.00287946 0.269044 -0.213758 0.343624 -0.671383
-0.103034 -0.0385228 -0.125372 0.118561 0.172554 2.38411
-0.0811005 -0.0743149 0.0580555 -0.0366738 0.0686688 -0.563405
-0.0473562 -0.0992844 -0.0152617 0.00977721 0.018125 2.57183
-0.00671534 -0.109795 0.00117606 -0.00497576 0.00511285 -1.3387
0.0349035 -0.104316 0.00770753 0.00325564 0.00836692 0.399664
0.0714393 -0.0836447 -0.0173586 -0.00265214 0.0175601 -2.98998
0.0975712 -0.0507923 0.016703 0.00365578 0.0170984 0.215472
0.109494 -0.010543 -0.0297643 -0.018442 0.0350146 -2.58689
0.10547 0.0312417 0.0606131 0.0602982 0.0854975 0.782794
0.0860869 0.0684766 -0.0792257 -0.175808 0.192835 -1.99418
0.0541666 0.0957391 0.0378648 0.402452 0.404229 1.47699
0.0143579 0.109059 0.196923 -0.733324 0.759304 -1.30845
# x y Real Imaginary Modulus Phase <-> f = 0 s = 6
-0.101256 0.0429804 0.851828 -0.0382918 0.852688 -0.0449223
-0.109983 0.00191976 -0.564559 0.31369 0.645855 2.63443
-0.102694 -0.0394205 0.329711 -0.234196 0.404422 -0.617609
-0.0804489 -0.0750198 -0.153263 0.100513 0.183282 2.56113
-0.046488 -0.0996939 0.0429295 -0.031729 0.0533823 -0.636486
-0.00575696 -0.109849 0.0110336 0.00971319 0.0146999 0.721842
0.0358125 -0.104007 -0.00832594 0.0108667 0.0136896 2.22458
0.0721665 -0.0830181 0.0167947 0.00311307 0.0170807 0.18328
0.0980107 -0.049939 -0.0296688 0.0157943 0.0336109 2.6524
0.109581 -0.00958713 0.00488259 -0.000586565 0.0049177 -0.119561
0.105194 0.0321609 -0.0446408 -0.00116351 0.0446559 -3.11553
0.0854861 0.0692252 0.0621273 0.056258 0.0838139 0.735861
0.0533291 0.0962082 -0.100612 -0.16156 0.190327 -2.12778
0.0134056 0.10918 0.0280551 0.394382 0.395379 1.49978
-0.0284701 0.106252 0.241593 -0.751299 0.789188 -1.25967
# x y Real Imaginary Modulus Phase <-> f = 0 s = 7
-0.109996 0.000959919 0.785547 -0.0723066 0.788868 -0.0917875
-0.102346 -0.0403151 -0.618167 0.34929 0.710024 2.62727
-0.0797912 -0.075719 0.366063 -0.205308 0.419706 -0.511139
-0.0456163 -0.100096 -0.11586 0.0846006 0.143461 2.51089
-0.00479813 -0.109895 0.00347983 -0.0462665 0.0463971 -1.49572
0.0367188 -0.103691 9.42553e-05 0.0124366 0.012437 1.56322
0.0728882 -0.0823851 -0.0254114 -0.012173 0.0281766 -2.69486
0.0984428 -0.0490818 0.0269743 0.00698661 0.0278644 0.25344
0.109661 -0.0086305 -0.00765372 0.0218056 0.0231098 1.90836
0.104909 0.0330776 0.000346047 0.00450219 0.00451547 1.49409
0.0848787 0.0699686 -0.0210367 -0.00635044 0.0219743 -2.84842
0.0524875 0.0966699 0.0705061 0.0405434 0.0813319 0.52186
0.0124524 0.109293 -0.070046 -0.174725 0.188243 -1.95207
-0.0293962 0.105999 0.01837 0.473013 0.47337 1.53198
-0.0669638 0.0872689 0.156527 -0.78005 0.795599 -1.37276
# x y Real Imaginary Modulus Phase <-> f = 0 s = 8
-0.10199 -0.0412067 0.73618 -0.148758 0.75106 -0.199382
-0.0791274 -0.0764124 -0.635546 0.335374 0.718606 2.65604
-0.044741 -0.10049 0.25584 -0.171367 0.30793 -0.590183
-0.00383894 -0.109933 -0.0264813 0.105422 0.108698 1.8169
0.0376222 -0.103366 -0.0301948 -0.029394 0.0421394 -2.36963
0.0736044 -0.0817459 0.0246396 -0.00514969 0.025172 -0.206034
0.0988673 -0.0482208 -0.0155802 0.0116748 0.0194691 2.49852
0.109732 -0.00767321 0.012688 0.00703929 0.0145099 0.506521
0.104616 0.0339919 -0.0292982 0.013753 0.0323655 2.70271
0.0842649 0.0707066 0.00859891 -0.0134152 0.0159346 -1.00079
0.0516419 0.0971242 -0.0433746 -0.0216972 0.0484987 -2.67776
0.0114981 0.109397 0.0709001 0.0668694 0.0974594 0.756149
-0.0303201 0.105739 -0.0728731 -0.241926 0.252663 -1.86337
-0.0677228 0.0866812 0.0809974 0.519037 0.525319 1.41599
-0.0952628 0.055 0.0738446 -0.745655 0.749303 -1.47209
# x y Real Imaginary Modulus Phase <-> f = 0 s = 9
-0.0784575 -0.0771 0.87941 -0.0610951 0.88153 -0.0693614
-0.0438624 -0.100877 -0.504828 0.157361 0.528785 2.83943
-0.00287946 -0.109962 0.113887 -0.110404 0.158617 -0.769868
0.0385228 -0.103034 0.00757081 0.0560923 0.0566009 1.43664
0.0743149 -0.0811005 -0.0385328 -0.00445886 0.0387899 -3.02639
0.0992844 -0.0473562 0.0132057 -0.0343682 0.036818 -1.20395
0.109795 -0.00671534 -0.0440131 0.00696766 0.0445612 2.98459
0.104316 0.0349035 0.0238169 0.00296999 0.0240013 0.124061
0.0836447 0.0714393 -0.00751524 0.017841 0.0193592 1.96947
0.0507923 0.0975712 0.0233655 -0.0100765 0.0254457 -0.407158
0.010543 0.109494 -0.0294752 -0.038058 0.0481373 -2.22978
-0.0312417 0.10547 0.0335803 0.11029 0.115289 1.27524
-0.0684766 0.0860869 -0.067772 -0.296867 0.304505 -1.79524
-0.0957391 0.0541666 0.0668777 0.596506 0.600244 1.45915
-0.109059 0.0143579 0.0198976 -0.798463 0.798711 -1.54588
# x y Real Imaginary Modulus Phase <-> f = 0 s = 10
-0.0429804 -0.101256 0.88125 0.132488 0.891154 0.149224
-0.00191976 -0.109983 -0.35617 0.108121 0.37222 2.84687
0.0394205 -0.102694 0.0867016 -0.100631 0.13283 -0.859621
0.0750198 -0.0804489 0.00236694 0.0398074 0.0398777 1.51141
0.0996939 -0.046488 -0.0212454 -0.00521541 0.0218762 -2.90087
0.109849 -0.00575696 0.0275956 -0.00277434 0.0277347 -0.100199
0.104007 0.0358125 -0.0149342 -0.000561293 0.0149447 -3.10403
0.0830181 0.0721665 0.0103561 -0.00891131 0.0136624 -0.71055
0.049939 0.0980107 -0.00643994 -0.030049 0.0307313 -1.78192
0.00958713 0.109581 0.00409169 0.0241493 0.0244934 1.40296
-0.0321609 0.105194 -0.00925743 -0.0305387 0.031911 -1.86513
-0.0692252 0.0854861 0.0401973 0.147425 0.152807 1.3046
-0.0962082 0.0533291 -0.023858 -0.321141 0.322026 -1.64495
-0.10918 0.0134056 0.0428254 0.588241 0.589798 1.49812
-0.106252 -0.0284701 0.127986 -0.778865 0.78931 -1.40793
# x y Real Imaginary Modulus Phase <-> f = 0 s = 11
-0.000959919 -0.109996 0.750191 0.202276 0.776983 0.263369
0.0403151 -0.102346 -0.317912 0.0990695 0.332991 2.8395
0.075719 -0.0797912 0.115189 -0.114077 0.162117 -0.780547
0.100096 -0.0456163 -0.00850873 0.0740572 0.0745444 1.68519
0.109895 -0.00479813 -0.010696 -0.0363998 0.0379388 -1.8566
0.103691 0.0367188 0.00835537 0.0138813 0.0162019 1.02897
0.0823851 0.0728882 -0.00545576 -0.00717848 0.00901643 -2.22068
0.0490818 0.0984428 0.0106031 -0.00397854 0.011325 -0.358966
0.0086305 0.109661 0.00054812 -0.00746285 0.00748295 -1.49748
-0.0330776 0.104909 0.0110465 -0.000857014 0.0110796 -0.0774276
-0.0699686 0.0848787 -0.0242821 -0.0477852 0.0536008 -2.04094
-0.0966699 0.0524875 0.0334218 0.0920729 0.0979512 1.22259
-0.109293 0.0124524 -0.0340568 -0.229511 0.232024 -1.71811
-0.105999 -0.0293962 0.00804619 0.424953 0.425029 1.55186
-0.0872689 -0.0669638 0.286788 -0.688771 0.746091 -1.17625
# x y Real Imaginary Modulus Phase <-> f = 0 s = 12
0.0412067 -0.10199 0.816168 0.199466 0.840189 0.239694
0.0764124 -0.0791274 -0.433137 0.0952046 0.443476 2.92523
0.10049 -0.044741 0.175318 -0.154451 0.233648 -0.722205
0.109933 -0.00383894 -0.0695762 0.104356 0.125424 2.15883
0.103366 0.0376222 0.0404978 -0.055848 0.068986 -0.943394
0.0817459 0.0736044 -0.0201359 0.0122269 0.0235574 2.59588
0.0482208 0.0988673 -0.00145555 -0.00170022 0.00223816 -2.27882
0.00767321 0.109732 0.0117698 0.0120401 0.0168372 0.796749
-0.0339919 0.104616 -0.00581409 -0.00360521 0.00684114 -2.58654
-0.0707066 0.0842649 0.00152966 0.00794491 0.00809082 1.38059
-0.0971242 0.0516419 -0.029952 -0.0193243 0.0356448 -2.56862
-0.109397 0.0114981 0.051292 0.0408978 0.0656011 0.673125
-0.105739 -0.0303201 -0.0868768 -0.119372 0.147639 -2.19993
-0.0866812 -0.0677228 0.020039 0.277088 0.277811 1.4986
-0.055 -0.0952628 0.277531 -0.508017 0.578882 -1.0708
# x y Real Imaginary Modulus Phase <-> f = 0 s = 13
0.0771 -0.0784575 0.951238 0.0416364 0.952149 0.0437429
0.100877 -0.0438624 -0.583244 0.235291 0.628917 2.75814
0.109962 -0.00287946 0.342624 -0.229888 0.412601 -0.590971
0.103034 0.0385228 -0.17598 0.10882 0.206908 2.58778
0.0811005 0.0743149 0.0733458 -0.0338098 0.0807633 -0.431934
0.0473562 0.0992844 -0.0251778 0.000312012 0.0251797 3.1292
0.00671534 0.109795 -0.00193547 -0.0181734 0.0182762 -1.6769
-0.0349035 0.104316 0.0170781 0.0104404 0.0200166 0.54871
-0.0714393 0.0836447 0.00430797 0.00666951 0.00793983 0.997294
-0.0975712 0.0507923 0.00941568 -0.0186991 0.0209359 -1.10432
-0.109494 0.010543 -0.0404216 0.0113926 0.0419964 2.86687
-0.10547 -0.0312417 0.0471147 0.00228732 0.0471702 0.0485099
-0.0860869 -0.0684766 -0.0649274 -0.0653024 0.0920868 -2.35331
-0.0541666 -0.0957391 0.0248756 0.242892 0.244163 1.46874
-0.0143579 -0.109059 0.295363 -0.541872 0.617142 -1.07174
# x y Real Imaginary Modulus Phase <-> f = 0 s = 14
0.101256 -0.0429804 0.743397 -0.0859395 0.748348 -0.115093
0.109983 -0.00191976 -0.565862 0.457807 0.727865 2.46136
0.102694 0.0394205 0.41102 -0.294515 0.505645 -0.621745
0.0804489 0.0750198 -0.217396 0.12678 0.251663 2.61364
0.046488 0.0996939 0.0854118 -0.0394334 0.0940753 -0.43253
0.00575696 0.109849 -0.0177888 0.0158388 0.0238182 2.41412
-0.0358125 0.104007 0.00126744 -0.0137647 0.013823 -1.47898
-0.0721665 0.0830181 0.00428116 0.00681238 0.00804592 1.00973
-0.0980107 0.049939 -0.0125845 0.0169874 0.021141 2.20839
-0.109581 0.00958713 0.00435863 -0.00620182 0.00758025 -0.958195
-0.105194 -0.0321609 0.00130466 0.0195468 0.0195903 1.50415
-0.0854861 -0.0692252 0.0359136 -0.000966606 0.0359266 -0.0269083
-0.0533291 -0.0962082 -0.0624994 -0.0771048 0.0992538 -2.25195
-0.0134056 -0.10918 -0.0048919 0.306865 0.306904 1.58674
0.0284701 -0.106252 0.322556 -0.718916 0.787961 -1.14905
# x y Real Imaginary Modulus Phase <-> f = 0 s = 15
0.109996 -0.000959919 0.650617 3.73409e-06 0.650617 5.73931e-06
0.102346 0.0403151 -0.526499 0.437733 0.684698 2.44799
0.0797912 0.075719 0.356416 -0.284623 0.456117 -0.673868
0.0456163 0.100096 -0.15371 0.142782 0.209794 2.39303
0.00479813 0.109895 0.0380059 -0.0641272 0.0745436 -1.03579
-0.0367188 0.103691 0.00682437 0.0162441 0.0176194 1.17307
-0.0728882 0.0823851 -0.0163084 -0.0135057 0.0211747 -2.44992
-0.0984428 0.0490818 -0.00313234 0.000633726 0.0031958 2.94197
-0.109661 0.0086305 -0.0162996 0.0258744 0.0305804 2.13295
-0.104909 -0.0330776 -0.0117485 -0.0243396 0.0270267 -2.0205
-0.0848787 -0.0699686 -0.0176605 0.00605316 0.0186691 2.81139
-0.0524875 -0.0966699 0.0472516 0.0178585 0.0505138 0.361349
-0.0124524 -0.109293 -0.0860481 -0.144091 0.167829 -2.10914
0.0293962 -0.105999 -0.0109135 0.470999 0.471125 1.59396
0.0669638 -0.0872689 0.0595106 -0.774661 0.776944 -1.49413
