# x y Real Imaginary Modulus Phase <-> f = 0 s = 0
0.10199 0.0412067 0.73445 -0.0331011 0.735196 -0.0450387
0.0791274 0.0764124 -0.570365 0.330819 0.659362 2.616
0.044741 0.10049 0.293248 -0.234709 0.37561 -0.674971
0.00383894 0.109933 -0.0949767 0.106286 0.142538 2.30006
-0.0376222 0.103366 0.012859 -0.050546 0.0521561 -1.32168
-0.0736044 0.0817459 0.00369404 0.00894874 0.00968121 1.1793
-0.0988673 0.0482208 -0.0267303 -0.00115427 0.0267552 -3.09844
-0.109732 0.00767321 0.00480329 0.00445283 0.00654975 0.747554
-0.104616 -0.0339919 -0.0178293 0.0152394 0.0234548 2.43435
-0.0842649 -0.0707066 0.0100507 -0.0229814 0.0250831 -1.15852
-0.0516419 -0.0971242 -0.0260933 0.00994023 0.0279225 2.77762
-0.0114981 -0.109397 0.056753 0.0637096 0.0853218 0.843083
0.0303201 -0.105739 -0.0457761 -0.283232 0.286907 -1.73103
0.0677228 -0.0866812 0.128915 0.640877 0.653715 1.37229
0.0952628 -0.055 -0.0144366 -0.638142 0.638306 -1.59342
# x y Real Imaginary Modulus Phase <-> f = 0 s = 1
0.0784575 0.0771 0.820474 -0.0837265 0.824735 -0.101695
0.0438624 0.100877 -0.578773 0.268619 0.638071 2.70706
0.00287946 0.109962 0.234636 -0.181148 0.296426 -0.657458
-0.0385228 0.103034 -0.0540643 0.104906 0.118018 2.04666
-0.0743149 0.0811005 -0.00193244 -0.0426816 0.0427253 -1.61604
-0.0992844 0.0473562 7.09457e-05 0.0103222 0.0103225 1.56392
-0.109795 0.00671534 -0.0225874 0.00312951 0.0228032 3.00392
-0.104316 -0.0349035 0.0102019 0.00758233 0.012711 0.639153
-0.0836447 -0.0714393 -0.0161805 0.0210095 0.0265181 2.22707
-0.0507923 -0.0975712 0.011706 -0.00564324 0.0129953 -0.44921
-0.010543 -0.109494 -0.0277299 -0.0357084 0.045211 -2.23108
0.0312417 -0.10547 0.0115152 0.142551 0.143015 1.49019
0.0684766 -0.0860869 -0.0543068 -0.395722 0.399431 -1.70718
0.0957391 -0.0541666 0.186453 0.634129 0.660972 1.28482
0.109059 -0.0143579 0.0376654 -0.687784 0.688815 -1.51609
# x y Real Imaginary Modulus Phase <-> f = 0 s = 2
0.0429804 0.101256 0.874023 -0.0823245 0.877892 -0.0939133
0.00191976 0.109983 -0.524236 0.183654 0.555475 2.80463
-0.0394205 0.102694 0.18641 -0.176493 0.256707 -0.758078
-0.0750198 0.0804489 -0.037536 0.0984331 0.105347 1.93511
-0.0996939 0.046488 0.0010053 -0.0434824 0.043494 -1.54768
-0.109849 0.00575696 0.010049 0.0076874 0.0126522 0.653027
-0.104007 -0.0358125 -0.0157415 -0.00328358 0.0160804 -2.93595
-0.0830181 -0.0721665 0.0127424 0.0119765 0.0174873 0.754424
-0.049939 -0.0980107 -0.00830357 0.00685633 0.0107684 2.45137
-0.00958713 -0.109581 0.00593171 0.0083314 0.0102273 0.952082
0.0321609 -0.105194 0.00566907 -0.0517348 0.0520445 -1.46165
0.0692252 -0.0854861 0.00768446 0.177957 0.178122 1.52764
0.0962082 -0.0533291 -0.0875825 -0.359795 0.370301 -1.80958
0.10918 -0.0134056 0.104605 0.568059 0.57761 1.38869
0.106252 0.0284701 0.101478 -0.772646 0.779281 -1.44021
# x y Real Imaginary Modulus Phase <-> f = 0 s = 3
0.000959919 0.109996 0.904916 0.00759602 0.904948 0.00839397
-0.0403151 0.102346 -0.482644 0.199386 0.522206 2.74983
-0.075719 0.0797912 0.174981 -0.166424 0.241486 -0.760341
-0.100096 0.0456163 -0.046535 0.0999426 0.110245 2.00656
-0.109895 0.00479813 -6.02844e-05 -0.0456595 0.0456596 -1.57212
-0.103691 -0.0367188 0.00655731 0.0194027 0.0204808 1.24489
-0.0823851 -0.0728882 -0.00835934 -0.00821217 0.0117183 -2.36508
-0.0490818 -0.0984428 0.0110233 0.00284643 0.0113849 0.252699
-0.0086305 -0.109661 -0.00737268 -0.000719792 0.00740773 -3.04427
0.0330776 -0.104909 -0.00120443 0.0110167 0.0110824 1.67969
0.0699686 -0.0848787 0.00748746 -0.0678393 0.0682512 -1.46087
0.0966699 -0.0524875 0.0408583 0.155293 0.160578 1.31352
0.109293 -0.0124524 -0.0788153 -0.287553 0.298158 -1.83832
0.105999 0.0293962 0.0470125 0.528345 0.530433 1.48205
0.0872689 0.0669638 0.148955 -0.79096 0.804864 -1.38465
# x y Real Imaginary Modulus Phase <-> f = 0 s = 4
-0.0412067 0.10199 0.880539 -0.0150707 0.880668 -0.0171137
-0.0764124 0.0791274 -0.47935 0.176334 0.510755 2.7891
-0.10049 0.044741 0.200128 -0.169108 0.262009 -0.701582
-0.109933 0.00383894 -0.0636291 0.102846 0.120938 2.12484
-0.103366 -0.0376222 0.0220386 -0.049794 0.0544532 -1.15412
-0.0817459 -0.0736044 -0.00676484 0.0172352 0.0185153 1.94482
-0.0482208 -0.0988673 -0.00113485 -0.00330792 0.00349718 -1.90128
-0.00767321 -0.109732 0.00899368 4.22449e-05 0.00899378 0.00469714
0.0339919 -0.104616 -0.00511299 -0.00177607 0.00541268 -2.80727
0.0707066 -0.0842649 0.00824311 0.0186847 0.0204222 1.15531
0.0971242 -0.0516419 -0.0264276 -0.0400117 0.0479516 -2.15451
0.109397 -0.0114981 0.0494575 0.0930759 0.1054 1.08237
0.105739 0.0303201 -0.0664888 -0.21226 0.22243 -1.87436
0.0866812 0.0677228 0.0102671 0.443201 0.44332 1.54763
0.055 0.0952628 0.228279 -0.740794 0.775169 -1.27188
# x y Real Imaginary Modulus Phase <-> f = 0 s = 5
-0.0771 0.0784575 0.907392 -0.022472 0.90767 -0.0247604
-0.100877 0.0438624 -0.556691 0.222822 0.599629 2.76086
-0.109962 0.00287946 0.265806 -0.211607 0.339751 -0.672357
-0.103034 -0.0385228 -0.130734 0.120215 0.177604 2.39809
-0.0811005 -0.0743149 0.0584892 -0.0405693 0.0711818 -0.606431
-0.0473562 -0.0992844 -0.0138993 0.0103443 0.0173262 2.50179
-0.00671534 -0.109795 -0.00293982 -0.003351 0.00445777 -2.29093
0.0349035 -0.104316 0.0132828 0.004461 0.0140119 0.324012
0.0714393 -0.0836447 -0.012001 -0.00212197 0.0121872 -2.96659
0.0975712 -0.0507923 0.0188728 0.00581456 0.0197482 0.298864
0.109494 -0.010543 -0.0306306 -0.0205341 0.0368766 -2.55102
0.10547 0.0312417 0.0591072 0.0627568 0.0862095 0.815338
0.0860869 0.0684766 -0.0833827 -0.174733 0.193609 -2.01604
0.0541666 0.0957391 0.0372803 0.405811 0.40752 1.47919
0.0143579 0.109059 0.196485 -0.727419 0.753488 -1.30698
# x y Real Imaginary Modulus Phase <-> f = 0 s = 6
-0.101256 0.0429804 0.853596 -0.0495062 0.855031 -0.0579323
-0.109983 0.00191976 -0.551781 0.311977 0.633871 2.627
-0.102694 -0.0394205 0.316638 -0.239761 0.397171 -0.648099
-0.0804489 -0.0750198 -0.151828 0.0997604 0.18167 2.56027
-0.046488 -0.0996939 0.0390318 -0.0386687 0.0549431 -0.780724
-0.00575696 -0.109849 0.0016474 0.0186981 0.0187705 1.48292
0.0358125 -0.104007 -0.0122644 0.000213327 0.0122662 3.1242
0.0721665 -0.0830181 0.0175921 0.00920476 0.0198547 0.482061
0.0980107 -0.049939 -0.0201686 0.0048702 0.0207483 2.90465
0.109581 -0.00958713 0.00660603 -0.00482738 0.00818189 -0.631069
0.105194 0.0321609 -0.0287163 -0.018395 0.0341029 -2.57187
0.0854861 0.0692252 0.0621597 0.046686 0.0777393 0.644183
0.0533291 0.0962082 -0.079834 -0.153787 0.173274 -2.04962
0.0134056 0.10918 0.0306122 0.389814 0.391014 1.49243
-0.0284701 0.106252 0.234181 -0.755332 0.790802 -1.27016
# x y Real Imaginary Modulus Phase <-> f = 0 s = 7
-0.109996 0.000959919 0.767097 -0.0775902 0.771011 -0.100805
-0.102346 -0.0403151 -0.616879 0.352027 0.710256 2.62303
-0.0797912 -0.075719 0.348089 -0.212419 0.407784 -0.547917
-0.0456163 -0.100096 -0.115979 0.0782441 0.139905 2.54809
-0.00479813 -0.109895 0.00350318 -0.044962 0.0450983 -1.49304
0.0367188 -0.103691 0.00595392 0.0125566 0.0138967 1.12803
0.0728882 -0.0823851 -0.0265106 -0.00341433 0.0267296 -3.01351
0.0984428 -0.0490818 0.0131673 0.00338269 0.0135948 0.251464
0.109661 -0.0086305 -0.0242599 0.0137492 0.0278852 2.62598
0.104909 0.0330776 0.00775902 -0.00378402 0.00863257 -0.453754
0.0848787 0.0699686 -0.0263297 -0.0136624 0.0296633 -2.66294
0.0524875 0.0966699 0.0588266 0.0490428 0.0765883 0.694945
0.0124524 0.109293 -0.0776097 -0.179176 0.195262 -1.97955
-0.0293962 0.105999 0.0153097 0.463138 0.463391 1.53775
-0.0669638 0.0872689 0.144291 -0.776684 0.789974 -1.38711
# x y Real Imaginary Modulus Phase <-> f = 0 s = 8
-0.10199 -0.0412067 0.726662 -0.147926 0.741566 -0.200825
-0.0791274 -0.0764124 -0.625774 0.320595 0.703118 2.66814
-0.044741 -0.10049 0.260274 -0.170525 0.311161 -0.580003
-0.00383894 -0.109933 -0.0265941 0.0900622 0.0939066 1.85792
0.0376222 -0.103366 -0.0323827 -0.0272187 0.0423024 -2.44262
0.0736044 -0.0817459 0.0209487 -0.00146418 0.0209998 -0.0697803
0.0988673 -0.0482208 -0.0380874 0.00849556 0.0390233 2.92213
0.109732 -0.00767321 0.00619848 -0.0010426 0.00628556 -0.166642
0.104616 0.0339919 -0.0260905 0.002128 0.0261772 3.06021
0.0842649 0.0707066 0.00498733 -0.00533715 0.0073047 -0.819268
0.0516419 0.0971242 -0.0331908 -0.0139116 0.0359884 -2.7447
0.0114981 0.109397 0.0664432 0.0589667 0.0888357 0.725852
-0.0303201 0.105739 -0.07867 -0.241125 0.253634 -1.88617
-0.0677228 0.0866812 0.0819401 0.530892 0.537178 1.41766
-0.0952628 0.055 0.0651118 -0.742679 0.745528 -1.48335
# x y Real Imaginary Modulus Phase <-> f = 0 s = 9
-0.0784575 -0.0771 0.866112 -0.0592548 0.868137 -0.0683083
-0.0438624 -0.100877 -0.510367 0.146 0.530839 2.86297
-0.00287946 -0.109962 0.114301 -0.137722 0.178975 -0.878063
0.0385228 -0.103034 0.0183187 0.0565341 0.059428 1.25744
0.0743149 -0.0811005 -0.0309402 -0.0224734 0.0382407 -2.5134
0.0992844 -0.0473562 0.0324918 -0.010488 0.0341426 -0.312231
0.109795 -0.00671534 -0.0335065 0.00420877 0.0337698 3.01664
0.104316 0.0349035 0.004711 0.0182653 0.018863 1.31838
0.0836447 0.0714393 -0.0114863 0.00531653 0.012657 2.7081
0.0507923 0.0975712 0.0181216 -0.00109577 0.0181547 -0.0603938
0.010543 0.109494 -0.0243931 -0.0310321 0.0394717 -2.23698
-0.0312417 0.10547 0.0357206 0.114054 0.119516 1.26728
-0.0684766 0.0860869 -0.0750727 -0.299897 0.309151 -1.81608
-0.0957391 0.0541666 0.0797014 0.590618 0.595971 1.43666
-0.109059 0.0143579 0.0067357 -0.799144 0.799173 -1.56237
# x y Real Imaginary Modulus Phase <-> f = 0 s = 10
-0.0429804 -0.101256 0.902322 0.131757 0.911891 0.144995
-0.00191976 -0.109983 -0.347576 0.108546 0.364131 2.8389
0.0394205 -0.102694 0.0678952 -0.120873 0.138637 -1.05901
0.0750198 -0.0804489 0.0078307 0.0555365 0.0560858 1.43072
0.0996939 -0.046488 -0.0353826 -0.0117045 0.0372683 -2.82213
0.109849 -0.00575696 0.0221407 -0.00191939 0.0222238 -0.0864744
0.104007 0.0358125 -0.0285158 0.0046877 0.0288986 2.97866
0.0830181 0.0721665 0.0124954 0.0101363 0.0160897 0.681536
0.049939 0.0980107 -0.0069977 0.00108853 0.00708186 2.98727
0.00958713 0.109581 0.0118784 0.00953304 0.0152308 0.676293
-0.0321609 0.105194 -0.020283 -0.0457964 0.050087 -1.98773
-0.0692252 0.0854861 0.0192638 0.129927 0.131347 1.4236
-0.0962082 0.0533291 -0.0410791 -0.309046 0.311764 -1.70294
-0.10918 0.0134056 0.0428177 0.605828 0.60734 1.50024
-0.106252 -0.0284701 0.122129 -0.77773 0.787261 -1.41504
# x y Real Imaginary Modulus Phase <-> f = 0 s = 11
-0.000959919 -0.109996 0.771387 0.209612 0.799359 0.265327
0.0403151 -0.102346 -0.313209 0.0870987 0.325094 2.87036
0.075719 -0.0797912 0.103734 -0.1251 0.162514 -0.878497
0.100096 -0.0456163 -0.00911909 0.0762115 0.0767551 1.68989
0.109895 -0.00479813 -0.00943021 -0.03226 0.0336101 -1.85519
0.103691 0.0367188 0.00895295 0.0126186 0.0154721 0.953721
0.0823851 0.0728882 -0.00407158 -0.00672006 0.00785728 -2.11553
0.0490818 0.0984428 0.01046 -0.00161789 0.0105844 -0.153457
0.0086305 0.109661 0.00279461 -0.00499874 0.00572689 -1.06102
-0.0330776 0.104909 0.00442429 0.0074688 0.00868086 1.03601
-0.0699686 0.0848787 -0.0136177 -0.0437481 0.0458186 -1.87257
-0.0966699 0.0524875 0.0241512 0.0966583 0.0996298 1.32595
-0.109293 0.0124524 -0.0471915 -0.226227 0.231097 -1.77645
-0.105999 -0.0293962 -0.000126305 0.421784 0.421784 1.5711
-0.0872689 -0.0669638 0.290966 -0.679782 0.739436 -1.16636
# x y Real Imaginary Modulus Phase <-> f = 0 s = 12
0.0412067 -0.10199 0.818296 0.195912 0.841422 0.234991
0.0764124 -0.0791274 -0.422172 0.102035 0.434327 2.90445
0.10049 -0.044741 0.17155 -0.149806 0.227753 -0.717839
0.109933 -0.00383894 -0.0736826 0.10392 0.127391 2.18756
0.103366 0.0376222 0.0370319 -0.051498 0.0634304 -0.94737
0.0817459 0.0736044 -0.0139574 0.0119736 0.0183896 2.43255
0.0482208 0.0988673 0.000375691 -0.00334757 0.00336858 -1.45904
0.00767321 0.109732 0.00312922 0.0031984 0.00447457 0.796331
-0.0339919 0.104616 -0.0041948 0.00430299 0.00600933 2.34346
-0.0707066 0.0842649 0.0115539 0.00834949 0.0142551 0.625769
-0.0971242 0.0516419 -0.0293186 -0.0140417 0.0325076 -2.69494
-0.109397 0.0114981 0.0576182 0.038791 0.0694594 0.592541
-0.105739 -0.0303201 -0.0871817 -0.104619 0.136183 -2.26553
-0.0866812 -0.0677228 0.024697 0.276892 0.277992 1.48184
-0.055 -0.0952628 0.273259 -0.511853 0.580228 -1.08043
# x y Real Imaginary Modulus Phase <-> f = 0 s = 13
0.0771 -0.0784575 0.945279 0.037829 0.946035 0.0399976
0.100877 -0.0438624 -0.580604 0.243459 0.629581 2.74454
0.109962 -0.00287946 0.338083 -0.226618 0.407008 -0.590517
0.103034 0.0385228 -0.186541 0.109678 0.216395 2.61007
0.0811005 0.0743149 0.0863419 -0.0314567 0.0918936 -0.349381
0.0473562 0.0992844 -0.0293597 -0.00158729 0.0294025 -3.08758
0.00671534 0.109795 0.0034376 0.00347168 0.00488566 0.79033
-0.0349035 0.104316 0.00837638 0.00787351 0.0114959 0.754462
-0.0714393 0.0836447 -0.00466727 0.0137858 0.0145545 1.89724
-0.0975712 0.0507923 0.00458099 -0.0100225 0.0110198 -1.14208
-0.109494 0.010543 -0.0272803 0.00280151 0.0274238 3.03926
-0.10547 -0.0312417 0.0571493 -0.00190776 0.0571811 -0.0333697
-0.0860869 -0.0684766 -0.0733496 -0.066604 0.0990771 -2.40436
-0.0541666 -0.0957391 0.024172 0.234729 0.23597 1.46818
-0.0143579 -0.109059 0.304141 -0.532735 0.613439 -1.05205
# x y Real Imaginary Modulus Phase <-> f = 0 s = 14
0.101256 -0.0429804 0.743288 -0.0944875 0.74927 -0.126443
0.109983 -0.00191976 -0.577012 0.446622 0.729667 2.48289
0.102694 0.0394205 0.409302 -0.298422 0.506541 -0.62999
0.0804489 0.0750198 -0.214407 0.119721 0.245567 2.63234
0.046488 0.0996939 0.0880528 -0.0413162 0.0972642 -0.438722
0.00575696 0.109849 -0.0263618 0.0236141 0.0353917 2.41112
-0.0358125 0.104007 -0.00266253 -0.0102829 0.010622 -1.82416
-0.0721665 0.0830181 0.00901386 0.00961571 0.01318 0.817693
-0.0980107 0.049939 -0.0108514 0.0175634 0.0206453 2.12423
-0.109581 0.00958713 0.00384637 -0.0264967 0.0267745 -1.42664
-0.105194 -0.0321609 -0.0187474 0.0247723 0.0310666 2.21863
-0.0854861 -0.0692252 0.0435558 -0.00527992 0.0438747 -0.120633
-0.0533291 -0.0962082 -0.0754928 -0.0778505 0.108443 -2.34082
-0.0134056 -0.10918 0.00615334 0.308256 0.308317 1.55084
0.0284701 -0.106252 0.313212 -0.725939 0.790625 -1.16347
# x y Real Imaginary Modulus Phase <-> f = 0 s = 15
0.109996 -0.000959919 0.655633 0.0209565 0.655968 0.0319528
0.102346 0.0403151 -0.532497 0.441484 0.691709 2.44937
0.0797912 0.075719 0.345201 -0.284645 0.447422 -0.68955
0.0456163 0.100096 -0.157182 0.136109 0.207923 2.42792
0.00479813 0.109895 0.036973 -0.0528039 0.0644612 -0.959939
-0.0367188 0.103691 -0.0013376 0.0229083 0.0229473 1.62912
-0.0728882 0.0823851 -0.0130647 -0.00293775 0.0133909 -2.92041
-0.0984428 0.0490818 0.00582752 0.00767436 0.00963617 0.921338
-0.109661 0.0086305 -0.021173 0.0222687 0.0307276 2.33098
-0.104909 -0.0330776 -0.00111799 -0.0334197 0.0334384 -1.60424
-0.0848787 -0.0699686 -0.00660351 0.0240609 0.0249506 1.83865
-0.0524875 -0.0966699 0.0527425 0.0105324 0.0537839 0.197102
-0.0124524 -0.109293 -0.0832222 -0.143931 0.166259 -2.09504
0.0293962 -0.105999 0.0081878 0.477385 0.477456 1.55365
0.0669638 -0.0872689 0.0774095 -0.787845 0.791638 -1.47286
