# x y Real Imaginary Modulus Phase <-> f = 0 s = 0
0.10199 0.0412067 0.718841 -0.0254477 0.719292 -0.0353862
0.0791274 0.0764124 -0.561775 0.326702 0.649865 2.61485
0.044741 0.10049 0.3242 -0.22279 0.393371 -0.602083
0.00383894 0.109933 -0.102557 0.1017 0.144433 2.36039
-0.0376222 0.103366 0.000300559 -0.0574829 0.0574837 -1.56557
-0.0736044 0.0817459 0.0009284 0.0200452 0.0200667 1.52451
-0.0988673 0.0482208 -0.00916808 0.00295893 0.00963374 2.8294
-0.109732 0.00767321 -0.0101519 0.0256123 0.0275509 1.94817
-0.104616 -0.0339919 -0.0125141 0.0220328 0.0253387 2.08733
-0.0842649 -0.0707066 -0.00394514 -0.022558 0.0229003 -1.74393
-0.0516419 -0.0971242 -0.0193611 0.0222884 0.0295233 2.28603
-0.0114981 -0.109397 0.0842079 0.0648134 0.106263 0.65598
0.0303201 -0.105739 -0.0520521 -0.248457 0.253851 -1.77731
0.0677228 -0.0866812 0.122525 0.647954 0.659437 1.38391
0.0952628 -0.055 -0.00113915 -0.640017 0.640018 -1.57258
# x y Real Imaginary Modulus Phase <-> f = 0 s = 1
0.0784575 0.0771 0.81841 -0.0816032 0.822468 -0.0993809
0.0438624 0.100877 -0.599822 0.274846 0.659793 2.71193
0.00287946 0.109962 0.231224 -0.175108 0.290047 -0.648161
-0.0385228 0.103034 -0.0683973 0.0927444 0.115238 2.20624
-0.0743149 0.0811005 0.0014247 -0.0418262 0.0418504 -1.53675
-0.0992844 0.0473562 -0.00452517 0.0111652 0.0120474 1.95586
-0.109795 0.00671534 -0.0200393 -0.00554 0.020791 -2.87187
-0.104316 -0.0349035 0.0148887 0.00777911 0.0167985 0.481472
-0.0836447 -0.0714393 -0.0189035 0.0184273 0.026399 2.36895
-0.0507923 -0.0975712 0.00956081 0.00146411 0.00967227 0.151956
-0.010543 -0.109494 -0.0267255 -0.024633 0.0363461 -2.39691
0.0312417 -0.10547 -0.00586143 0.128152 0.128286 1.6165
0.0684766 -0.0860869 -0.0713114 -0.384541 0.391097 -1.75416
0.0957391 -0.0541666 0.194084 0.625107 0.654544 1.26975
0.109059 -0.0143579 0.0284219 -0.68392 0.68451 -1.52926
# x y Real Imaginary Modulus Phase <-> f = 0 s = 2
0.0429804 0.101256 0.873235 -0.0933187 0.878207 -0.106461
0.00191976 0.109983 -0.522066 0.18816 0.554939 2.79567
-0.0394205 0.102694 0.193401 -0.176809 0.26204 -0.740611
-0.0750198 0.0804489 -0.0339706 0.107489 0.112729 1.8769
-0.0996939 0.046488 0.00824654 -0.0496319 0.0503123 -1.40615
-0.109849 0.00575696 0.00540013 0.00580648 0.00792948 0.821642
-0.104007 -0.0358125 -0.00329366 -0.00406944 0.00523531 -2.25122
-0.0830181 -0.0721665 0.0192756 0.00948744 0.0214839 0.457389
-0.049939 -0.0980107 -0.00919935 0.00556193 0.01075 2.5978
-0.00958713 -0.109581 0.0064849 0.0128759 0.0144167 1.10424
0.0321609 -0.105194 -0.00307729 -0.0589024 0.0589827 -1.62299
0.0692252 -0.0854861 0.00639793 0.184574 0.184685 1.53615
0.0962082 -0.0533291 -0.0858181 -0.360689 0.370757 -1.80438
0.10918 -0.0134056 0.0968016 0.563612 0.571865 1.4007
0.106252 0.0284701 0.102865 -0.783244 0.78997 -1.44021
# x y Real Imaginary Modulus Phase <-> f = 0 s = 3
0.000959919 0.109996 0.902605 0.0166339 0.902758 0.0184267
-0.0403151 0.102346 -0.478979 0.203856 0.520555 2.73921
-0.075719 0.0797912 0.175857 -0.167373 0.242774 -0.760684
-0.100096 0.0456163 -0.0477588 0.102197 0.112805 2.00796
-0.109895 0.00479813 -0.000739619 -0.0500014 0.0500069 -1.58559
-0.103691 -0.0367188 0.0132003 0.0218004 0.0254854 1.02634
-0.0823851 -0.0728882 -0.00213591 -0.00489191 0.00533788 -1.98247
-0.0490818 -0.0984428 0.0187137 0.00518769 0.0194195 0.270423
-0.0086305 -0.109661 -0.013311 -0.004019 0.0139045 -2.84836
0.0330776 -0.104909 0.00273961 0.0165613 0.0167864 1.40686
0.0699686 -0.0848787 0.00645077 -0.0637179 0.0640436 -1.4699
0.0966699 -0.0524875 0.03878 0.157975 0.162666 1.33007
0.109293 -0.0124524 -0.0796958 -0.285356 0.296276 -1.84314
0.105999 0.0293962 0.0522002 0.519491 0.522107 1.47065
0.0872689 0.0669638 0.143159 -0.784762 0.797713 -1.39036
# x y Real Imaginary Modulus Phase <-> f = 0 s = 4
-0.0412067 0.10199 0.873776 -0.0122399 0.873861 -0.0140072
-0.0764124 0.0791274 -0.479592 0.172339 0.509617 2.79662
-0.10049 0.044741 0.19208 -0.168482 0.255501 -0.720042
-0.109933 0.00383894 -0.0642678 0.0965477 0.115982 2.1581
-0.103366 -0.0376222 0.0184714 -0.0528854 0.0560183 -1.23477
-0.0817459 -0.0736044 -0.0105575 0.0168216 0.0198602 2.13128
-0.0482208 -0.0988673 -0.00149626 -0.00167343 0.00224481 -2.30036
-0.00767321 -0.109732 0.0141858 -0.000104824 0.0141862 -0.0073892
0.0339919 -0.104616 0.000862278 0.00235544 0.00250831 1.21987
0.0707066 -0.0842649 0.00866928 0.0238112 0.0253403 1.22163
0.0971242 -0.0516419 -0.0288396 -0.043607 0.0522809 -2.15511
0.109397 -0.0114981 0.0562365 0.0925766 0.108319 1.02491
0.105739 0.0303201 -0.0635729 -0.205262 0.214882 -1.87114
0.0866812 0.0677228 0.0118705 0.438854 0.439014 1.54375
0.055 0.0952628 0.230244 -0.744773 0.77955 -1.27097
# x y Real Imaginary Modulus Phase <-> f = 0 s = 5
-0.0771 0.0784575 0.904186 -0.0164889 0.904337 -0.0182341
-0.100877 0.0438624 -0.553705 0.217934 0.59505 2.76662
-0.109962 0.00287946 0.279855 -0.206176 0.347603 -0.63495
-0.103034 -0.0385228 -0.133344 0.11811 0.178131 2.41671
-0.0811005 -0.0743149 0.0541523 -0.0424542 0.0688101 -0.664895
-0.0473562 -0.0992844 -0.016199 0.00251566 0.0163932 2.98753
-0.00671534 -0.109795 0.0079165 -0.00248106 0.00829618 -0.303708
0.0349035 -0.104316 0.0109727 0.00786328 0.0134993 0.621797
0.0714393 -0.0836447 -0.0148919 -0.00169302 0.0149878 -3.02839
0.0975712 -0.0507923 0.0162136 -0.0049285 0.0169462 -0.295097
0.109494 -0.010543 -0.0304375 -0.0205343 0.0367164 -2.54809
0.10547 0.0312417 0.0557006 0.057243 0.0798706 0.799054
0.0860869 0.0684766 -0.0885864 -0.17997 0.200591 -2.02821
0.0541666 0.0957391 0.0323865 0.413589 0.414855 1.49265
0.0143579 0.109059 0.20051 -0.730382 0.757405 -1.30287
# x y Real Imaginary Modulus Phase <-> f = 0 s = 6
-0.101256 0.0429804 0.851751 -0.0619009 0.853998 -0.0725473
-0.109983 0.00191976 -0.549182 0.30372 0.627572 2.63642
-0.102694 -0.0394205 0.324108 -0.243787 0.405559 -0.644894
-0.0804489 -0.0750198 -0.144003 0.0928165 0.171323 2.56906
-0.046488 -0.0996939 0.049827 -0.0470376 0.068522 -0.756609
-0.00575696 -0.109849 -0.0250189 -0.000155608 0.0250194 -3.13537
0.0358125 -0.104007 0.0052196 -0.00986726 0.0111628 -1.08423
0.0721665 -0.0830181 0.00794853 0.0158287 0.0177123 1.10542
0.0980107 -0.049939 -0.00650405 -0.00259423 0.00700233 -2.76207
0.109581 -0.00958713 0.0186923 0.0160618 0.0246451 0.709851
0.105194 0.0321609 -0.00699178 -0.0105216 0.0126329 -2.15731
0.0854861 0.0692252 0.0646713 0.0547863 0.084758 0.702837
0.0533291 0.0962082 -0.0724485 -0.163599 0.178923 -1.98768
0.0134056 0.10918 0.0409304 0.399377 0.401469 1.46867
-0.0284701 0.106252 0.242225 -0.749129 0.787317 -1.25806
# x y Real Imaginary Modulus Phase <-> f = 0 s = 7
-0.109996 0.000959919 0.768984 -0.0923483 0.774509 -0.119519
-0.102346 -0.0403151 -0.622133 0.355178 0.71638 2.62284
-0.0797912 -0.075719 0.341902 -0.215451 0.404124 -0.562297
-0.0456163 -0.100096 -0.121141 0.0739942 0.141952 2.59326
-0.00479813 -0.109895 0.0316982 -0.0276731 0.0420782 -0.717708
0.0367188 -0.103691 -0.0098106 -0.00941765 0.0135993 -2.37663
0.0728882 -0.0823851 -0.0269265 0.0128413 0.0298318 2.69659
0.0984428 -0.0490818 -0.0235863 -0.00398308 0.0239203 -2.9743
0.109661 -0.0086305 -0.0361755 0.0352675 0.0505219 2.3689
0.104909 0.0330776 0.0109086 -0.0163526 0.0196572 -0.982504
0.0848787 0.0699686 -0.0597156 0.00649917 0.0600682 3.03318
0.0524875 0.0966699 0.0754094 0.0641564 0.0990082 0.704944
0.0124524 0.109293 -0.0579969 -0.151565 0.162282 -1.93626
-0.0293962 0.105999 0.00427128 0.478074 0.478093 1.56186
-0.0669638 0.0872689 0.123604 -0.773199 0.783017 -1.41228
# x y Real Imaginary Modulus Phase <-> f = 0 s = 8
-0.10199 -0.0412067 0.741829 -0.116252 0.750883 -0.155446
-0.0791274 -0.0764124 -0.635798 0.335813 0.719033 2.65566
-0.044741 -0.10049 0.28294 -0.201722 0.347486 -0.619365
-0.00383894 -0.109933 -0.0290674 0.0787838 0.083975 1.92425
0.0376222 -0.103366 -0.029977 -0.0311377 0.0432224 -2.3372
0.0736044 -0.0817459 0.0109185 -0.00101288 0.0109654 -0.092503
0.0988673 -0.0482208 -0.0502091 0.0357273 0.0616229 2.52314
0.109732 -0.00767321 -0.0193381 0.0136762 0.0236854 2.52604
0.104616 0.0339919 -0.0287302 0.00862383 0.0299965 2.84998
0.0842649 0.0707066 0.012036 0.0241824 0.0270121 1.10898
0.0516419 0.0971242 -0.0618002 0.00929148 0.0624947 2.99236
0.0114981 0.109397 0.0508327 0.0475911 0.0696338 0.752475
-0.0303201 0.105739 -0.0796408 -0.209737 0.224349 -1.9337
-0.0677228 0.0866812 0.0840195 0.48695 0.494145 1.39994
-0.0952628 0.055 0.0675771 -0.734398 0.737501 -1.47904
# x y Real Imaginary Modulus Phase <-> f = 0 s = 9
-0.0784575 -0.0771 0.853684 -0.0256479 0.854069 -0.0300347
-0.0438624 -0.100877 -0.491853 0.146665 0.513254 2.8518
-0.00287946 -0.109962 0.106408 -0.153922 0.187122 -0.965927
0.0385228 -0.103034 -0.00924222 0.0426895 0.0436785 1.784
0.0743149 -0.0811005 -0.00755188 0.000676322 0.0075821 3.05227
0.0992844 -0.0473562 0.0191313 -0.0302722 0.0358108 -1.0072
0.109795 -0.00671534 -0.0471343 -0.0159516 0.0497604 -2.81526
0.104316 0.0349035 0.0178982 0.0457707 0.0491457 1.19804
0.0836447 0.0714393 -0.041292 -0.0224213 0.0469866 -2.64414
0.0507923 0.0975712 -0.0115275 0.00545859 0.0127545 2.69935
0.010543 0.109494 -0.0165627 -0.037182 0.0407041 -1.98986
-0.0312417 0.10547 0.0114158 0.118188 0.118738 1.4745
-0.0684766 0.0860869 -0.0812589 -0.295005 0.305992 -1.83958
-0.0957391 0.0541666 0.0564017 0.583389 0.586109 1.47442
-0.109059 0.0143579 -0.00974027 -0.789251 0.789311 -1.58314
# x y Real Imaginary Modulus Phase <-> f = 0 s = 10
-0.0429804 -0.101256 0.881307 0.129634 0.89079 0.146046
-0.00191976 -0.109983 -0.358519 0.0923311 0.370218 2.88954
0.0394205 -0.102694 0.0586872 -0.136747 0.148809 -1.1654
0.0750198 -0.0804489 -0.00704819 0.0562044 0.0566446 1.69555
0.0996939 -0.046488 -0.0309312 -0.00154721 0.0309698 -3.09161
0.109849 -0.00575696 0.031724 0.00467924 0.0320672 0.146443
0.104007 0.0358125 -0.051482 -0.023157 0.0564504 -2.7189
0.0830181 0.0721665 0.029354 -0.0231971 0.0374134 -0.668771
0.049939 0.0980107 -0.0296962 0.0285331 0.0411825 2.37617
0.00958713 0.109581 -0.00199776 0.0450836 0.0451278 1.61508
-0.0321609 0.105194 -0.00575479 -0.0320474 0.03256 -1.74847
-0.0692252 0.0854861 0.0424921 0.138294 0.144675 1.27269
-0.0962082 0.0533291 -0.0559346 -0.299533 0.304711 -1.75541
-0.10918 0.0134056 0.0913223 0.583949 0.591047 1.41567
-0.106252 -0.0284701 0.110111 -0.814709 0.822116 -1.43646
# x y Real Imaginary Modulus Phase <-> f = 0 s = 11
-0.000959919 -0.109996 0.768456 0.222935 0.800141 0.282357
0.0403151 -0.102346 -0.319261 0.0892763 0.331509 2.86892
0.075719 -0.0797912 0.107486 -0.116385 0.158426 -0.825125
0.100096 -0.0456163 0.00927417 0.0539852 0.054776 1.40067
0.109895 -0.00479813 -0.0260207 -0.0355764 0.0440767 -2.20229
0.103691 0.0367188 -0.00808657 0.0082812 0.0115746 2.3443
0.0823851 0.0728882 -0.0490972 -0.0187431 0.0525531 -2.77691
0.0490818 0.0984428 0.00687778 0.0159274 0.0173489 1.16316
0.0086305 0.109661 0.00671533 0.0212644 0.0222996 1.26491
-0.0330776 0.104909 0.00986334 0.00993569 0.0140001 0.789053
-0.0699686 0.0848787 -0.0150592 -0.0318805 0.0352582 -2.01209
-0.0966699 0.0524875 0.00484188 0.0989936 0.0991119 1.52192
-0.109293 0.0124524 -0.0448667 -0.232254 0.236548 -1.76163
-0.105999 -0.0293962 -0.0170412 0.413099 0.41345 1.61203
-0.0872689 -0.0669638 0.296145 -0.67012 0.73264 -1.15468
# x y Real Imaginary Modulus Phase <-> f = 0 s = 12
0.0412067 -0.10199 0.819577 0.200534 0.843754 0.239965
0.0764124 -0.0791274 -0.429169 0.0964102 0.439864 2.92062
0.10049 -0.044741 0.171761 -0.168485 0.240602 -0.775768
0.109933 -0.00383894 -0.0745975 0.1011 0.125642 2.20648
0.103366 0.0376222 0.0384691 -0.0471312 0.0608377 -0.886248
0.0817459 0.0736044 -0.0186266 0.013863 0.0232193 2.50178
0.0482208 0.0988673 -0.00258112 -0.00218555 0.00338213 -2.43899
0.00767321 0.109732 0.0052356 -0.00269157 0.00588693 -0.474856
-0.0339919 0.104616 0.00530833 -0.0126285 0.0136988 -1.17287
-0.0707066 0.0842649 0.00383481 0.00415091 0.00565118 0.82496
-0.0971242 0.0516419 -0.063771 -0.00154255 0.0637897 -3.11741
-0.109397 0.0114981 0.0543067 0.0510314 0.0745213 0.754314
-0.105739 -0.0303201 -0.0732912 -0.111331 0.13329 -2.153
-0.0866812 -0.0677228 0.022581 0.275326 0.27625 1.48896
-0.055 -0.0952628 0.274645 -0.512727 0.581652 -1.07903
# x y Real Imaginary Modulus Phase <-> f = 0 s = 13
0.0771 -0.0784575 0.938576 0.0116156 0.938648 0.0123751
0.100877 -0.0438624 -0.55529 0.261775 0.6139 2.70107
0.109962 -0.00287946 0.337769 -0.226542 0.406706 -0.590789
0.103034 0.0385228 -0.188093 0.1325 0.230077 2.52789
0.0811005 0.0743149 0.0844942 -0.0321598 0.0904075 -0.363685
0.0473562 0.0992844 -0.0231376 0.00101555 0.0231599 3.09773
0.00671534 0.109795 0.0162663 -0.00822043 0.0182255 -0.467932
-0.0349035 0.104316 0.00437547 0.00311389 0.00537039 0.618516
-0.0714393 0.0836447 0.0153486 0.010048 0.0183451 0.57964
-0.0975712 0.0507923 -0.0193802 -0.0154189 0.0247656 -2.46954
-0.109494 0.010543 -0.0434449 -0.0132099 0.0454088 -2.84641
-0.10547 -0.0312417 0.0324564 0.0123771 0.0347363 0.364321
-0.0860869 -0.0684766 -0.058324 -0.0699786 0.0910972 -2.26561
-0.0541666 -0.0957391 0.010733 0.246101 0.246335 1.52721
-0.0143579 -0.109059 0.320426 -0.548452 0.635195 -1.04205
# x y Real Imaginary Modulus Phase <-> f = 0 s = 14
0.101256 -0.0429804 0.7762 -0.121464 0.785646 -0.155226
0.109983 -0.00191976 -0.562074 0.436959 0.711941 2.48078
0.102694 0.0394205 0.430362 -0.310659 0.530774 -0.625244
0.0804489 0.0750198 -0.214753 0.157239 0.266164 2.50959
0.046488 0.0996939 0.0977261 -0.0507575 0.110121 -0.479036
0.00575696 0.109849 -0.00184146 0.0137889 0.0139113 1.70356
-0.0358125 0.104007 -0.0158917 -0.039967 0.0430105 -1.94925
-0.0721665 0.0830181 0.0017774 0.0150815 0.0151859 1.45348
-0.0980107 0.049939 -0.0309092 -0.0265714 0.0407605 -2.43152
-0.109581 0.00958713 0.0345063 -0.0390554 0.0521154 -0.847159
-0.105194 -0.0321609 -0.00591848 0.0287328 0.0293361 1.77394
-0.0854861 -0.0692252 0.0395413 -0.0206472 0.0446074 -0.481223
-0.0533291 -0.0962082 -0.045487 -0.0687591 0.0824432 -2.15524
-0.0134056 -0.10918 0.00986865 0.329934 0.330081 1.54089
0.0284701 -0.106252 0.333675 -0.731973 0.80444 -1.14308
# x y Real Imaginary Modulus Phase <-> f = 0 s = 15
0.109996 -0.000959919 0.662181 -0.00619707 0.66221 -0.0093583
0.102346 0.0403151 -0.53476 0.445159 0.695798 2.44738
0.0797912 0.075719 0.353411 -0.280252 0.451044 -0.670453
0.0456163 0.100096 -0.174881 0.142312 0.225469 2.45851
0.00479813 0.109895 0.0461366 -0.0456454 0.0649006 -0.780047
-0.0367188 0.103691 0.0234546 0.0368572 0.0436872 1.00407
-0.0728882 0.0823851 0.00478019 0.0180561 0.0186781 1.31199
-0.0984428 0.0490818 0.00140444 0.0147695 0.0148361 1.47599
-0.109661 0.0086305 0.0204489 0.0060016 0.0213114 0.285476
-0.104909 -0.0330776 0.00858204 -0.0542478 0.0549225 -1.4139
-0.0848787 -0.0699686 -0.0400462 0.0268794 0.0482307 2.55045
-0.0524875 -0.0966699 0.0855641 -0.0062317 0.0857907 -0.0727024
-0.0124524 -0.109293 -0.0433862 -0.135393 0.142174 -1.8809
0.0293962 -0.105999 -0.0207033 0.468905 0.469362 1.61492
0.0669638 -0.0872689 0.101275 -0.785252 0.791756 -1.44253
