# x y Real Imaginary Modulus Phase <-> f = 0 s = 0
0.10199 0.0412067 0.730713 -0.032384 0.731431 -0.0442893
0.0791274 0.0764124 -0.572176 0.326256 0.658657 2.62337
0.044741 0.10049 0.298511 -0.22713 0.375096 -0.650427
0.00383894 0.109933 -0.0941893 0.114525 0.148282 2.25907
-0.0376222 0.103366 0.0191346 -0.0515507 0.0549873 -1.21538
-0.0736044 0.0817459 -0.00461288 0.0164189 0.0170546 1.84468
-0.0988673 0.0482208 -0.0313393 -0.0099964 0.032895 -2.83282
-0.109732 0.00767321 0.00268235 0.00131278 0.00298637 0.455141
-0.104616 -0.0339919 -0.0141299 0.0222524 0.0263595 2.13654
-0.0842649 -0.0707066 0.00853184 -0.0393284 0.0402432 -1.35717
-0.0516419 -0.0971242 -0.0263127 0.00843491 0.0276316 2.83138
-0.0114981 -0.109397 0.0590468 0.0673307 0.0895542 0.850853
0.0303201 -0.105739 -0.0506364 -0.27824 0.28281 -1.75081
0.0677228 -0.0866812 0.130584 0.641871 0.65502 1.37009
0.0952628 -0.055 -0.0205247 -0.637966 0.638296 -1.60296
# x y Real Imaginary Modulus Phase <-> f = 0 s = 1
0.0784575 0.0771 0.822036 -0.0739135 0.825352 -0.0896741
0.0438624 0.100877 -0.57422 0.271528 0.635182 2.69989
0.00287946 0.109962 0.237942 -0.176268 0.29612 -0.63759
-0.0385228 0.103034 -0.055691 0.102621 0.116759 2.06801
-0.0743149 0.0811005 0.00205258 -0.0504241 0.0504659 -1.53011
-0.0992844 0.0473562 -0.00309472 0.00872956 0.00926188 1.91148
-0.109795 0.00671534 -0.0281327 0.00203523 0.0282062 3.06937
-0.104316 -0.0349035 0.00198656 0.0118707 0.0120357 1.40498
-0.0836447 -0.0714393 -0.0135705 0.0165065 0.0213688 2.25888
-0.0507923 -0.0975712 0.018333 -0.0149141 0.0236332 -0.682924
-0.010543 -0.109494 -0.0178206 -0.0289615 0.034005 -2.1224
0.0312417 -0.10547 0.0157849 0.1385 0.139396 1.45732
0.0684766 -0.0860869 -0.052513 -0.401137 0.404559 -1.70097
0.0957391 -0.0541666 0.198505 0.629038 0.659616 1.26512
0.109059 -0.0143579 0.0406872 -0.682307 0.683519 -1.51123
# x y Real Imaginary Modulus Phase <-> f = 0 s = 2
0.0429804 0.101256 0.87322 -0.0784065 0.876733 -0.0895499
0.00191976 0.109983 -0.529093 0.187293 0.561265 2.80137
-0.0394205 0.102694 0.181539 -0.174841 0.252043 -0.766606
-0.0750198 0.0804489 -0.0399891 0.100175 0.107862 1.95061
-0.0996939 0.046488 0.00622589 -0.0434354 0.0438793 -1.42843
-0.109849 0.00575696 0.00232183 0.0119753 0.0121983 1.37929
-0.104007 -0.0358125 -0.0169461 0.00746194 0.0185162 2.72681
-0.0830181 -0.0721665 0.0106793 0.0126599 0.0165626 0.870058
-0.049939 -0.0980107 -0.00626586 -0.00151255 0.00644584 -2.90473
-0.00958713 -0.109581 0.00698698 0.0089053 0.0113191 0.905524
0.0321609 -0.105194 0.000728159 -0.0535059 0.0535108 -1.55719
0.0692252 -0.0854861 0.00190097 0.168751 0.168762 1.55953
0.0962082 -0.0533291 -0.0878756 -0.353872 0.36462 -1.8142
0.10918 -0.0134056 0.0949816 0.569161 0.577032 1.40544
0.106252 0.0284701 0.0962511 -0.778653 0.78458 -1.44781
# x y Real Imaginary Modulus Phase <-> f = 0 s = 3
0.000959919 0.109996 0.901284 0.0058667 0.901304 0.00650918
-0.0403151 0.102346 -0.483095 0.197988 0.522092 2.75264
-0.075719 0.0797912 0.177937 -0.165346 0.242901 -0.748734
-0.100096 0.0456163 -0.0480901 0.0979939 0.109158 2.02701
-0.109895 0.00479813 0.00127067 -0.0442967 0.0443149 -1.54212
-0.103691 -0.0367188 0.00514028 0.0231212 0.0236857 1.35204
-0.0823851 -0.0728882 -0.0072035 -0.00199214 0.00747389 -2.87178
-0.0490818 -0.0984428 0.00852397 0.00449284 0.00963554 0.485079
-0.0086305 -0.109661 -0.00887605 -0.00280859 0.0093098 -2.83514
0.0330776 -0.104909 -0.00580495 0.00939647 0.011045 2.12419
0.0699686 -0.0848787 0.00564326 -0.0652605 0.0655041 -1.48454
0.0966699 -0.0524875 0.0430441 0.156664 0.16247 1.30266
0.109293 -0.0124524 -0.0779533 -0.284724 0.295203 -1.83803
0.105999 0.0293962 0.0451223 0.527932 0.529856 1.48553
0.0872689 0.0669638 0.141766 -0.799965 0.812429 -1.3954
# x y Real Imaginary Modulus Phase <-> f = 0 s = 4
-0.0412067 0.10199 0.878054 -0.0114352 0.878128 -0.0130226
-0.0764124 0.0791274 -0.476725 0.178984 0.509217 2.78243
-0.10049 0.044741 0.199109 -0.1693 0.261356 -0.704662
-0.109933 0.00383894 -0.0617685 0.103433 0.120473 2.10914
-0.103366 -0.0376222 0.0240565 -0.0499521 0.055443 -1.12198
-0.0817459 -0.0736044 -0.00501667 0.00898578 0.0102913 2.07998
-0.0482208 -0.0988673 -0.00281277 -0.00419212 0.00504832 -2.16177
-0.00767321 -0.109732 0.00774538 0.000849369 0.00779181 0.109225
0.0339919 -0.104616 -0.00510973 -0.00393613 0.00645 -2.48521
0.0707066 -0.0842649 0.00959517 0.0190021 0.0212873 1.10319
0.0971242 -0.0516419 -0.0307794 -0.0397315 0.0502589 -2.22991
0.109397 -0.0114981 0.0476279 0.0963758 0.107502 1.11181
0.105739 0.0303201 -0.0665831 -0.2135 0.223642 -1.8731
0.0866812 0.0677228 0.00728684 0.443195 0.443255 1.55436
0.055 0.0952628 0.225069 -0.741334 0.774746 -1.27604
# x y Real Imaginary Modulus Phase <-> f = 0 s = 5
-0.0771 0.0784575 0.902201 -0.024128 0.902524 -0.0267371
-0.100877 0.0438624 -0.557112 0.220114 0.599019 2.76532
-0.109962 0.00287946 0.260568 -0.213493 0.33686 -0.686422
-0.103034 -0.0385228 -0.127832 0.117737 0.17379 2.39728
-0.0811005 -0.0743149 0.0551659 -0.0391647 0.0676547 -0.617369
-0.0473562 -0.0992844 -0.00952902 0.00917647 0.0132291 2.37504
-0.00671534 -0.109795 -0.00383249 -0.0028629 0.00478374 -2.50001
0.0349035 -0.104316 0.00763761 0.00382745 0.00854298 0.464553
0.0714393 -0.0836447 -0.0147858 -0.00346779 0.015187 -2.91122
0.0975712 -0.0507923 0.0221159 0.00425209 0.022521 0.189946
0.109494 -0.010543 -0.0384665 -0.0192069 0.0429951 -2.67849
0.10547 0.0312417 0.0555147 0.0629377 0.0839228 0.847983
0.0860869 0.0684766 -0.0831558 -0.167654 0.187144 -2.03124
0.0541666 0.0957391 0.0429905 0.40455 0.406827 1.46493
0.0143579 0.109059 0.199352 -0.727525 0.754343 -1.30335
# x y Real Imaginary Modulus Phase <-> f = 0 s = 6
-0.101256 0.0429804 0.839626 -0.0566206 0.841533 -0.0673335
-0.109983 0.00191976 -0.553783 0.320712 0.639947 2.61666
-0.102694 -0.0394205 0.320106 -0.237374 0.398515 -0.63807
-0.0804489 -0.0750198 -0.149191 0.106811 0.183484 2.52025
-0.046488 -0.0996939 0.0482604 -0.0456038 0.0663986 -0.757102
-0.00575696 -0.109849 -0.00054462 0.012834 0.0128456 1.61321
0.0358125 -0.104007 -0.00219547 0.00796255 0.00825967 1.83984
0.0721665 -0.0830181 0.0187201 0.00711849 0.0200279 0.363373
0.0980107 -0.049939 -0.00999894 0.0113045 0.015092 2.29499
0.109581 -0.00958713 0.0127688 -0.0109704 0.0168343 -0.709788
0.105194 0.0321609 -0.0182839 -0.0106874 0.0211783 -2.61263
0.0854861 0.0692252 0.0518897 0.0458745 0.0692604 0.723948
0.0533291 0.0962082 -0.0799701 -0.152379 0.172089 -2.0541
0.0134056 0.10918 0.0277962 0.400369 0.401333 1.50148
-0.0284701 0.106252 0.242204 -0.76345 0.800948 -1.26359
# x y Real Imaginary Modulus Phase <-> f = 0 s = 7
-0.109996 0.000959919 0.759135 -0.0977133 0.765398 -0.128013
-0.102346 -0.0403151 -0.623827 0.357647 0.719077 2.62103
-0.0797912 -0.075719 0.35417 -0.214341 0.413979 -0.54423
-0.0456163 -0.100096 -0.114318 0.060922 0.129538 2.65196
-0.00479813 -0.109895 -0.00459416 -0.0408867 0.041144 -1.68269
0.0367188 -0.103691 0.0261118 -0.00168525 0.0261661 -0.0644505
0.0728882 -0.0823851 -0.0272261 0.00933776 0.0287829 2.81119
0.0984428 -0.0490818 0.0049054 0.00855583 0.00986231 1.05021
0.109661 -0.0086305 -0.0259608 0.00421232 0.0263003 2.98074
0.104909 0.0330776 0.00425334 -0.00243293 0.0049 -0.519579
0.0848787 0.0699686 -0.0166154 -0.019107 0.025321 -2.28656
0.0524875 0.0966699 0.0692584 0.057336 0.0899119 0.691498
0.0124524 0.109293 -0.0872539 -0.174467 0.19507 -2.03454
-0.0293962 0.105999 0.0161291 0.467227 0.467506 1.53629
-0.0669638 0.0872689 0.151492 -0.776338 0.790981 -1.37808
# x y Real Imaginary Modulus Phase <-> f = 0 s = 8
-0.10199 -0.0412067 0.714873 -0.128337 0.726302 -0.177632
-0.0791274 -0.0764124 -0.619502 0.340634 0.706975 2.63886
-0.044741 -0.10049 0.261882 -0.17539 0.315188 -0.590119
-0.00383894 -0.109933 -0.0096812 0.0915537 0.0920641 1.67615
0.0376222 -0.103366 -0.0315128 -0.0436753 0.0538571 -2.19582
0.0736044 -0.0817459 0.0200711 -0.0188108 0.0275081 -0.752994
0.0988673 -0.0482208 -0.0469557 -0.0142548 0.0490718 -2.84686
0.109732 -0.00767321 0.0153789 0.0213542 0.0263156 0.946652
0.104616 0.0339919 -0.0339944 0.00876254 0.0351056 2.88932
0.0842649 0.0707066 0.0112769 -0.00768612 0.0136471 -0.598259
0.0516419 0.0971242 -0.0212832 -0.0229564 0.0313045 -2.31839
0.0114981 0.109397 0.058146 0.062123 0.0850895 0.818454
-0.0303201 0.105739 -0.0620649 -0.231904 0.240066 -1.8323
-0.0677228 0.0866812 0.0855865 0.520002 0.526998 1.40767
-0.0952628 0.055 0.0711557 -0.755183 0.758528 -1.47685
# x y Real Imaginary Modulus Phase <-> f = 0 s = 9
-0.0784575 -0.0771 0.867406 -0.0448671 0.868565 -0.0516795
-0.0438624 -0.100877 -0.511612 0.170445 0.539257 2.82
-0.00287946 -0.109962 0.123344 -0.145381 0.190655 -0.867224
0.0385228 -0.103034 0.0158195 0.0494729 0.0519406 1.26131
0.0743149 -0.0811005 -0.0499947 -0.0118693 0.0513843 -2.9085
0.0992844 -0.0473562 0.034723 -0.0250017 0.0427875 -0.624045
0.109795 -0.00671534 -0.0411526 -0.00972673 0.0422865 -2.90949
0.104316 0.0349035 0.0109639 0.0250259 0.0273222 1.15788
0.0836447 0.0714393 -0.0209287 0.0191987 0.0284007 2.39928
0.0507923 0.0975712 -0.0016863 -0.00399338 0.00433482 -1.97036
0.010543 0.109494 -0.0251757 -0.0444875 0.051117 -2.08577
-0.0312417 0.10547 0.0450483 0.117311 0.125664 1.20415
-0.0684766 0.0860869 -0.068345 -0.300665 0.308335 -1.79431
-0.0957391 0.0541666 0.0929156 0.608374 0.615429 1.41924
-0.109059 0.0143579 0.014761 -0.772845 0.772986 -1.5517
# x y Real Imaginary Modulus Phase <-> f = 0 s = 10
-0.0429804 -0.101256 0.905252 0.125024 0.913845 0.137241
-0.00191976 -0.109983 -0.358197 0.112778 0.375532 2.83657
0.0394205 -0.102694 0.0715303 -0.118414 0.138341 -1.02739
0.0750198 -0.0804489 0.0156679 0.0479983 0.0504908 1.25527
0.0996939 -0.046488 -0.0226909 0.00414642 0.0230667 2.96085
0.109849 -0.00575696 0.025868 -0.00573859 0.0264969 -0.218306
0.104007 0.0358125 -0.0175045 0.00549304 0.0183462 2.83752
0.0830181 0.0721665 0.0221615 0.0194779 0.0295046 0.721039
0.049939 0.0980107 -0.00845318 -0.00911261 0.0124296 -2.31867
0.00958713 0.109581 -9.87594e-05 0.00574883 0.00574967 1.58797
-0.0321609 0.105194 -0.0339342 -0.0459276 0.0571041 -2.20713
-0.0692252 0.0854861 0.0466806 0.125337 0.133748 1.21427
-0.0962082 0.0533291 -0.0327455 -0.316789 0.318477 -1.6738
-0.10918 0.0134056 0.0404124 0.611898 0.613231 1.50485
-0.106252 -0.0284701 0.11979 -0.792094 0.801101 -1.4207
# x y Real Imaginary Modulus Phase <-> f = 0 s = 11
-0.000959919 -0.109996 0.753834 0.218392 0.784831 0.281988
0.0403151 -0.102346 -0.33293 0.0964565 0.346621 2.85959
0.075719 -0.0797912 0.101448 -0.13535 0.169149 -0.927599
0.100096 -0.0456163 0.00219062 0.0717198 0.0717532 1.54026
0.109895 -0.00479813 -0.012625 -0.0286068 0.0312688 -1.98642
0.103691 0.0367188 0.0136815 0.0161501 0.0211662 0.867959
0.0823851 0.0728882 -0.00519006 -0.000528124 0.00521686 -3.04018
0.0490818 0.0984428 0.018856 0.0124734 0.0226082 0.584423
0.0086305 0.109661 -0.00782615 -0.00631272 0.0100548 -2.46283
-0.0330776 0.104909 0.00801037 0.00315061 0.0086077 0.374732
-0.0699686 0.0848787 -0.010911 -0.0363815 0.0379825 -1.86217
-0.0966699 0.0524875 0.0175184 0.0925769 0.0942198 1.38378
-0.109293 0.0124524 -0.0617417 -0.228965 0.237143 -1.83419
-0.105999 -0.0293962 0.0169273 0.412714 0.413061 1.5298
-0.0872689 -0.0669638 0.2901 -0.692907 0.751184 -1.1743
# x y Real Imaginary Modulus Phase <-> f = 0 s = 12
0.0412067 -0.10199 0.815724 0.203666 0.840765 0.244673
0.0764124 -0.0791274 -0.432075 0.0989384 0.443258 2.91649
0.10049 -0.044741 0.167655 -0.155558 0.228706 -0.747988
0.109933 -0.00383894 -0.066395 0.0952214 0.116084 2.17969
0.103366 0.0376222 0.0461483 -0.0573139 0.0735836 -0.892902
0.0817459 0.0736044 -0.0135715 0.00665319 0.0151146 2.68579
0.0482208 0.0988673 0.00562761 -0.00650398 0.00860068 -0.857512
0.00767321 0.109732 0.0106932 0.00314453 0.011146 0.286005
-0.0339919 0.104616 0.00140198 -0.000892165 0.00166178 -0.566726
-0.0707066 0.0842649 0.0204581 0.00396241 0.0208383 0.191315
-0.0971242 0.0516419 -0.0250431 -0.0206345 0.032449 -2.45241
-0.109397 0.0114981 0.0642235 0.0350784 0.0731789 0.499915
-0.105739 -0.0303201 -0.0882091 -0.108871 0.14012 -2.25174
-0.0866812 -0.0677228 0.029668 0.288142 0.289665 1.46819
-0.055 -0.0952628 0.285179 -0.504565 0.57958 -1.05636
# x y Real Imaginary Modulus Phase <-> f = 0 s = 13
0.0771 -0.0784575 0.931074 0.0337282 0.931684 0.0362092
0.100877 -0.0438624 -0.58035 0.248873 0.631462 2.73648
0.109962 -0.00287946 0.332307 -0.229893 0.404077 -0.605206
0.103034 0.0385228 -0.169017 0.120741 0.207714 2.52129
0.0811005 0.0743149 0.0976977 -0.0252116 0.100898 -0.252547
0.0473562 0.0992844 -0.0328813 0.0152717 0.0362547 2.70679
0.00671534 0.109795 0.0139922 -0.00348969 0.0144208 -0.244417
-0.0349035 0.104316 0.0144846 0.00786273 0.0164811 0.497325
-0.0714393 0.0836447 -0.00981388 0.00820642 0.0127929 2.44516
-0.0975712 0.0507923 0.0131119 -0.0116962 0.0175705 -0.728393
-0.109494 0.010543 -0.0235195 0.0101651 0.0256222 2.73364
-0.10547 -0.0312417 0.0588372 -0.0048163 0.059034 -0.0816758
-0.0860869 -0.0684766 -0.081584 -0.065757 0.104785 -2.4632
-0.0541666 -0.0957391 0.0101164 0.221258 0.221489 1.52511
-0.0143579 -0.109059 0.305173 -0.528326 0.610131 -1.04699
# x y Real Imaginary Modulus Phase <-> f = 0 s = 14
0.101256 -0.0429804 0.75073 -0.0901559 0.756124 -0.119519
0.109983 -0.00191976 -0.573574 0.440496 0.723204 2.48668
0.102694 0.0394205 0.417417 -0.315018 0.522947 -0.646493
0.0804489 0.0750198 -0.207661 0.118599 0.239142 2.62268
0.046488 0.0996939 0.0895386 -0.0450284 0.100223 -0.46596
0.00575696 0.109849 -0.0322138 0.0172132 0.0365243 2.65085
-0.0358125 0.104007 0.00229411 0.01054 0.0107868 1.35648
-0.0721665 0.0830181 -0.0180029 0.0106224 0.0209031 2.60853
-0.0980107 0.049939 -0.0124011 0.0105284 0.0162676 2.43769
-0.109581 0.00958713 -0.00350412 -0.033181 0.0333655 -1.67601
-0.105194 -0.0321609 -0.0199082 0.0348816 0.0401629 2.08942
-0.0854861 -0.0692252 0.0432682 -0.00714729 0.0438546 -0.163707
-0.0533291 -0.0962082 -0.0811679 -0.086222 0.118416 -2.32601
-0.0134056 -0.10918 -0.00517679 0.313402 0.313445 1.58731
0.0284701 -0.106252 0.315711 -0.718255 0.784579 -1.15666
# x y Real Imaginary Modulus Phase <-> f = 0 s = 15
0.109996 -0.000959919 0.64507 0.0315067 0.645839 0.0488035
0.102346 0.0403151 -0.518072 0.422301 0.668384 2.45769
0.0797912 0.075719 0.343857 -0.292295 0.451303 -0.704521
0.0456163 0.100096 -0.169441 0.146962 0.224294 2.42712
0.00479813 0.109895 0.0360357 -0.0648175 0.0741612 -1.06339
-0.0367188 0.103691 0.00564209 0.0232182 0.0238939 1.33241
-0.0728882 0.0823851 -0.0382894 -0.00632087 0.0388076 -2.97799
-0.0984428 0.0490818 0.00593869 0.00721147 0.00934202 0.881886
-0.109661 0.0086305 -0.0200109 0.0130802 0.0239066 2.56265
-0.104909 -0.0330776 -0.00172862 -0.0341602 0.034204 -1.62136
-0.0848787 -0.0699686 -0.0298392 0.0220199 0.0370844 2.50585
-0.0524875 -0.0966699 0.0448563 0.0141143 0.0470245 0.304848
-0.0124524 -0.109293 -0.0657127 -0.143061 0.157431 -2.00139
0.0293962 -0.105999 0.000613198 0.479034 0.479035 1.56952
0.0669638 -0.0872689 0.0629008 -0.790563 0.793062 -1.4914
