# x y Real Imaginary Modulus Phase <-> f = 0 s = 0
0.10199 0.0412067 0.733156 -0.0356864 0.734024 -0.0486367
0.0791274 0.0764124 -0.568827 0.329977 0.657609 2.61593
0.044741 0.10049 0.296071 -0.227846 0.373593 -0.655906
0.00383894 0.109933 -0.0954398 0.10728 0.143589 2.29785
-0.0376222 0.103366 0.0147072 -0.0488002 0.0509682 -1.27808
-0.0736044 0.0817459 0.00326414 0.0139273 0.0143047 1.34058
-0.0988673 0.0482208 -0.0242648 0.000276714 0.0242664 3.13019
-0.109732 0.00767321 0.00268441 0.00511684 0.00577825 1.08765
-0.104616 -0.0339919 -0.0190973 0.021096 0.0284561 2.30651
-0.0842649 -0.0707066 0.0087928 -0.0282853 0.0296205 -1.26941
-0.0516419 -0.0971242 -0.026076 0.00976717 0.0278452 2.7832
-0.0114981 -0.109397 0.0564364 0.0668659 0.0874993 0.869782
0.0303201 -0.105739 -0.04939 -0.282165 0.286455 -1.74408
0.0677228 -0.0866812 0.128576 0.641257 0.65402 1.37291
0.0952628 -0.055 -0.0159234 -0.637498 0.637696 -1.59577
# x y Real Imaginary Modulus Phase <-> f = 0 s = 1
0.0784575 0.0771 0.817888 -0.0829192 0.822081 -0.101037
0.0438624 0.100877 -0.576738 0.269988 0.636805 2.70376
0.00287946 0.109962 0.236878 -0.17418 0.294024 -0.634038
-0.0385228 0.103034 -0.0566875 0.103659 0.118147 2.07123
-0.0743149 0.0811005 0.00243742 -0.043514 0.0435822 -1.51484
-0.0992844 0.0473562 0.00273755 0.00970059 0.0100795 1.29574
-0.109795 0.00671534 -0.0233174 0.00135414 0.0233567 3.08358
-0.104316 -0.0349035 0.00691164 0.0107007 0.0127388 0.997307
-0.0836447 -0.0714393 -0.0170754 0.0171293 0.0241864 2.35462
-0.0507923 -0.0975712 0.0133275 -0.00595254 0.0145964 -0.420051
-0.010543 -0.109494 -0.0244433 -0.0341032 0.0419583 -2.19267
0.0312417 -0.10547 0.0123928 0.140627 0.141172 1.4829
0.0684766 -0.0860869 -0.0559213 -0.392693 0.396655 -1.71225
0.0957391 -0.0541666 0.19069 0.632379 0.660504 1.27792
0.109059 -0.0143579 0.0350259 -0.685515 0.686409 -1.51975
# x y Real Imaginary Modulus Phase <-> f = 0 s = 2
0.0429804 0.101256 0.874967 -0.0810388 0.878712 -0.0923558
0.00191976 0.109983 -0.527088 0.185319 0.558717 2.8035
-0.0394205 0.102694 0.188215 -0.176896 0.258297 -0.754406
-0.0750198 0.0804489 -0.0404451 0.0993646 0.107281 1.95735
-0.0996939 0.046488 0.00172088 -0.0456927 0.0457251 -1.53315
-0.109849 0.00575696 0.00823248 0.0109521 0.0137012 0.92622
-0.104007 -0.0358125 -0.0147803 -0.00411699 0.015343 -2.86993
-0.0830181 -0.0721665 0.0132742 0.0113597 0.0174713 0.707835
-0.049939 -0.0980107 -0.00755436 0.00672907 0.0101168 2.41391
-0.00958713 -0.109581 0.00535323 0.00921716 0.0106589 1.04462
0.0321609 -0.105194 0.00666226 -0.0540507 0.0544598 -1.44816
0.0692252 -0.0854861 0.0078398 0.178296 0.178468 1.52685
0.0962082 -0.0533291 -0.0876433 -0.360622 0.371119 -1.80921
0.10918 -0.0134056 0.103232 0.568393 0.577691 1.39113
0.106252 0.0284701 0.100652 -0.774162 0.780677 -1.44151
# x y Real Imaginary Modulus Phase <-> f = 0 s = 3
0.000959919 0.109996 0.904564 0.0071724 0.904592 0.00792897
-0.0403151 0.102346 -0.482762 0.198573 0.522006 2.75136
-0.075719 0.0797912 0.174548 -0.167078 0.241624 -0.763536
-0.100096 0.0456163 -0.0469592 0.0997101 0.110215 2.01094
-0.109895 0.00479813 0.000812416 -0.045308 0.0453153 -1.55287
-0.103691 -0.0367188 0.00619154 0.019543 0.0205003 1.26398
-0.0823851 -0.0728882 -0.00674745 -0.00848071 0.0108375 -2.24286
-0.0490818 -0.0984428 0.0113943 0.00352782 0.0119279 0.300253
-0.0086305 -0.109661 -0.00615131 -0.00049218 0.00617097 -3.06175
0.0330776 -0.104909 -0.003249 0.0106999 0.0111823 1.8656
0.0699686 -0.0848787 0.00606692 -0.0678294 0.0681002 -1.48159
0.0966699 -0.0524875 0.0412264 0.154822 0.160217 1.31055
0.109293 -0.0124524 -0.0806454 -0.287708 0.298796 -1.84409
0.105999 0.0293962 0.0466296 0.527899 0.529954 1.48269
0.0872689 0.0669638 0.147382 -0.792171 0.805765 -1.38685
# x y Real Imaginary Modulus Phase <-> f = 0 s = 4
-0.0412067 0.10199 0.882044 -0.0136837 0.88215 -0.0155123
-0.0764124 0.0791274 -0.479618 0.176042 0.510906 2.78981
-0.10049 0.044741 0.201 -0.169714 0.263067 -0.701205
-0.109933 0.00383894 -0.0640811 0.103467 0.121703 2.12532
-0.103366 -0.0376222 0.0229596 -0.0493779 0.0544547 -1.13556
-0.0817459 -0.0736044 -0.00684452 0.0160964 0.0174912 1.97285
-0.0482208 -0.0988673 -0.000774406 -0.00358346 0.00366618 -1.78363
-0.00767321 -0.109732 0.00959271 -0.000209705 0.009595 -0.0218574
0.0339919 -0.104616 -0.00545247 -0.00137008 0.00562197 -2.89541
0.0707066 -0.0842649 0.00770596 0.0194761 0.0209452 1.19404
0.0971242 -0.0516419 -0.027155 -0.0422072 0.0501881 -2.1425
0.109397 -0.0114981 0.0493971 0.0932543 0.105529 1.08367
0.105739 0.0303201 -0.0673959 -0.212896 0.223309 -1.87738
0.0866812 0.0677228 0.0108166 0.44248 0.442612 1.54636
0.055 0.0952628 0.228601 -0.741605 0.776039 -1.27179
# x y Real Imaginary Modulus Phase <-> f = 0 s = 5
-0.0771 0.0784575 0.906621 -0.0232806 0.90692 -0.0256727
-0.100877 0.0438624 -0.557843 0.222188 0.600463 2.76255
-0.109962 0.00287946 0.265607 -0.209754 0.338443 -0.668438
-0.103034 -0.0385228 -0.129014 0.118333 0.175064 2.39935
-0.0811005 -0.0743149 0.0569554 -0.0387411 0.0688824 -0.597313
-0.0473562 -0.0992844 -0.0126258 0.00970521 0.0159249 2.48624
-0.00671534 -0.109795 -0.00158955 -0.00319177 0.00356568 -2.03286
0.0349035 -0.104316 0.0114422 0.00449902 0.012295 0.374625
0.0714393 -0.0836447 -0.0145198 -0.0025056 0.0147344 -2.97071
0.0975712 -0.0507923 0.0192486 0.00518964 0.0199359 0.26335
0.109494 -0.010543 -0.0298171 -0.0198383 0.0358137 -2.55451
0.10547 0.0312417 0.0599758 0.0631476 0.0870903 0.811154
0.0860869 0.0684766 -0.0848538 -0.175558 0.194989 -2.02103
0.0541666 0.0957391 0.0387827 0.406838 0.408682 1.47576
0.0143579 0.109059 0.19711 -0.727309 0.753546 -1.30614
# x y Real Imaginary Modulus Phase <-> f = 0 s = 6
-0.101256 0.0429804 0.845631 -0.0463278 0.846899 -0.0547302
-0.109983 0.00191976 -0.554491 0.309988 0.635258 2.63183
-0.102694 -0.0394205 0.323471 -0.239042 0.402212 -0.636416
-0.0804489 -0.0750198 -0.15367 0.103775 0.185429 2.54763
-0.046488 -0.0996939 0.0445576 -0.0382653 0.0587334 -0.709571
-0.00575696 -0.109849 -0.000111827 0.0180789 0.0180792 1.57698
0.0358125 -0.104007 -0.00919893 0.00260438 0.0095605 2.8657
0.0721665 -0.0830181 0.0150427 0.0109269 0.0185924 0.628222
0.0980107 -0.049939 -0.0217034 0.00835344 0.0232555 2.77418
0.109581 -0.00958713 0.00895607 -0.0044523 0.0100017 -0.461346
0.105194 0.0321609 -0.0316537 -0.0111709 0.033567 -2.80233
0.0854861 0.0692252 0.0618211 0.05112 0.0802191 0.690931
0.0533291 0.0962082 -0.0857627 -0.157939 0.179722 -2.06826
0.0134056 0.10918 0.0306051 0.394347 0.395533 1.49334
-0.0284701 0.106252 0.234521 -0.750811 0.786586 -1.26804
# x y Real Imaginary Modulus Phase <-> f = 0 s = 7
-0.109996 0.000959919 0.765196 -0.080059 0.769373 -0.104246
-0.102346 -0.0403151 -0.613845 0.354829 0.70902 2.61747
-0.0797912 -0.075719 0.354511 -0.206953 0.410496 -0.528401
-0.0456163 -0.100096 -0.118218 0.0878859 0.147307 2.50232
-0.00479813 -0.109895 0.00507182 -0.0434244 0.0437196 -1.45453
0.0367188 -0.103691 0.00888019 0.010175 0.0135051 0.853245
0.0728882 -0.0823851 -0.0261409 0.00439866 0.0265084 2.97489
0.0984428 -0.0490818 0.01135 0.00704311 0.0133577 0.555384
0.109661 -0.0086305 -0.0234522 0.0123481 0.0265043 2.65695
0.104909 0.0330776 0.00395681 -0.00750541 0.00848454 -1.08563
0.0848787 0.0699686 -0.0304599 -0.0115854 0.0325888 -2.77814
0.0524875 0.0966699 0.0600673 0.0503287 0.0783649 0.69741
0.0124524 0.109293 -0.0807464 -0.176212 0.193832 -2.00048
-0.0293962 0.105999 0.011016 0.466214 0.466344 1.54717
-0.0669638 0.0872689 0.15327 -0.769718 0.784829 -1.37424
# x y Real Imaginary Modulus Phase <-> f = 0 s = 8
-0.10199 -0.0412067 0.727434 -0.146636 0.742066 -0.198914
-0.0791274 -0.0764124 -0.622342 0.326796 0.702926 2.65806
-0.044741 -0.10049 0.260026 -0.174555 0.313182 -0.591202
-0.00383894 -0.109933 -0.0258201 0.0926601 0.0961903 1.84256
0.0376222 -0.103366 -0.025354 -0.0311295 0.0401481 -2.2543
0.0736044 -0.0817459 0.0242312 -0.00633815 0.0250465 -0.255838
0.0988673 -0.0482208 -0.0357519 0.00590905 0.036237 2.97779
0.109732 -0.00767321 0.00837212 0.00497567 0.00973907 0.536228
0.104616 0.0339919 -0.0221358 0.0138553 0.0261144 2.58233
0.0842649 0.0707066 0.0105209 -0.0081349 0.0132991 -0.658194
0.0516419 0.0971242 -0.0336097 -0.00882828 0.0347498 -2.88473
0.0114981 0.109397 0.0602805 0.063739 0.0877291 0.813277
-0.0303201 0.105739 -0.0745299 -0.235905 0.247398 -1.8768
-0.0677228 0.0866812 0.0800831 0.527485 0.533529 1.42013
-0.0952628 0.055 0.0691442 -0.746888 0.750082 -1.47848
# x y Real Imaginary Modulus Phase <-> f = 0 s = 9
-0.0784575 -0.0771 0.862733 -0.0592267 0.864764 -0.0685426
-0.0438624 -0.100877 -0.507361 0.151 0.529355 2.85232
-0.00287946 -0.109962 0.114004 -0.136765 0.178049 -0.875915
0.0385228 -0.103034 0.0158899 0.0592116 0.0613066 1.30862
0.0743149 -0.0811005 -0.0316886 -0.0116955 0.033778 -2.78802
0.0992844 -0.0473562 0.0283887 -0.0169711 0.0330747 -0.538808
0.109795 -0.00671534 -0.0335562 0.00467396 0.0338802 3.0032
0.104316 0.0349035 0.0103929 0.0121761 0.0160084 0.864244
0.0836447 0.0714393 -0.0151803 0.00959542 0.0179586 2.5779
0.0507923 0.0975712 0.0179204 -0.00133413 0.01797 -0.0743103
0.010543 0.109494 -0.0301576 -0.0246355 0.0389409 -2.45664
-0.0312417 0.10547 0.0424055 0.113027 0.12072 1.21187
-0.0684766 0.0860869 -0.0767393 -0.300723 0.31036 -1.82065
-0.0957391 0.0541666 0.0793164 0.595074 0.600336 1.43829
-0.109059 0.0143579 0.005773 -0.794785 0.794806 -1.56353
# x y Real Imaginary Modulus Phase <-> f = 0 s = 10
-0.0429804 -0.101256 0.897168 0.129357 0.906446 0.143197
-0.00191976 -0.109983 -0.349433 0.11439 0.36768 2.82523
0.0394205 -0.102694 0.0737416 -0.115327 0.136888 -1.0019
0.0750198 -0.0804489 0.00949984 0.0535572 0.0543932 1.39524
0.0996939 -0.046488 -0.0287333 -0.0109691 0.0307559 -2.77691
0.109849 -0.00575696 0.029882 -0.00316451 0.0300491 -0.105507
0.104007 0.0358125 -0.0258563 -0.00111354 0.0258802 -3.09855
0.0830181 0.0721665 0.0154492 0.0149442 0.0214944 0.768785
0.049939 0.0980107 -0.00967047 -0.000481012 0.00968243 -3.09189
0.00958713 0.109581 0.0111828 0.00720548 0.0133031 0.572385
-0.0321609 0.105194 -0.0100215 -0.0413545 0.0425515 -1.80854
-0.0692252 0.0854861 0.0251828 0.130905 0.133305 1.38074
-0.0962082 0.0533291 -0.035525 -0.308035 0.310077 -1.68562
-0.10918 0.0134056 0.0460812 0.6027 0.60446 1.49449
-0.106252 -0.0284701 0.120934 -0.781439 0.790741 -1.41726
# x y Real Imaginary Modulus Phase <-> f = 0 s = 11
-0.000959919 -0.109996 0.766582 0.210153 0.794866 0.267569
0.0403151 -0.102346 -0.318705 0.096494 0.332993 2.8476
0.075719 -0.0797912 0.0991952 -0.118448 0.154498 -0.873629
0.100096 -0.0456163 -0.00667444 0.0729285 0.0732333 1.66206
0.109895 -0.00479813 -0.012171 -0.033667 0.0357995 -1.91769
0.103691 0.0367188 0.00930883 0.0172876 0.0196346 1.07685
0.0823851 0.0728882 -0.00750872 -0.00493735 0.00898656 -2.55993
0.0490818 0.0984428 0.0109999 0.00550374 0.0123 0.463922
0.0086305 0.109661 -0.00430234 -0.00135471 0.00451058 -2.83654
-0.0330776 0.104909 0.00676541 0.00778632 0.0103149 0.855441
-0.0699686 0.0848787 -0.0130484 -0.0380444 0.0402198 -1.9012
-0.0966699 0.0524875 0.0258697 0.0985571 0.101896 1.3141
-0.109293 0.0124524 -0.0490586 -0.231783 0.236918 -1.77938
-0.105999 -0.0293962 0.000551419 0.423137 0.423138 1.56949
-0.0872689 -0.0669638 0.295754 -0.681135 0.742574 -1.16115
# x y Real Imaginary Modulus Phase <-> f = 0 s = 12
0.0412067 -0.10199 0.82102 0.199516 0.844915 0.238388
0.0764124 -0.0791274 -0.423017 0.103643 0.435529 2.90132
0.10049 -0.044741 0.172157 -0.154456 0.231289 -0.731254
0.109933 -0.00383894 -0.0718331 0.104788 0.127045 2.17173
0.103366 0.0376222 0.0364666 -0.0507038 0.0624555 -0.947295
0.0817459 0.0736044 -0.0164453 0.0133677 0.021193 2.45906
0.0482208 0.0988673 -0.000817613 -0.00348144 0.00357616 -1.80147
0.00767321 0.109732 0.00522371 0.00179164 0.00552242 0.33041
-0.0339919 0.104616 -0.00127288 -0.000315463 0.00131138 -2.89865
-0.0707066 0.0842649 0.0111015 0.00638367 0.012806 0.521856
-0.0971242 0.0516419 -0.0304783 -0.0146067 0.0337976 -2.69468
-0.109397 0.0114981 0.0613783 0.0390879 0.0727678 0.567065
-0.105739 -0.0303201 -0.0846294 -0.10781 0.137059 -2.23632
-0.0866812 -0.0677228 0.0263715 0.278181 0.279428 1.47628
-0.055 -0.0952628 0.276003 -0.512107 0.581749 -1.07647
# x y Real Imaginary Modulus Phase <-> f = 0 s = 13
0.0771 -0.0784575 0.949319 0.035291 0.949974 0.037158
0.100877 -0.0438624 -0.577609 0.239777 0.625399 2.74812
0.109962 -0.00287946 0.336455 -0.224901 0.4047 -0.58923
0.103034 0.0385228 -0.18394 0.10525 0.211923 2.62187
0.0811005 0.0743149 0.0840271 -0.0283741 0.0886884 -0.325656
0.0473562 0.0992844 -0.0280981 6.77975e-05 0.0280982 3.13918
0.00671534 0.109795 0.00483264 -0.00264678 0.00550998 -0.501067
-0.0349035 0.104316 0.00276306 0.00468596 0.00543992 1.03802
-0.0714393 0.0836447 -0.00138165 0.0100072 0.0101022 1.70799
-0.0975712 0.0507923 0.00416627 -0.00738961 0.00848317 -1.05742
-0.109494 0.010543 -0.0293013 0.009245 0.0307252 2.83596
-0.10547 -0.0312417 0.0522704 -0.00528391 0.0525368 -0.100746
-0.0860869 -0.0684766 -0.0732217 -0.0663152 0.0987883 -2.40565
-0.0541666 -0.0957391 0.0241267 0.236036 0.237266 1.46893
-0.0143579 -0.109059 0.304463 -0.532729 0.613594 -1.05158
# x y Real Imaginary Modulus Phase <-> f = 0 s = 14
0.101256 -0.0429804 0.742966 -0.090985 0.748517 -0.121855
0.109983 -0.00191976 -0.574587 0.447213 0.728114 2.48021
0.102694 0.0394205 0.413593 -0.303135 0.512787 -0.632486
0.0804489 0.0750198 -0.21078 0.124764 0.244937 2.60714
0.046488 0.0996939 0.0920578 -0.0446028 0.102294 -0.451178
0.00575696 0.109849 -0.0220169 0.0205607 0.0301246 2.39038
-0.0358125 0.104007 -0.00271284 -0.0102317 0.0105852 -1.82997
-0.0721665 0.0830181 0.00490487 0.010336 0.0114408 1.12772
-0.0980107 0.049939 -0.0116551 0.0156992 0.0195527 2.20942
-0.109581 0.00958713 0.000881765 -0.0253217 0.0253371 -1.53599
-0.105194 -0.0321609 -0.0142476 0.0233696 0.0273703 2.11829
-0.0854861 -0.0692252 0.0387136 -0.00790453 0.0395124 -0.201411
-0.0533291 -0.0962082 -0.0700437 -0.0772898 0.104306 -2.30705
-0.0134056 -0.10918 0.00238154 0.308749 0.308758 1.56308
0.0284701 -0.106252 0.314053 -0.727638 0.792519 -1.16334
# x y Real Imaginary Modulus Phase <-> f = 0 s = 15
0.109996 -0.000959919 0.6593 0.0148198 0.659466 0.0224743
0.102346 0.0403151 -0.529146 0.439941 0.688145 2.44799
0.0797912 0.075719 0.351455 -0.285173 0.452597 -0.681657
0.0456163 0.100096 -0.15684 0.136029 0.207612 2.42714
0.00479813 0.109895 0.0398757 -0.0537968 0.0669639 -0.932933
-0.0367188 0.103691 0.000954111 0.0235134 0.0235328 1.53024
-0.0728882 0.0823851 -0.0166212 -0.00505896 0.0173741 -2.84613
-0.0984428 0.0490818 0.00447057 0.00800757 0.009171 1.06161
-0.109661 0.0086305 -0.0183697 0.0192318 0.0265952 2.33327
-0.104909 -0.0330776 -0.00060567 -0.0349405 0.0349458 -1.58813
-0.0848787 -0.0699686 -0.0133287 0.0251873 0.0284966 2.05752
-0.0524875 -0.0966699 0.0493818 0.0101808 0.0504204 0.203317
-0.0124524 -0.109293 -0.0794817 -0.14397 0.164453 -2.07523
0.0293962 -0.105999 0.00335692 0.478338 0.47835 1.56378
0.0669638 -0.0872689 0.0745699 -0.784847 0.788382 -1.47607
