# x y Real Imaginary Modulus Phase <-> f = 0 s = 0
0.10199 0.0412067 0.733656 -0.0351699 0.734498 -0.0479011
0.0791274 0.0764124 -0.568377 0.330494 0.657479 2.61491
0.044741 0.10049 0.294324 -0.227483 0.371988 -0.657998
0.00383894 0.109933 -0.0958822 0.107969 0.144398 2.29697
-0.0376222 0.103366 0.0142305 -0.04959 0.0515914 -1.29134
-0.0736044 0.0817459 0.000992546 0.0152544 0.0152867 1.50582
-0.0988673 0.0482208 -0.0244159 0.000121621 0.0244162 3.13661
-0.109732 0.00767321 0.00377835 0.00442293 0.00581707 0.863832
-0.104616 -0.0339919 -0.021469 0.0197815 0.0291929 2.39708
-0.0842649 -0.0707066 0.00940938 -0.0291446 0.0306258 -1.25851
-0.0516419 -0.0971242 -0.0267596 0.0102234 0.028646 2.77666
-0.0114981 -0.109397 0.0550676 0.0692385 0.088467 0.898908
0.0303201 -0.105739 -0.0497568 -0.282088 0.286442 -1.74539
0.0677228 -0.0866812 0.128716 0.640642 0.653445 1.37252
0.0952628 -0.055 -0.0160645 -0.638476 0.638678 -1.59595
# x y Real Imaginary Modulus Phase <-> f = 0 s = 1
0.0784575 0.0771 0.817401 -0.0825383 0.821558 -0.100635
0.0438624 0.100877 -0.57575 0.270642 0.636188 2.70218
0.00287946 0.109962 0.236779 -0.17454 0.294157 -0.635224
-0.0385228 0.103034 -0.0566189 0.105142 0.119418 2.06477
-0.0743149 0.0811005 0.000648363 -0.0433377 0.0433426 -1.55584
-0.0992844 0.0473562 0.00171671 0.0100175 0.0101635 1.40107
-0.109795 0.00671534 -0.0234327 0.0027049 0.0235883 3.02667
-0.104316 -0.0349035 0.00630427 0.0124747 0.0139772 1.10287
-0.0836447 -0.0714393 -0.0182245 0.0182973 0.0258248 2.3542
-0.0507923 -0.0975712 0.0141488 -0.00815463 0.0163306 -0.522846
-0.010543 -0.109494 -0.0236406 -0.0341274 0.0415157 -2.17662
0.0312417 -0.10547 0.0120327 0.140091 0.140607 1.48511
0.0684766 -0.0860869 -0.0549738 -0.392928 0.396755 -1.7098
0.0957391 -0.0541666 0.190359 0.635089 0.663004 1.27958
0.109059 -0.0143579 0.0350165 -0.686647 0.687539 -1.51984
# x y Real Imaginary Modulus Phase <-> f = 0 s = 2
0.0429804 0.101256 0.875746 -0.0832521 0.879694 -0.0947793
0.00191976 0.109983 -0.526204 0.185681 0.558004 2.80237
-0.0394205 0.102694 0.186675 -0.177234 0.257409 -0.759461
-0.0750198 0.0804489 -0.0396224 0.0989946 0.10663 1.95152
-0.0996939 0.046488 0.00265198 -0.0452527 0.0453304 -1.51226
-0.109849 0.00575696 0.00787391 0.00979217 0.0125652 0.893559
-0.104007 -0.0358125 -0.0137382 -0.00453094 0.0144661 -2.82302
-0.0830181 -0.0721665 0.013729 0.0103385 0.0171863 0.645447
-0.049939 -0.0980107 -0.00608006 0.00716321 0.00939568 2.27459
-0.00958713 -0.109581 0.00518695 0.00801379 0.00954596 0.996354
0.0321609 -0.105194 0.00845617 -0.0541401 0.0547965 -1.41586
0.0692252 -0.0854861 0.00670028 0.178011 0.178137 1.53317
0.0962082 -0.0533291 -0.0874086 -0.362592 0.372979 -1.80735
0.10918 -0.0134056 0.104482 0.567219 0.576761 1.38864
0.106252 0.0284701 0.0991751 -0.773536 0.779867 -1.44328
# x y Real Imaginary Modulus Phase <-> f = 0 s = 3
0.000959919 0.109996 0.904618 0.00721997 0.904647 0.00798107
-0.0403151 0.102346 -0.482412 0.198871 0.521796 2.75058
-0.075719 0.0797912 0.173772 -0.167043 0.241039 -0.765658
-0.100096 0.0456163 -0.0471198 0.0997447 0.110314 2.01212
-0.109895 0.00479813 0.00142544 -0.0448168 0.0448394 -1.539
-0.103691 -0.0367188 0.0059949 0.0202999 0.0211666 1.28364
-0.0823851 -0.0728882 -0.00756577 -0.00888101 0.0116668 -2.2764
-0.0490818 -0.0984428 0.0111897 0.00347224 0.011716 0.300886
-0.0086305 -0.109661 -0.00563809 -0.000232811 0.00564289 -3.10032
0.0330776 -0.104909 -0.00325946 0.0115709 0.0120212 1.84538
0.0699686 -0.0848787 0.00631097 -0.0675099 0.0678042 -1.47759
0.0966699 -0.0524875 0.0418265 0.154798 0.160349 1.3069
0.109293 -0.0124524 -0.0804036 -0.288332 0.299333 -1.84275
0.105999 0.0293962 0.0467757 0.527703 0.529772 1.48239
0.0872689 0.0669638 0.147543 -0.792081 0.805705 -1.38663
# x y Real Imaginary Modulus Phase <-> f = 0 s = 4
-0.0412067 0.10199 0.881913 -0.0134043 0.882015 -0.0151979
-0.0764124 0.0791274 -0.479676 0.175681 0.510836 2.79052
-0.10049 0.044741 0.200723 -0.169227 0.262541 -0.700466
-0.109933 0.00383894 -0.0639016 0.103935 0.122008 2.12204
-0.103366 -0.0376222 0.0226721 -0.0499249 0.0548317 -1.14452
-0.0817459 -0.0736044 -0.00622772 0.0162436 0.0173965 1.93691
-0.0482208 -0.0988673 -0.000754126 -0.00313822 0.00322756 -1.80663
-0.00767321 -0.109732 0.00963453 0.000180631 0.00963622 0.0187461
0.0339919 -0.104616 -0.00622086 -0.00116769 0.0063295 -2.95605
0.0707066 -0.0842649 0.0081604 0.0187427 0.0204421 1.16016
0.0971242 -0.0516419 -0.027361 -0.0427027 0.0507163 -2.14063
0.109397 -0.0114981 0.0495088 0.0932196 0.105551 1.08258
0.105739 0.0303201 -0.067237 -0.212855 0.223222 -1.87676
0.0866812 0.0677228 0.0108337 0.442544 0.442676 1.54632
0.055 0.0952628 0.228217 -0.741102 0.775446 -1.27207
# x y Real Imaginary Modulus Phase <-> f = 0 s = 5
-0.0771 0.0784575 0.906736 -0.0235124 0.907041 -0.025925
-0.100877 0.0438624 -0.557992 0.221302 0.600274 2.76402
-0.109962 0.00287946 0.265624 -0.209854 0.338519 -0.668639
-0.103034 -0.0385228 -0.128821 0.118713 0.175179 2.39701
-0.0811005 -0.0743149 0.0569642 -0.0391097 0.0690977 -0.601654
-0.0473562 -0.0992844 -0.0124256 0.00960987 0.0157081 2.48329
-0.00671534 -0.109795 -0.00172405 -0.0020837 0.00270447 -2.26202
0.0349035 -0.104316 0.0114885 0.00360263 0.0120401 0.303875
0.0714393 -0.0836447 -0.0141958 -0.00160678 0.0142865 -3.02889
0.0975712 -0.0507923 0.0204093 0.0054802 0.0211322 0.262328
0.109494 -0.010543 -0.0293162 -0.0205578 0.0358059 -2.53003
0.10547 0.0312417 0.0603471 0.064005 0.0879683 0.814806
0.0860869 0.0684766 -0.0853244 -0.175367 0.195022 -2.02362
0.0541666 0.0957391 0.0383094 0.40632 0.408122 1.47679
0.0143579 0.109059 0.197517 -0.727491 0.753828 -1.30568
# x y Real Imaginary Modulus Phase <-> f = 0 s = 6
-0.101256 0.0429804 0.845008 -0.0474001 0.846336 -0.0560355
-0.109983 0.00191976 -0.557082 0.313793 0.639379 2.62861
-0.102694 -0.0394205 0.322386 -0.239589 0.401666 -0.639118
-0.0804489 -0.0750198 -0.15518 0.102523 0.185989 2.55775
-0.046488 -0.0996939 0.043854 -0.0365493 0.0570879 -0.694797
-0.00575696 -0.109849 -0.000566599 0.0176679 0.017677 1.60285
0.0358125 -0.104007 -0.0107205 0.00319944 0.0111877 2.85157
0.0721665 -0.0830181 0.0166719 0.00964471 0.0192607 0.52446
0.0980107 -0.049939 -0.0203716 0.00649033 0.0213805 2.83316
0.109581 -0.00958713 0.00937499 -0.00770815 0.012137 -0.688134
0.105194 0.0321609 -0.0303671 -0.0116541 0.0325266 -2.77515
0.0854861 0.0692252 0.0578806 0.0508893 0.0770707 0.72121
0.0533291 0.0962082 -0.0867414 -0.159656 0.181698 -2.06848
0.0134056 0.10918 0.0299936 0.395116 0.396253 1.49503
-0.0284701 0.106252 0.232784 -0.751609 0.786832 -1.27045
# x y Real Imaginary Modulus Phase <-> f = 0 s = 7
-0.109996 0.000959919 0.765049 -0.0788017 0.769096 -0.10264
-0.102346 -0.0403151 -0.615575 0.358801 0.71251 2.61386
-0.0797912 -0.075719 0.354496 -0.209263 0.411653 -0.533265
-0.0456163 -0.100096 -0.116466 0.0882414 0.146119 2.49321
-0.00479813 -0.109895 0.00441662 -0.0434983 0.043722 -1.46961
0.0367188 -0.103691 0.00548401 0.010777 0.012092 1.10008
0.0728882 -0.0823851 -0.0254968 0.0054866 0.0260804 2.92964
0.0984428 -0.0490818 0.0137149 0.0069548 0.0153775 0.469309
0.109661 -0.0086305 -0.0243106 0.0152438 0.0286946 2.58153
0.104909 0.0330776 0.00437958 -0.00947923 0.0104421 -1.13799
0.0848787 0.0699686 -0.0286234 -0.0148356 0.0322396 -2.66341
0.0524875 0.0966699 0.0606618 0.0539762 0.081199 0.727145
0.0124524 0.109293 -0.080566 -0.17791 0.195302 -1.99601
-0.0293962 0.105999 0.011774 0.467454 0.467602 1.54561
-0.0669638 0.0872689 0.152739 -0.771619 0.786591 -1.37538
# x y Real Imaginary Modulus Phase <-> f = 0 s = 8
-0.10199 -0.0412067 0.727506 -0.148451 0.742498 -0.201291
-0.0791274 -0.0764124 -0.621319 0.324427 0.700921 2.66038
-0.044741 -0.10049 0.253126 -0.176837 0.308779 -0.609794
-0.00383894 -0.109933 -0.0247896 0.0914281 0.0947292 1.83557
0.0376222 -0.103366 -0.0252654 -0.0338167 0.0422127 -2.21246
0.0736044 -0.0817459 0.0246454 -0.00216042 0.0247399 -0.0874367
0.0988673 -0.0482208 -0.0366315 0.00334779 0.0367841 3.05045
0.109732 -0.00767321 0.00645393 0.00285405 0.00705683 0.416365
0.104616 0.0339919 -0.0219056 0.0181282 0.0284339 2.45027
0.0842649 0.0707066 0.0116317 -0.00962708 0.0150989 -0.691381
0.0516419 0.0971242 -0.0323715 -0.00704783 0.0331298 -2.92722
0.0114981 0.109397 0.0620189 0.0629771 0.0883882 0.793064
-0.0303201 0.105739 -0.0772668 -0.235597 0.247944 -1.8877
-0.0677228 0.0866812 0.0797654 0.530622 0.536583 1.42159
-0.0952628 0.055 0.0731942 -0.749956 0.75352 -1.47351
# x y Real Imaginary Modulus Phase <-> f = 0 s = 9
-0.0784575 -0.0771 0.863078 -0.0570762 0.864964 -0.0660348
-0.0438624 -0.100877 -0.506792 0.149214 0.528302 2.85526
-0.00287946 -0.109962 0.113867 -0.139233 0.179866 -0.885287
0.0385228 -0.103034 0.0136723 0.0614395 0.0629423 1.35183
0.0743149 -0.0811005 -0.0343704 -0.0144326 0.0372776 -2.74404
0.0992844 -0.0473562 0.0305991 -0.0123446 0.0329954 -0.38346
0.109795 -0.00671534 -0.0318165 0.00246873 0.0319121 3.06415
0.104316 0.0349035 0.0120021 0.011939 0.016929 0.782766
0.0836447 0.0714393 -0.0197783 0.0120936 0.0231827 2.59279
0.0507923 0.0975712 0.0168741 -0.000561338 0.0168834 -0.033254
0.010543 0.109494 -0.0303854 -0.0250008 0.0393486 -2.45311
-0.0312417 0.10547 0.0405928 0.110919 0.118113 1.21997
-0.0684766 0.0860869 -0.0765173 -0.299553 0.309172 -1.82089
-0.0957391 0.0541666 0.0805613 0.598289 0.603688 1.43695
-0.109059 0.0143579 0.00807835 -0.793508 0.793549 -1.56062
# x y Real Imaginary Modulus Phase <-> f = 0 s = 10
-0.0429804 -0.101256 0.895747 0.127923 0.904835 0.141853
-0.00191976 -0.109983 -0.348052 0.113782 0.366179 2.82563
0.0394205 -0.102694 0.0742636 -0.115842 0.137602 -1.00072
0.0750198 -0.0804489 0.00854795 0.0546317 0.0552964 1.41559
0.0996939 -0.046488 -0.0293368 -0.0129086 0.0320512 -2.72707
0.109849 -0.00575696 0.0292657 -0.00420662 0.0295665 -0.142761
0.104007 0.0358125 -0.0291919 0.000532476 0.0291968 3.12335
0.0830181 0.0721665 0.0157791 0.0151792 0.0218949 0.766024
0.049939 0.0980107 -0.0104706 -0.000909014 0.01051 -3.05499
0.00958713 0.109581 0.00730276 0.00791872 0.010772 0.825843
-0.0321609 0.105194 -0.00715111 -0.0409985 0.0416175 -1.74348
-0.0692252 0.0854861 0.0230692 0.134677 0.136638 1.40115
-0.0962082 0.0533291 -0.0377691 -0.308896 0.311196 -1.69246
-0.10918 0.0134056 0.0473025 0.601458 0.603315 1.49231
-0.106252 -0.0284701 0.117636 -0.7808 0.789612 -1.42126
# x y Real Imaginary Modulus Phase <-> f = 0 s = 11
-0.000959919 -0.109996 0.764553 0.20942 0.792715 0.267354
0.0403151 -0.102346 -0.317376 0.0969454 0.331853 2.84514
0.075719 -0.0797912 0.100146 -0.118492 0.155144 -0.869111
0.100096 -0.0456163 -0.00759375 0.0724907 0.0728874 1.67517
0.109895 -0.00479813 -0.0107253 -0.032683 0.0343978 -1.88788
0.103691 0.0367188 0.00872334 0.0170993 0.0191959 1.09906
0.0823851 0.0728882 -0.00671553 -0.00694038 0.0096575 -2.33973
0.0490818 0.0984428 0.0108757 0.00372992 0.0114976 0.330388
0.0086305 0.109661 -0.000464972 -0.00328841 0.00332112 -1.71126
-0.0330776 0.104909 0.00404981 0.00967213 0.0104858 1.17427
-0.0699686 0.0848787 -0.0114398 -0.0417353 0.0432747 -1.83833
-0.0966699 0.0524875 0.026436 0.100193 0.103622 1.31282
-0.109293 0.0124524 -0.0499767 -0.228828 0.234222 -1.78582
-0.105999 -0.0293962 0.00239511 0.422077 0.422084 1.56512
-0.0872689 -0.0669638 0.296387 -0.682514 0.74409 -1.16111
# x y Real Imaginary Modulus Phase <-> f = 0 s = 12
0.0412067 -0.10199 0.821168 0.199307 0.845009 0.238107
0.0764124 -0.0791274 -0.423162 0.103807 0.435708 2.90103
0.10049 -0.044741 0.173081 -0.154993 0.232336 -0.730321
0.109933 -0.00383894 -0.0686374 0.102997 0.123772 2.15861
0.103366 0.0376222 0.0375049 -0.05162 0.0638062 -0.942468
0.0817459 0.0736044 -0.015555 0.0136812 0.0207155 2.4202
0.0482208 0.0988673 -0.00225778 -0.00379265 0.00441382 -2.10776
0.00767321 0.109732 0.00441018 0.00190057 0.00480227 0.4069
-0.0339919 0.104616 -0.000229507 -0.000794046 0.000826549 -1.85216
-0.0707066 0.0842649 0.0114872 0.00737786 0.0136524 0.570921
-0.0971242 0.0516419 -0.0283116 -0.0143932 0.0317603 -2.67126
-0.109397 0.0114981 0.061646 0.0391791 0.0730426 0.566149
-0.105739 -0.0303201 -0.0853597 -0.109816 0.139089 -2.23154
-0.0866812 -0.0677228 0.0267613 0.281276 0.282546 1.47594
-0.055 -0.0952628 0.273771 -0.513768 0.582158 -1.0812
# x y Real Imaginary Modulus Phase <-> f = 0 s = 13
0.0771 -0.0784575 0.949175 0.0331229 0.949753 0.0348823
0.100877 -0.0438624 -0.57729 0.238932 0.624782 2.74917
0.109962 -0.00287946 0.335909 -0.224938 0.404267 -0.590059
0.103034 0.0385228 -0.182232 0.106179 0.210909 2.61402
0.0811005 0.0743149 0.0854808 -0.0263436 0.0894481 -0.298945
0.0473562 0.0992844 -0.0268061 -0.000977874 0.026824 -3.10513
0.00671534 0.109795 0.00553326 -0.00219707 0.00595349 -0.377974
-0.0349035 0.104316 0.00304766 0.005917 0.00665576 1.09517
-0.0714393 0.0836447 -0.00415507 0.0106873 0.0114666 1.9416
-0.0975712 0.0507923 0.00329528 -0.00713609 0.00786019 -1.13819
-0.109494 0.010543 -0.0281781 0.00848796 0.0294287 2.84901
-0.10547 -0.0312417 0.0515628 -0.00404432 0.0517211 -0.0782747
-0.0860869 -0.0684766 -0.0729037 -0.0680084 0.0997 -2.39092
-0.0541666 -0.0957391 0.0266401 0.235357 0.23686 1.45809
-0.0143579 -0.109059 0.304855 -0.534892 0.615667 -1.05277
# x y Real Imaginary Modulus Phase <-> f = 0 s = 14
0.101256 -0.0429804 0.742281 -0.089753 0.747688 -0.120331
0.109983 -0.00191976 -0.573194 0.449116 0.728187 2.47697
0.102694 0.0394205 0.412301 -0.30371 0.512086 -0.634884
0.0804489 0.0750198 -0.212272 0.127063 0.247395 2.60221
0.046488 0.0996939 0.0925519 -0.0438591 0.102418 -0.442539
0.00575696 0.109849 -0.0237014 0.0198038 0.030886 2.44554
-0.0358125 0.104007 -0.00107039 -0.00972495 0.00978368 -1.68042
-0.0721665 0.0830181 0.00217643 0.00818304 0.00846753 1.31085
-0.0980107 0.049939 -0.0101457 0.0148712 0.0180024 2.1695
-0.109581 0.00958713 0.00131795 -0.0284151 0.0284456 -1.52445
-0.105194 -0.0321609 -0.0132459 0.0239346 0.0273555 2.07626
-0.0854861 -0.0692252 0.0377315 -0.00871819 0.0387256 -0.227074
-0.0533291 -0.0962082 -0.0686105 -0.0758787 0.102298 -2.30593
-0.0134056 -0.10918 -0.00107666 0.308713 0.308715 1.57428
0.0284701 -0.106252 0.310733 -0.728172 0.7917 -1.16746
# x y Real Imaginary Modulus Phase <-> f = 0 s = 15
0.109996 -0.000959919 0.659382 0.0132022 0.659514 0.0200194
0.102346 0.0403151 -0.530654 0.436598 0.687177 2.45313
0.0797912 0.075719 0.350528 -0.284235 0.451286 -0.681338
0.0456163 0.100096 -0.154357 0.136756 0.206224 2.41658
0.00479813 0.109895 0.0417419 -0.0536549 0.0679796 -0.909634
-0.0367188 0.103691 0.00127778 0.0210627 0.0211014 1.51021
-0.0728882 0.0823851 -0.0162344 -0.0098986 0.0190142 -2.59405
-0.0984428 0.0490818 0.00498661 0.00595055 0.00776372 0.873306
-0.109661 0.0086305 -0.0177919 0.017467 0.0249329 2.36541
-0.104909 -0.0330776 0.000687195 -0.0346289 0.0346357 -1.55095
-0.0848787 -0.0699686 -0.013956 0.0258294 0.0293586 2.06617
-0.0524875 -0.0966699 0.050482 0.00922503 0.0513179 0.180745
-0.0124524 -0.109293 -0.0807777 -0.143235 0.164443 -2.08429
0.0293962 -0.105999 0.00498088 0.480047 0.480072 1.56042
0.0669638 -0.0872689 0.0787361 -0.784284 0.788226 -1.47074
