# x y Real Imaginary Modulus Phase <-> f = 0 s = 0
0.10199 0.0412067 0.731259 -0.0358549 0.732138 -0.0489925
0.0791274 0.0764124 -0.568785 0.330567 0.657869 2.61513
0.044741 0.10049 0.297158 -0.22721 0.374068 -0.652787
0.00383894 0.109933 -0.0949587 0.106411 0.14262 2.29939
-0.0376222 0.103366 0.0142207 -0.0484669 0.0505101 -1.2854
-0.0736044 0.0817459 0.00195153 0.0134367 0.0135777 1.42657
-0.0988673 0.0482208 -0.0239418 -0.00022617 0.0239428 -3.13215
-0.109732 0.00767321 0.00322718 0.00469607 0.00569805 0.968707
-0.104616 -0.0339919 -0.0193661 0.0212481 0.0287493 2.30989
-0.0842649 -0.0707066 0.00952365 -0.0274397 0.0290454 -1.23673
-0.0516419 -0.0971242 -0.026475 0.0083827 0.0277704 2.83495
-0.0114981 -0.109397 0.0567798 0.0670642 0.0878724 0.868251
0.0303201 -0.105739 -0.0496064 -0.281928 0.286259 -1.74497
0.0677228 -0.0866812 0.128474 0.640535 0.653292 1.37285
0.0952628 -0.055 -0.0162244 -0.635898 0.636105 -1.5963
# x y Real Imaginary Modulus Phase <-> f = 0 s = 1
0.0784575 0.0771 0.817178 -0.0832884 0.821411 -0.101571
0.0438624 0.100877 -0.576287 0.270668 0.636685 2.7025
0.00287946 0.109962 0.236675 -0.174387 0.293983 -0.635014
-0.0385228 0.103034 -0.0568104 0.103689 0.118232 2.07202
-0.0743149 0.0811005 0.00277909 -0.043686 0.0437744 -1.50727
-0.0992844 0.0473562 0.00294961 0.00974029 0.0101771 1.27675
-0.109795 0.00671534 -0.0237175 0.00179848 0.0237856 3.06591
-0.104316 -0.0349035 0.00741102 0.0115956 0.0137615 1.0021
-0.0836447 -0.0714393 -0.0171594 0.0169037 0.0240869 2.3637
-0.0507923 -0.0975712 0.0139434 -0.00641438 0.0153481 -0.431164
-0.010543 -0.109494 -0.0239771 -0.0337965 0.041438 -2.18784
0.0312417 -0.10547 0.0123824 0.140359 0.140904 1.4828
0.0684766 -0.0860869 -0.056853 -0.393034 0.397125 -1.71445
0.0957391 -0.0541666 0.190618 0.632907 0.660989 1.27826
0.109059 -0.0143579 0.0353419 -0.686986 0.687895 -1.5194
# x y Real Imaginary Modulus Phase <-> f = 0 s = 2
0.0429804 0.101256 0.874949 -0.0814621 0.878733 -0.0928374
0.00191976 0.109983 -0.527822 0.185132 0.559348 2.80425
-0.0394205 0.102694 0.188394 -0.176883 0.258419 -0.753896
-0.0750198 0.0804489 -0.0406275 0.0992929 0.107283 1.95918
-0.0996939 0.046488 0.00133999 -0.04613 0.0461494 -1.54176
-0.109849 0.00575696 0.00891483 0.0110512 0.0141987 0.891993
-0.104007 -0.0358125 -0.0147032 -0.00412884 0.0152719 -2.86783
-0.0830181 -0.0721665 0.0134164 0.0112203 0.0174899 0.696491
-0.049939 -0.0980107 -0.00705729 0.00683144 0.00982211 2.37246
-0.00958713 -0.109581 0.00560353 0.00911528 0.0106999 1.01961
0.0321609 -0.105194 0.00706015 -0.0545985 0.0550531 -1.4422
0.0692252 -0.0854861 0.00775573 0.178435 0.178603 1.52736
0.0962082 -0.0533291 -0.0876727 -0.361082 0.371573 -1.80899
0.10918 -0.0134056 0.104001 0.568267 0.577706 1.38979
0.106252 0.0284701 0.100407 -0.773784 0.780271 -1.44176
# x y Real Imaginary Modulus Phase <-> f = 0 s = 3
0.000959919 0.109996 0.90477 0.00699448 0.904797 0.00773052
-0.0403151 0.102346 -0.482723 0.198373 0.521894 2.75169
-0.075719 0.0797912 0.1744 -0.166943 0.241424 -0.763556
-0.100096 0.0456163 -0.0469941 0.0997542 0.110269 2.01106
-0.109895 0.00479813 0.000940538 -0.0450298 0.0450396 -1.54991
-0.103691 -0.0367188 0.00634209 0.0196608 0.0206583 1.25876
-0.0823851 -0.0728882 -0.00692394 -0.00837814 0.010869 -2.26145
-0.0490818 -0.0984428 0.0110714 0.003556 0.0116285 0.310779
-0.0086305 -0.109661 -0.00634835 -0.000651656 0.00638171 -3.0393
0.0330776 -0.104909 -0.00317892 0.0107444 0.0112048 1.85846
0.0699686 -0.0848787 0.00601542 -0.0677566 0.0680231 -1.48225
0.0966699 -0.0524875 0.0409801 0.15527 0.160587 1.31275
0.109293 -0.0124524 -0.0806883 -0.287946 0.299038 -1.84401
0.105999 0.0293962 0.0467563 0.52765 0.529717 1.48241
0.0872689 0.0669638 0.147698 -0.791984 0.805639 -1.38642
# x y Real Imaginary Modulus Phase <-> f = 0 s = 4
-0.0412067 0.10199 0.882014 -0.0138665 0.882123 -0.0157201
-0.0764124 0.0791274 -0.479589 0.175931 0.51084 2.79
-0.10049 0.044741 0.20052 -0.169481 0.262549 -0.701707
-0.109933 0.00383894 -0.0640671 0.103564 0.121779 2.1248
-0.103366 -0.0376222 0.0228887 -0.0497047 0.0547216 -1.13925
-0.0817459 -0.0736044 -0.006942 0.0160513 0.0174881 1.97899
-0.0482208 -0.0988673 -0.000788319 -0.00339223 0.00348262 -1.79913
-0.00767321 -0.109732 0.00968689 -0.000267555 0.00969059 -0.0276132
0.0339919 -0.104616 -0.00551963 -0.00107006 0.0056224 -2.9501
0.0707066 -0.0842649 0.00759878 0.0195117 0.0209392 1.19942
0.0971242 -0.0516419 -0.0271909 -0.0421466 0.0501566 -2.14375
0.109397 -0.0114981 0.0493497 0.0931581 0.105422 1.08364
0.105739 0.0303201 -0.0673258 -0.213045 0.22343 -1.87688
0.0866812 0.0677228 0.0108455 0.442302 0.442435 1.54628
0.055 0.0952628 0.228517 -0.741791 0.776192 -1.27196
# x y Real Imaginary Modulus Phase <-> f = 0 s = 5
-0.0771 0.0784575 0.906564 -0.0232348 0.906862 -0.0256239
-0.100877 0.0438624 -0.557776 0.222084 0.600363 2.76267
-0.109962 0.00287946 0.265809 -0.20959 0.3385 -0.66769
-0.103034 -0.0385228 -0.129007 0.118345 0.175066 2.39927
-0.0811005 -0.0743149 0.0569216 -0.0387774 0.0688749 -0.598026
-0.0473562 -0.0992844 -0.0124245 0.00988802 0.015879 2.46939
-0.00671534 -0.109795 -0.00176386 -0.00293198 0.00342165 -2.11239
0.0349035 -0.104316 0.0113581 0.00406405 0.0120633 0.343615
0.0714393 -0.0836447 -0.0148842 -0.00266221 0.0151204 -2.9646
0.0975712 -0.0507923 0.0193234 0.00534023 0.0200478 0.26963
0.109494 -0.010543 -0.0303537 -0.0195573 0.0361086 -2.56923
0.10547 0.0312417 0.0598655 0.0636514 0.0873807 0.81604
0.0860869 0.0684766 -0.0845869 -0.175768 0.195062 -2.01933
0.0541666 0.0957391 0.0386 0.40684 0.408667 1.4762
0.0143579 0.109059 0.197164 -0.727176 0.753431 -1.30603
# x y Real Imaginary Modulus Phase <-> f = 0 s = 6
-0.101256 0.0429804 0.845238 -0.0451678 0.846444 -0.0533872
-0.109983 0.00191976 -0.555746 0.309836 0.63628 2.633
-0.102694 -0.0394205 0.323194 -0.238722 0.401799 -0.636186
-0.0804489 -0.0750198 -0.154406 0.103663 0.185977 2.55034
-0.046488 -0.0996939 0.0451846 -0.038437 0.0593215 -0.704881
-0.00575696 -0.109849 0.00042548 0.0173828 0.017388 1.54632
0.0358125 -0.104007 -0.0090149 0.0037694 0.00977123 2.74556
0.0721665 -0.0830181 0.0155765 0.0111052 0.0191299 0.61936
0.0980107 -0.049939 -0.0210911 0.00941439 0.0230969 2.72176
0.109581 -0.00958713 0.00847068 -0.00458133 0.00963021 -0.495788
0.105194 0.0321609 -0.0316258 -0.0107477 0.0334022 -2.814
0.0854861 0.0692252 0.0619047 0.0507927 0.0800755 0.687115
0.0533291 0.0962082 -0.0854077 -0.157465 0.179136 -2.06778
0.0134056 0.10918 0.0300863 0.395869 0.397011 1.49494
-0.0284701 0.106252 0.235209 -0.75145 0.787401 -1.26745
# x y Real Imaginary Modulus Phase <-> f = 0 s = 7
-0.109996 0.000959919 0.765088 -0.0805904 0.769321 -0.104948
-0.102346 -0.0403151 -0.614885 0.354196 0.709605 2.61898
-0.0797912 -0.075719 0.354126 -0.207962 0.410674 -0.530996
-0.0456163 -0.100096 -0.118553 0.0883463 0.147851 2.50117
-0.00479813 -0.109895 0.00769918 -0.04304 0.0437232 -1.39378
0.0367188 -0.103691 0.00862086 0.00921912 0.0126219 0.81892
0.0728882 -0.0823851 -0.0248532 0.00324345 0.025064 3.01182
0.0984428 -0.0490818 0.00999818 0.00733459 0.0124 0.632918
0.109661 -0.0086305 -0.0237145 0.0129909 0.0270396 2.64044
0.104909 0.0330776 0.00389565 -0.00962475 0.0103832 -1.1862
0.0848787 0.0699686 -0.0307249 -0.0117433 0.0328926 -2.77652
0.0524875 0.0966699 0.0605777 0.0500813 0.0785989 0.690828
0.0124524 0.109293 -0.0805471 -0.176548 0.194054 -1.99882
-0.0293962 0.105999 0.0118496 0.465756 0.465907 1.54536
-0.0669638 0.0872689 0.15212 -0.769475 0.784367 -1.37562
# x y Real Imaginary Modulus Phase <-> f = 0 s = 8
-0.10199 -0.0412067 0.727236 -0.147031 0.74195 -0.199489
-0.0791274 -0.0764124 -0.621412 0.32701 0.702202 2.65718
-0.044741 -0.10049 0.259283 -0.174235 0.312387 -0.591679
-0.00383894 -0.109933 -0.024818 0.0930657 0.096318 1.8314
0.0376222 -0.103366 -0.0242948 -0.0312402 0.0395751 -2.23178
0.0736044 -0.0817459 0.025013 -0.0056441 0.0256419 -0.22193
0.0988673 -0.0482208 -0.0350765 0.00601075 0.0355878 2.97188
0.109732 -0.00767321 0.00893687 0.00642958 0.0110094 0.623657
0.104616 0.0339919 -0.0225186 0.0133724 0.0261899 2.60572
0.0842649 0.0707066 0.0109461 -0.00856063 0.0138961 -0.663711
0.0516419 0.0971242 -0.0336599 -0.00930562 0.0349225 -2.87187
0.0114981 0.109397 0.0609671 0.0653401 0.0893662 0.820006
-0.0303201 0.105739 -0.0745067 -0.235994 0.247476 -1.87661
-0.0677228 0.0866812 0.0814592 0.5281 0.534345 1.41775
-0.0952628 0.055 0.0678427 -0.747701 0.750773 -1.48031
# x y Real Imaginary Modulus Phase <-> f = 0 s = 9
-0.0784575 -0.0771 0.863066 -0.0587342 0.865062 -0.0679482
-0.0438624 -0.100877 -0.506681 0.151022 0.528709 2.85191
-0.00287946 -0.109962 0.113751 -0.137971 0.178816 -0.881321
0.0385228 -0.103034 0.0157951 0.0593804 0.0614452 1.31082
0.0743149 -0.0811005 -0.0311092 -0.0119602 0.033329 -2.77456
0.0992844 -0.0473562 0.0306913 -0.0167846 0.0349811 -0.500448
0.109795 -0.00671534 -0.0321378 0.00380903 0.0323628 3.02362
0.104316 0.0349035 0.0115586 0.0113225 0.0161802 0.775081
0.0836447 0.0714393 -0.0149852 0.00876504 0.0173603 2.61234
0.0507923 0.0975712 0.0166613 -0.000720273 0.0166769 -0.0432033
0.010543 0.109494 -0.0313485 -0.0241516 0.0395731 -2.48515
-0.0312417 0.10547 0.0418777 0.11312 0.120623 1.21624
-0.0684766 0.0860869 -0.0769774 -0.299689 0.309417 -1.82222
-0.0957391 0.0541666 0.0785447 0.596602 0.60175 1.4399
-0.109059 0.0143579 0.00459453 -0.794158 0.794171 -1.56501
# x y Real Imaginary Modulus Phase <-> f = 0 s = 10
-0.0429804 -0.101256 0.89706 0.127941 0.906138 0.141667
-0.00191976 -0.109983 -0.348581 0.114167 0.366801 2.82508
0.0394205 -0.102694 0.0728749 -0.114994 0.136141 -1.00595
0.0750198 -0.0804489 0.0100446 0.0542708 0.0551926 1.38778
0.0996939 -0.046488 -0.0281091 -0.0128479 0.0309062 -2.71287
0.109849 -0.00575696 0.0302417 -0.00456134 0.0305837 -0.149701
0.104007 0.0358125 -0.0251075 -0.000585414 0.0251144 -3.11828
0.0830181 0.0721665 0.0147675 0.0147693 0.0208857 0.785458
0.049939 0.0980107 -0.00986171 -0.000376048 0.00986888 -3.10348
0.00958713 0.109581 0.0126306 0.00844111 0.0151916 0.589139
-0.0321609 0.105194 -0.00931329 -0.0416349 0.0426638 -1.79086
-0.0692252 0.0854861 0.0252782 0.131139 0.133554 1.38037
-0.0962082 0.0533291 -0.0358379 -0.307406 0.309488 -1.68685
-0.10918 0.0134056 0.0452219 0.603257 0.604949 1.49597
-0.106252 -0.0284701 0.120106 -0.781874 0.791045 -1.41837
# x y Real Imaginary Modulus Phase <-> f = 0 s = 11
-0.000959919 -0.109996 0.765785 0.210899 0.794295 0.26874
0.0403151 -0.102346 -0.318699 0.0953245 0.33265 2.85096
0.075719 -0.0797912 0.0999191 -0.119766 0.155973 -0.875495
0.100096 -0.0456163 -0.00722832 0.0732462 0.073602 1.66916
0.109895 -0.00479813 -0.0111416 -0.0337307 0.0355232 -1.88982
0.103691 0.0367188 0.00737496 0.0177484 0.0192197 1.17698
0.0823851 0.0728882 -0.00925554 -0.00427163 0.0101937 -2.7092
0.0490818 0.0984428 0.0106087 0.00511242 0.0117763 0.449069
0.0086305 0.109661 -0.00402757 -0.00113103 0.00418337 -2.86782
-0.0330776 0.104909 0.00554773 0.00729872 0.00916781 0.920865
-0.0699686 0.0848787 -0.0133901 -0.0384635 0.0407275 -1.9058
-0.0966699 0.0524875 0.025665 0.0976139 0.100932 1.31369
-0.109293 0.0124524 -0.0488357 -0.231818 0.236906 -1.77842
-0.105999 -0.0293962 -0.000334592 0.423258 0.423258 1.57159
-0.0872689 -0.0669638 0.296616 -0.680103 0.741971 -1.15953
# x y Real Imaginary Modulus Phase <-> f = 0 s = 12
0.0412067 -0.10199 0.820935 0.199295 0.84478 0.238159
0.0764124 -0.0791274 -0.422938 0.103687 0.435462 2.90118
0.10049 -0.044741 0.172518 -0.154185 0.231377 -0.729339
0.109933 -0.00383894 -0.0718973 0.104262 0.126648 2.1745
0.103366 0.0376222 0.0363931 -0.0503173 0.062099 -0.944621
0.0817459 0.0736044 -0.0162856 0.0125147 0.0205387 2.48639
0.0482208 0.0988673 -0.000450427 -0.00315623 0.00318821 -1.71255
0.00767321 0.109732 0.00537563 0.00156286 0.0055982 0.282931
-0.0339919 0.104616 -0.000319958 -0.000143822 0.000350797 -2.71915
-0.0707066 0.0842649 0.0107365 0.00692418 0.0127757 0.572794
-0.0971242 0.0516419 -0.029537 -0.0148125 0.0330431 -2.67675
-0.109397 0.0114981 0.0620467 0.0392151 0.0734004 0.563635
-0.105739 -0.0303201 -0.08389 -0.107865 0.136647 -2.23181
-0.0866812 -0.0677228 0.026494 0.279061 0.280316 1.47614
-0.055 -0.0952628 0.275374 -0.512341 0.581656 -1.07762
# x y Real Imaginary Modulus Phase <-> f = 0 s = 13
0.0771 -0.0784575 0.949336 0.033833 0.949939 0.0356235
0.100877 -0.0438624 -0.577427 0.239544 0.625142 2.74835
0.109962 -0.00287946 0.337188 -0.226129 0.405993 -0.590742
0.103034 0.0385228 -0.183111 0.104887 0.211024 2.62141
0.0811005 0.0743149 0.0836952 -0.0273616 0.0880542 -0.315967
0.0473562 0.0992844 -0.0273905 -9.23035e-05 0.0273907 -3.13822
0.00671534 0.109795 0.00521234 -0.00195697 0.0055676 -0.359165
-0.0349035 0.104316 0.00150295 0.0055792 0.00577809 1.30766
-0.0714393 0.0836447 -0.00227787 0.0108565 0.0110929 1.77761
-0.0975712 0.0507923 0.00481392 -0.00693885 0.0084452 -0.964269
-0.109494 0.010543 -0.031185 0.00939629 0.0325699 2.84894
-0.10547 -0.0312417 0.0518492 -0.00503316 0.0520929 -0.0967698
-0.0860869 -0.0684766 -0.0729688 -0.0655741 0.098104 -2.40952
-0.0541666 -0.0957391 0.0247677 0.237051 0.238341 1.46669
-0.0143579 -0.109059 0.304583 -0.533028 0.613913 -1.05166
# x y Real Imaginary Modulus Phase <-> f = 0 s = 14
0.101256 -0.0429804 0.743265 -0.091244 0.748845 -0.12215
0.109983 -0.00191976 -0.574916 0.447321 0.72844 2.48037
0.102694 0.0394205 0.413778 -0.303229 0.512991 -0.632421
0.0804489 0.0750198 -0.210877 0.124911 0.245096 2.60683
0.046488 0.0996939 0.0917092 -0.0440129 0.101724 -0.447453
0.00575696 0.109849 -0.0235921 0.0206562 0.0313571 2.42245
-0.0358125 0.104007 -0.00185142 -0.0103615 0.0105257 -1.74761
-0.0721665 0.0830181 0.00413023 0.0109302 0.0116846 1.20951
-0.0980107 0.049939 -0.012758 0.0180531 0.0221062 2.186
-0.109581 0.00958713 0.000755345 -0.0250827 0.0250941 -1.54069
-0.105194 -0.0321609 -0.0136464 0.0249481 0.0284365 2.07133
-0.0854861 -0.0692252 0.0387994 -0.0084151 0.0397015 -0.213579
-0.0533291 -0.0962082 -0.0702402 -0.0774665 0.104569 -2.30731
-0.0134056 -0.10918 0.00187579 0.308809 0.308815 1.56472
0.0284701 -0.106252 0.313652 -0.72817 0.792849 -1.16407
# x y Real Imaginary Modulus Phase <-> f = 0 s = 15
0.109996 -0.000959919 0.659542 0.0137326 0.659685 0.0208184
0.102346 0.0403151 -0.53022 0.441052 0.689681 2.44774
0.0797912 0.075719 0.352748 -0.284301 0.453054 -0.678365
0.0456163 0.100096 -0.15648 0.135249 0.206829 2.42884
0.00479813 0.109895 0.0405741 -0.0539166 0.0674778 -0.925675
-0.0367188 0.103691 -0.00111134 0.0222829 0.0223106 1.62063
-0.0728882 0.0823851 -0.0164015 -0.00484265 0.0171014 -2.85449
-0.0984428 0.0490818 0.00414053 0.00779891 0.00882989 1.08273
-0.109661 0.0086305 -0.0194339 0.0182835 0.0266826 2.38669
-0.104909 -0.0330776 0.000344667 -0.035299 0.0353006 -1.56103
-0.0848787 -0.0699686 -0.0134366 0.0254753 0.0288016 2.05615
-0.0524875 -0.0966699 0.050137 0.010277 0.0511794 0.202178
-0.0124524 -0.109293 -0.0793384 -0.144717 0.165038 -2.07228
0.0293962 -0.105999 0.00384998 0.478388 0.478404 1.56275
0.0669638 -0.0872689 0.0746899 -0.785179 0.788723 -1.47596
