# x y Real Imaginary Modulus Phase <-> f = 0 s = 0
0.10199 0.0412067 0.732623 -0.0354054 0.733478 -0.0482894
0.0791274 0.0764124 -0.56859 0.330112 0.657472 2.61557
0.044741 0.10049 0.296447 -0.226255 0.372924 -0.651909
0.00383894 0.109933 -0.0993789 0.106911 0.145967 2.3197
-0.0376222 0.103366 0.0110147 -0.0476304 0.0488874 -1.34354
-0.0736044 0.0817459 0.00543729 0.0164261 0.0173027 1.25113
-0.0988673 0.0482208 -0.0242804 -0.00330642 0.0245045 -3.00625
-0.109732 0.00767321 0.00361046 0.00835938 0.00910575 1.16309
-0.104616 -0.0339919 -0.0210837 0.0236788 0.0317051 2.29828
-0.0842649 -0.0707066 0.0109732 -0.0305838 0.0324928 -1.22631
-0.0516419 -0.0971242 -0.0255377 0.00938911 0.027209 2.78928
-0.0114981 -0.109397 0.0611813 0.0656211 0.0897178 0.820397
0.0303201 -0.105739 -0.0471065 -0.279907 0.283843 -1.73753
0.0677228 -0.0866812 0.126741 0.642559 0.654939 1.37605
0.0952628 -0.055 -0.0163855 -0.635763 0.635974 -1.59656
# x y Real Imaginary Modulus Phase <-> f = 0 s = 1
0.0784575 0.0771 0.817992 -0.078364 0.821737 -0.095509
0.0438624 0.100877 -0.574602 0.266939 0.63358 2.70669
0.00287946 0.109962 0.234924 -0.175527 0.293256 -0.641682
-0.0385228 0.103034 -0.0578752 0.103796 0.118841 2.07945
-0.0743149 0.0811005 0.00402906 -0.0422438 0.0424356 -1.47571
-0.0992844 0.0473562 0.00681292 0.0103233 0.0123688 0.987456
-0.109795 0.00671534 -0.0263433 -0.000760724 0.0263543 -3.11272
-0.104316 -0.0349035 0.00444921 0.0142269 0.0149064 1.2677
-0.0836447 -0.0714393 -0.0160082 0.0176424 0.0238226 2.30767
-0.0507923 -0.0975712 0.0131624 -0.00474946 0.0139931 -0.346295
-0.010543 -0.109494 -0.0231379 -0.0360449 0.0428322 -2.14147
0.0312417 -0.10547 0.015555 0.140126 0.140987 1.46024
0.0684766 -0.0860869 -0.0554446 -0.388149 0.392089 -1.71268
0.0957391 -0.0541666 0.189184 0.629942 0.657737 1.27905
0.109059 -0.0143579 0.0373228 -0.684527 0.685544 -1.51633
# x y Real Imaginary Modulus Phase <-> f = 0 s = 2
0.0429804 0.101256 0.874914 -0.080039 0.878567 -0.0912282
0.00191976 0.109983 -0.529278 0.184867 0.560634 2.80556
-0.0394205 0.102694 0.191816 -0.177216 0.261149 -0.745856
-0.0750198 0.0804489 -0.0407094 0.0955086 0.103823 1.97372
-0.0996939 0.046488 0.00153709 -0.0465311 0.0465565 -1.53777
-0.109849 0.00575696 0.0104341 0.0104176 0.0147444 0.784611
-0.104007 -0.0358125 -0.0167978 -0.00411515 0.0172945 -2.90134
-0.0830181 -0.0721665 0.0105598 0.015249 0.0185484 0.965129
-0.049939 -0.0980107 -0.00555294 0.00623194 0.00834699 2.29864
-0.00958713 -0.109581 0.00474745 0.00587334 0.00755211 0.891011
0.0321609 -0.105194 0.00476692 -0.055003 0.0552092 -1.48435
0.0692252 -0.0854861 0.00831972 0.178359 0.178553 1.52418
0.0962082 -0.0533291 -0.0913858 -0.3609 0.372291 -1.8188
0.10918 -0.0134056 0.103788 0.568673 0.578067 1.39027
0.106252 0.0284701 0.102142 -0.771754 0.778484 -1.43921
# x y Real Imaginary Modulus Phase <-> f = 0 s = 3
0.000959919 0.109996 0.904365 0.00618062 0.904386 0.00683411
-0.0403151 0.102346 -0.482821 0.19699 0.52146 2.75421
-0.075719 0.0797912 0.175433 -0.165176 0.240956 -0.755291
-0.100096 0.0456163 -0.0476039 0.0992842 0.110107 2.01789
-0.109895 0.00479813 0.00163388 -0.0459699 0.0459989 -1.53527
-0.103691 -0.0367188 0.0064857 0.0191009 0.020172 1.24346
-0.0823851 -0.0728882 -0.00653823 -0.00919275 0.0112807 -2.18902
-0.0490818 -0.0984428 0.0105205 0.00327635 0.0110189 0.301905
-0.0086305 -0.109661 -0.00576974 -6.10067e-05 0.00577006 -3.13102
0.0330776 -0.104909 -0.00361421 0.0102526 0.010871 1.90971
0.0699686 -0.0848787 0.0067497 -0.0676679 0.0680037 -1.47138
0.0966699 -0.0524875 0.0416506 0.153744 0.159286 1.30624
0.109293 -0.0124524 -0.0810538 -0.288155 0.299338 -1.845
0.105999 0.0293962 0.0464254 0.528828 0.530862 1.48323
0.0872689 0.0669638 0.146709 -0.793061 0.806516 -1.38787
# x y Real Imaginary Modulus Phase <-> f = 0 s = 4
-0.0412067 0.10199 0.881839 -0.0140778 0.881951 -0.0159628
-0.0764124 0.0791274 -0.480579 0.175987 0.511788 2.79056
-0.10049 0.044741 0.201321 -0.169638 0.263262 -0.700198
-0.109933 0.00383894 -0.0636345 0.104238 0.122127 2.11888
-0.103366 -0.0376222 0.0226432 -0.0489226 0.0539086 -1.13732
-0.0817459 -0.0736044 -0.00725468 0.0154677 0.0170845 2.00936
-0.0482208 -0.0988673 0.00111203 -0.00431906 0.00445992 -1.3188
-0.00767321 -0.109732 0.00956289 5.87937e-05 0.00956307 0.00614803
0.0339919 -0.104616 -0.00697583 -0.0012105 0.00708007 -2.96978
0.0707066 -0.0842649 0.00722472 0.0191487 0.0204663 1.21001
0.0971242 -0.0516419 -0.0276846 -0.0444136 0.0523355 -2.1282
0.109397 -0.0114981 0.0490409 0.0934062 0.105498 1.08733
0.105739 0.0303201 -0.066795 -0.213698 0.223894 -1.87374
0.0866812 0.0677228 0.0100689 0.442913 0.443028 1.54807
0.055 0.0952628 0.22909 -0.741083 0.775685 -1.27099
# x y Real Imaginary Modulus Phase <-> f = 0 s = 5
-0.0771 0.0784575 0.908108 -0.0202563 0.908334 -0.0223024
-0.100877 0.0438624 -0.557353 0.222348 0.600067 2.762
-0.109962 0.00287946 0.267497 -0.208873 0.339386 -0.662949
-0.103034 -0.0385228 -0.127112 0.118888 0.174045 2.38961
-0.0811005 -0.0743149 0.0552897 -0.0395141 0.0679581 -0.620506
-0.0473562 -0.0992844 -0.0133659 0.00980289 0.0165754 2.50878
-0.00671534 -0.109795 -0.00193194 -0.0035983 0.00408413 -2.06353
0.0349035 -0.104316 0.0118012 0.00452368 0.0126385 0.366048
0.0714393 -0.0836447 -0.0143612 -0.00158571 0.0144484 -3.03162
0.0975712 -0.0507923 0.0202794 0.00873592 0.022081 0.406755
0.109494 -0.010543 -0.0314573 -0.018436 0.0364616 -2.61148
0.10547 0.0312417 0.0585797 0.0637735 0.0865947 0.827822
0.0860869 0.0684766 -0.0830215 -0.176066 0.194658 -2.01141
0.0541666 0.0957391 0.0395545 0.405757 0.407681 1.47362
0.0143579 0.109059 0.200307 -0.728205 0.755252 -1.30237
# x y Real Imaginary Modulus Phase <-> f = 0 s = 6
-0.101256 0.0429804 0.842054 -0.0435424 0.843179 -0.0516637
-0.109983 0.00191976 -0.553248 0.314794 0.636536 2.62428
-0.102694 -0.0394205 0.326336 -0.239924 0.405042 -0.633966
-0.0804489 -0.0750198 -0.154883 0.103153 0.18609 2.55405
-0.046488 -0.0996939 0.0446552 -0.0376856 0.058432 -0.700956
-0.00575696 -0.109849 -0.00355231 0.0176722 0.0180257 1.76916
0.0358125 -0.104007 -0.0136326 -0.000416724 0.0136389 -3.11103
0.0721665 -0.0830181 0.0188303 0.00893865 0.0208442 0.443199
0.0980107 -0.049939 -0.0204034 0.00861001 0.0221457 2.74228
0.109581 -0.00958713 0.0101005 -0.0046139 0.0111044 -0.428494
0.105194 0.0321609 -0.0292357 -0.0142022 0.0325027 -2.68938
0.0854861 0.0692252 0.0638324 0.0546839 0.084053 0.708359
0.0533291 0.0962082 -0.0883913 -0.164364 0.186624 -2.06421
0.0134056 0.10918 0.0335986 0.397567 0.398984 1.48649
-0.0284701 0.106252 0.229854 -0.744959 0.779613 -1.27152
# x y Real Imaginary Modulus Phase <-> f = 0 s = 7
-0.109996 0.000959919 0.775443 -0.0743392 0.778999 -0.0955747
-0.102346 -0.0403151 -0.61415 0.358776 0.711267 2.61289
-0.0797912 -0.075719 0.357075 -0.200546 0.409538 -0.511733
-0.0456163 -0.100096 -0.114751 0.0856547 0.143194 2.50037
-0.00479813 -0.109895 0.0039194 -0.0434301 0.0436066 -1.48079
0.0367188 -0.103691 0.00569953 0.0058673 0.00817984 0.799902
0.0728882 -0.0823851 -0.0208271 0.00845854 0.0224792 2.75581
0.0984428 -0.0490818 0.00667732 0.00604758 0.00900887 0.735949
0.109661 -0.0086305 -0.0255501 0.0169358 0.0306534 2.55624
0.104909 0.0330776 0.00579052 -0.00852773 0.0103079 -0.974288
0.0848787 0.0699686 -0.0200267 -0.0134954 0.0241495 -2.54862
0.0524875 0.0966699 0.0574466 0.0503313 0.0763764 0.719476
0.0124524 0.109293 -0.0854613 -0.1725 0.19251 -2.03078
-0.0293962 0.105999 0.0146412 0.468573 0.468801 1.53956
-0.0669638 0.0872689 0.151855 -0.770564 0.785384 -1.37622
# x y Real Imaginary Modulus Phase <-> f = 0 s = 8
-0.10199 -0.0412067 0.729191 -0.149135 0.744286 -0.201739
-0.0791274 -0.0764124 -0.631365 0.327318 0.711167 2.66331
-0.044741 -0.10049 0.260363 -0.170998 0.311495 -0.581118
-0.00383894 -0.109933 -0.0247954 0.0925987 0.095861 1.83243
0.0376222 -0.103366 -0.0221527 -0.0350136 0.041433 -2.13491
0.0736044 -0.0817459 0.0295219 -0.00490775 0.0299271 -0.164734
0.0988673 -0.0482208 -0.037762 0.00651056 0.0383191 2.97086
0.109732 -0.00767321 0.0134055 0.0059421 0.0146634 0.417233
0.104616 0.0339919 -0.0233022 0.0139777 0.027173 2.60129
0.0842649 0.0707066 0.010001 -0.00899638 0.013452 -0.732565
0.0516419 0.0971242 -0.0329917 -0.0116452 0.0349866 -2.80227
0.0114981 0.109397 0.0569594 0.0640242 0.0856941 0.843726
-0.0303201 0.105739 -0.0729852 -0.234292 0.245397 -1.87278
-0.0677228 0.0866812 0.0752543 0.529303 0.534626 1.42957
-0.0952628 0.055 0.0712454 -0.750326 0.753701 -1.47613
# x y Real Imaginary Modulus Phase <-> f = 0 s = 9
-0.0784575 -0.0771 0.866387 -0.0584052 0.868353 -0.0673106
-0.0438624 -0.100877 -0.502636 0.151634 0.52501 2.8486
-0.00287946 -0.109962 0.107513 -0.134968 0.172555 -0.898144
0.0385228 -0.103034 0.00952336 0.0540664 0.0548987 1.39644
0.0743149 -0.0811005 -0.0337787 -0.0155017 0.0371659 -2.71135
0.0992844 -0.0473562 0.0263718 -0.0185521 0.0322436 -0.61306
0.109795 -0.00671534 -0.0315777 0.0083739 0.0326691 2.88237
0.104316 0.0349035 0.0145279 0.0188096 0.0237668 0.913133
0.0836447 0.0714393 -0.0159251 0.00620882 0.0170927 2.76984
0.0507923 0.0975712 0.0229348 -0.00614683 0.0237442 -0.261859
0.010543 0.109494 -0.0319235 -0.0225672 0.0390946 -2.52624
-0.0312417 0.10547 0.046249 0.106999 0.116567 1.16281
-0.0684766 0.0860869 -0.0764561 -0.298274 0.307917 -1.82172
-0.0957391 0.0541666 0.0824958 0.590507 0.596242 1.43199
-0.109059 0.0143579 0.00710769 -0.796152 0.796183 -1.56187
# x y Real Imaginary Modulus Phase <-> f = 0 s = 10
-0.0429804 -0.101256 0.894224 0.12582 0.903033 0.139786
-0.00191976 -0.109983 -0.346244 0.110271 0.363379 2.83327
0.0394205 -0.102694 0.0774618 -0.118622 0.141674 -0.992304
0.0750198 -0.0804489 0.00988359 0.0532697 0.0541788 1.38734
0.0996939 -0.046488 -0.0337726 -0.0160822 0.0374062 -2.69717
0.109849 -0.00575696 0.0314736 -0.000256563 0.0314747 -0.0081515
0.104007 0.0358125 -0.0268084 0.00627131 0.0275322 2.91179
0.0830181 0.0721665 0.0158843 0.0115742 0.0196538 0.629702
0.049939 0.0980107 -0.0113348 0.007122 0.0133865 2.5806
0.00958713 0.109581 0.0172754 0.00778373 0.018948 0.423326
-0.0321609 0.105194 0.000130831 -0.0364058 0.036406 -1.5672
-0.0692252 0.0854861 0.0229452 0.13078 0.132778 1.39712
-0.0962082 0.0533291 -0.0289851 -0.305587 0.306959 -1.66536
-0.10918 0.0134056 0.0416226 0.596919 0.598368 1.50118
-0.106252 -0.0284701 0.11785 -0.775277 0.784183 -1.41994
# x y Real Imaginary Modulus Phase <-> f = 0 s = 11
-0.000959919 -0.109996 0.764466 0.213878 0.793821 0.272799
0.0403151 -0.102346 -0.320035 0.0997866 0.335231 2.83935
0.075719 -0.0797912 0.0988386 -0.127689 0.161473 -0.912076
0.100096 -0.0456163 -0.0136473 0.0692896 0.0706208 1.76527
0.109895 -0.00479813 -0.0100563 -0.0397996 0.0410505 -1.81829
0.103691 0.0367188 0.00582076 0.0168143 0.0177933 1.23753
0.0823851 0.0728882 -0.00923999 -0.00242665 0.00955332 -2.88477
0.0490818 0.0984428 0.015885 0.0112548 0.019468 0.61642
0.0086305 0.109661 0.00108225 -0.00080222 0.00134716 -0.637878
-0.0330776 0.104909 0.0040921 0.00490865 0.00639063 0.875871
-0.0699686 0.0848787 -0.0130407 -0.04085 0.042881 -1.8798
-0.0966699 0.0524875 0.0326984 0.100529 0.105713 1.25632
-0.109293 0.0124524 -0.0509248 -0.232199 0.237718 -1.78669
-0.105999 -0.0293962 0.00167199 0.424114 0.424117 1.56685
-0.0872689 -0.0669638 0.301267 -0.685543 0.748819 -1.15674
# x y Real Imaginary Modulus Phase <-> f = 0 s = 12
0.0412067 -0.10199 0.823243 0.202832 0.847862 0.24157
0.0764124 -0.0791274 -0.421939 0.10341 0.434426 2.90125
0.10049 -0.044741 0.169394 -0.156717 0.23077 -0.746544
0.109933 -0.00383894 -0.0688346 0.10613 0.126498 2.14618
0.103366 0.0376222 0.0353146 -0.0504728 0.0616005 -0.960289
0.0817459 0.0736044 -0.0188394 0.0157546 0.0245587 2.44513
0.0482208 0.0988673 0.000284202 -0.00604289 0.00604957 -1.5238
0.00767321 0.109732 0.00445982 0.00310374 0.00543352 0.607992
-0.0339919 0.104616 -0.00198003 -0.00150715 0.00248838 -2.49098
-0.0707066 0.0842649 0.0140725 0.00587791 0.0152508 0.39566
-0.0971242 0.0516419 -0.0311823 -0.0177542 0.0358824 -2.624
-0.109397 0.0114981 0.0630294 0.0409539 0.075166 0.576206
-0.105739 -0.0303201 -0.0861769 -0.112429 0.141657 -2.22478
-0.0866812 -0.0677228 0.0243399 0.277198 0.278265 1.48321
-0.055 -0.0952628 0.276651 -0.508791 0.57914 -1.07277
# x y Real Imaginary Modulus Phase <-> f = 0 s = 13
0.0771 -0.0784575 0.950778 0.034646 0.951409 0.0364235
0.100877 -0.0438624 -0.574555 0.242625 0.623682 2.74203
0.109962 -0.00287946 0.335306 -0.221822 0.402039 -0.584453
0.103034 0.0385228 -0.182104 0.103334 0.20938 2.62545
0.0811005 0.0743149 0.0812468 -0.0277988 0.0858709 -0.329666
0.0473562 0.0992844 -0.0269043 -7.33655e-05 0.0269044 -3.13887
0.00671534 0.109795 0.00722023 -0.000385978 0.00723054 -0.053407
-0.0349035 0.104316 0.00577288 0.00416242 0.00711701 0.624701
-0.0714393 0.0836447 -0.00428556 0.0104042 0.0112523 1.96152
-0.0975712 0.0507923 0.0107999 -0.00893788 0.0140187 -0.691339
-0.109494 0.010543 -0.029777 0.0152108 0.0334371 2.66932
-0.10547 -0.0312417 0.0530545 -0.00445886 0.0532415 -0.0838461
-0.0860869 -0.0684766 -0.0745192 -0.0618558 0.0968466 -2.44879
-0.0541666 -0.0957391 0.0257553 0.230399 0.231834 1.45947
-0.0143579 -0.109059 0.301657 -0.537908 0.616719 -1.0597
# x y Real Imaginary Modulus Phase <-> f = 0 s = 14
0.101256 -0.0429804 0.743764 -0.0936077 0.749632 -0.125198
0.109983 -0.00191976 -0.576876 0.447965 0.730383 2.48132
0.102694 0.0394205 0.415137 -0.306341 0.51593 -0.635729
0.0804489 0.0750198 -0.216088 0.125338 0.249807 2.61598
0.046488 0.0996939 0.0898635 -0.0459532 0.100931 -0.472699
0.00575696 0.109849 -0.0279177 0.0230873 0.0362273 2.45062
-0.0358125 0.104007 -0.00101132 -0.00413628 0.00425812 -1.81059
-0.0721665 0.0830181 0.00666008 0.0113795 0.0131852 1.04128
-0.0980107 0.049939 -0.014215 0.0130713 0.0193113 2.39809
-0.109581 0.00958713 0.00157948 -0.0286922 0.0287356 -1.5158
-0.105194 -0.0321609 -0.00999121 0.0230073 0.0250831 1.98049
-0.0854861 -0.0692252 0.041828 -0.0112163 0.0433058 -0.26199
-0.0533291 -0.0962082 -0.067727 -0.0796292 0.104536 -2.2756
-0.0134056 -0.10918 0.0039211 0.311632 0.311657 1.55821
0.0284701 -0.106252 0.315396 -0.7267 0.792191 -1.16132
# x y Real Imaginary Modulus Phase <-> f = 0 s = 15
0.109996 -0.000959919 0.665433 0.0148077 0.665597 0.0222491
0.102346 0.0403151 -0.528752 0.436267 0.685497 2.45174
0.0797912 0.075719 0.348942 -0.287832 0.452336 -0.689724
0.0456163 0.100096 -0.162612 0.132418 0.209708 2.45818
0.00479813 0.109895 0.0427639 -0.0566549 0.0709826 -0.924222
-0.0367188 0.103691 -0.00218981 0.0279226 0.0280083 1.64906
-0.0728882 0.0823851 -0.0171797 -0.00442662 0.0177409 -2.88941
-0.0984428 0.0490818 0.0042881 0.0106751 0.0115041 1.18883
-0.109661 0.0086305 -0.0172376 0.0228112 0.0285917 2.21791
-0.104909 -0.0330776 -0.00139316 -0.0365208 0.0365474 -1.60892
-0.0848787 -0.0699686 -0.0181034 0.0260049 0.0316858 2.17894
-0.0524875 -0.0966699 0.0504528 0.00796871 0.0510783 0.15665
-0.0124524 -0.109293 -0.080843 -0.142114 0.163499 -2.08801
0.0293962 -0.105999 0.00254541 0.480815 0.480821 1.5655
0.0669638 -0.0872689 0.0760593 -0.785126 0.788801 -1.47422
