# x y Real Imaginary Modulus Phase <-> f = 0 s = 0
0.10199 0.0412067 0.733728 -0.0229136 0.734086 -0.0312188
0.0791274 0.0764124 -0.577174 0.334884 0.667291 2.61585
0.044741 0.10049 0.299217 -0.225349 0.374584 -0.645501
0.00383894 0.109933 -0.105388 0.107812 0.150765 2.34482
-0.0376222 0.103366 0.00955005 -0.0542445 0.0550787 -1.39653
-0.0736044 0.0817459 -0.00732583 -0.00462411 0.00866315 -2.57854
-0.0988673 0.0482208 -0.0236869 -0.00508802 0.0242272 -2.93
-0.109732 0.00767321 0.0041114 0.000726319 0.00417507 0.174855
-0.104616 -0.0339919 -0.0233095 0.0214297 0.0316633 2.39819
-0.0842649 -0.0707066 0.00688253 -0.0252321 0.0261539 -1.30451
-0.0516419 -0.0971242 -0.0227448 0.00309374 0.0229543 3.0064
-0.0114981 -0.109397 0.0570644 0.0583851 0.0816404 0.796837
0.0303201 -0.105739 -0.0474899 -0.287544 0.291439 -1.73448
0.0677228 -0.0866812 0.116128 0.638322 0.648799 1.39084
0.0952628 -0.055 -0.024528 -0.634636 0.63511 -1.60943
# x y Real Imaginary Modulus Phase <-> f = 0 s = 1
0.0784575 0.0771 0.819728 -0.0801133 0.823633 -0.0974222
0.0438624 0.100877 -0.582094 0.260183 0.637596 2.72126
0.00287946 0.109962 0.231514 -0.173143 0.289097 -0.642138
-0.0385228 0.103034 -0.0392374 0.116461 0.122894 1.89577
-0.0743149 0.0811005 -0.00062454 -0.0396114 0.0396163 -1.58656
-0.0992844 0.0473562 0.00502962 0.0182418 0.0189225 1.30176
-0.109795 0.00671534 -0.0298214 0.00188469 0.0298809 3.07848
-0.104316 -0.0349035 0.00657657 0.012255 0.0139082 1.07827
-0.0836447 -0.0714393 -0.0237737 0.0117044 0.0264987 2.6841
-0.0507923 -0.0975712 0.0213767 0.00669723 0.0224013 0.30361
-0.010543 -0.109494 -0.0214021 -0.0334522 0.0397127 -2.13995
0.0312417 -0.10547 0.0178413 0.133989 0.135172 1.43842
0.0684766 -0.0860869 -0.0549619 -0.398061 0.401838 -1.708
0.0957391 -0.0541666 0.192881 0.618647 0.648018 1.26857
0.109059 -0.0143579 0.0389571 -0.675901 0.677023 -1.51322
# x y Real Imaginary Modulus Phase <-> f = 0 s = 2
0.0429804 0.101256 0.881244 -0.0756278 0.884483 -0.0856096
0.00191976 0.109983 -0.52618 0.18573 0.557998 2.80227
-0.0394205 0.102694 0.188163 -0.179367 0.259957 -0.761469
-0.0750198 0.0804489 -0.0444635 0.0988079 0.108351 1.99365
-0.0996939 0.046488 0.000325468 -0.0503971 0.0503982 -1.56434
-0.109849 0.00575696 0.0137857 0.0152686 0.0205712 0.836393
-0.104007 -0.0358125 -0.0223143 0.00125374 0.0223495 3.08547
-0.0830181 -0.0721665 0.0166405 0.0161672 0.023201 0.770972
-0.049939 -0.0980107 -0.00969048 0.0042586 0.0105849 2.72754
-0.00958713 -0.109581 0.00477667 0.0105258 0.0115589 1.14478
0.0321609 -0.105194 0.00563452 -0.0519916 0.052296 -1.46284
0.0692252 -0.0854861 0.00504561 0.178117 0.178188 1.54248
0.0962082 -0.0533291 -0.0876711 -0.355674 0.36632 -1.81247
0.10918 -0.0134056 0.099569 0.563071 0.571807 1.39577
0.106252 0.0284701 0.0996509 -0.770993 0.777406 -1.44226
# x y Real Imaginary Modulus Phase <-> f = 0 s = 3
0.000959919 0.109996 0.908115 0.00590342 0.908134 0.00650065
-0.0403151 0.102346 -0.483832 0.194533 0.521476 2.75931
-0.075719 0.0797912 0.171762 -0.165063 0.238218 -0.765512
-0.100096 0.0456163 -0.0475854 0.0959674 0.107117 2.03112
-0.109895 0.00479813 0.00359356 -0.0475371 0.0476727 -1.49534
-0.103691 -0.0367188 0.00417694 0.0220595 0.0224514 1.38366
-0.0823851 -0.0728882 -0.00675382 -0.010505 0.0124887 -2.14217
-0.0490818 -0.0984428 0.00863957 0.00172203 0.00880952 0.196741
-0.0086305 -0.109661 -0.0108181 -0.00272527 0.0111561 -2.89481
0.0330776 -0.104909 -0.00225464 0.0109114 0.0111419 1.77456
0.0699686 -0.0848787 0.00494327 -0.0683497 0.0685282 -1.4986
0.0966699 -0.0524875 0.0410406 0.156208 0.161509 1.31387
0.109293 -0.0124524 -0.0789803 -0.287946 0.298581 -1.8385
0.105999 0.0293962 0.0456769 0.528531 0.530501 1.48459
0.0872689 0.0669638 0.150632 -0.796002 0.810129 -1.38377
# x y Real Imaginary Modulus Phase <-> f = 0 s = 4
-0.0412067 0.10199 0.884819 -0.0148748 0.884944 -0.0168095
-0.0764124 0.0791274 -0.4765 0.176965 0.5083 2.78599
-0.10049 0.044741 0.201619 -0.172538 0.265367 -0.707829
-0.109933 0.00383894 -0.0647493 0.101499 0.120393 2.13864
-0.103366 -0.0376222 0.0225009 -0.051033 0.0557732 -1.15553
-0.0817459 -0.0736044 -0.00714799 0.0224994 0.0236075 1.87841
-0.0482208 -0.0988673 0.00368049 0.000934481 0.00379727 0.248647
-0.00767321 -0.109732 0.0108582 -0.000720404 0.010882 -0.0662496
0.0339919 -0.104616 -0.00108967 -0.00366512 0.00382367 -1.85978
0.0707066 -0.0842649 0.011761 0.018487 0.021911 1.0042
0.0971242 -0.0516419 -0.0241841 -0.0413639 0.047915 -2.09986
0.109397 -0.0114981 0.0456767 0.0940552 0.10456 1.1187
0.105739 0.0303201 -0.0668334 -0.21132 0.221637 -1.87711
0.0866812 0.0677228 0.00939372 0.444187 0.444286 1.54965
0.055 0.0952628 0.230601 -0.743988 0.778906 -1.27023
# x y Real Imaginary Modulus Phase <-> f = 0 s = 5
-0.0771 0.0784575 0.906205 -0.0261174 0.906581 -0.0288126
-0.100877 0.0438624 -0.560029 0.225827 0.603846 2.7583
-0.109962 0.00287946 0.265425 -0.208668 0.337629 -0.666249
-0.103034 -0.0385228 -0.12647 0.119293 0.173855 2.38539
-0.0811005 -0.0743149 0.0515933 -0.0395447 0.065005 -0.653959
-0.0473562 -0.0992844 -0.0103626 0.012452 0.0161999 2.26487
-0.00671534 -0.109795 0.00107784 -0.00408651 0.00422626 -1.31291
0.0349035 -0.104316 0.0126533 0.00418698 0.013328 0.31956
0.0714393 -0.0836447 -0.0146876 -0.00274481 0.0149419 -2.95684
0.0975712 -0.0507923 0.0187498 0.00461511 0.0193094 0.241344
0.109494 -0.010543 -0.0310953 -0.02194 0.0380563 -2.52714
0.10547 0.0312417 0.06142 0.0627862 0.0878323 0.796397
0.0860869 0.0684766 -0.0867504 -0.174739 0.195088 -2.03161
0.0541666 0.0957391 0.036226 0.412946 0.414532 1.48329
0.0143579 0.109059 0.203391 -0.730773 0.758549 -1.29934
# x y Real Imaginary Modulus Phase <-> f = 0 s = 6
-0.101256 0.0429804 0.844388 -0.0466636 0.845676 -0.0552071
-0.109983 0.00191976 -0.54568 0.302307 0.623824 2.63568
-0.102694 -0.0394205 0.314264 -0.249057 0.400988 -0.670157
-0.0804489 -0.0750198 -0.14866 0.105591 0.182343 2.524
-0.046488 -0.0996939 0.050116 -0.0261451 0.0565259 -0.48085
-0.00575696 -0.109849 0.0153791 0.0287587 0.0326126 1.07973
0.0358125 -0.104007 -0.00303394 -0.0202244 0.0204507 -1.7197
0.0721665 -0.0830181 0.00956919 0.0174773 0.0199255 1.06986
0.0980107 -0.049939 -0.0183018 0.00600147 0.0192607 2.82472
0.109581 -0.00958713 0.0125133 -0.00080683 0.0125393 -0.0643886
0.105194 0.0321609 -0.0209046 -0.00557242 0.0216345 -2.88109
0.0854861 0.0692252 0.0591693 0.0473789 0.0758008 0.675188
0.0533291 0.0962082 -0.068842 -0.165242 0.179009 -1.96554
0.0134056 0.10918 0.0393717 0.391617 0.393591 1.4706
-0.0284701 0.106252 0.240835 -0.744994 0.782954 -1.25813
# x y Real Imaginary Modulus Phase <-> f = 0 s = 7
-0.109996 0.000959919 0.751622 -0.0774555 0.755602 -0.102689
-0.102346 -0.0403151 -0.615471 0.346901 0.706502 2.62834
-0.0797912 -0.075719 0.355549 -0.219668 0.417935 -0.553426
-0.0456163 -0.100096 -0.107763 0.0599849 0.123333 2.63367
-0.00479813 -0.109895 0.00901648 -0.0293224 0.0306774 -1.27248
0.0367188 -0.103691 0.00845343 0.0244302 0.0258514 1.23767
0.0728882 -0.0823851 -0.0406359 -0.0031724 0.0407595 -3.06368
0.0984428 -0.0490818 0.0385338 0.0190647 0.0429921 0.459441
0.109661 -0.0086305 -0.00846538 0.0335561 0.0346075 1.81792
0.104909 0.0330776 -0.0116641 -0.0208068 0.0238532 -2.08173
0.0848787 0.0699686 -0.0357284 -0.030346 0.0468764 -2.43747
0.0524875 0.0966699 0.0638995 0.0496086 0.080896 0.660155
0.0124524 0.109293 -0.0893082 -0.185787 0.206138 -2.01889
-0.0293962 0.105999 -0.0128645 0.462569 0.462748 1.5986
-0.0669638 0.0872689 0.156347 -0.773048 0.7887 -1.37124
# x y Real Imaginary Modulus Phase <-> f = 0 s = 8
-0.10199 -0.0412067 0.751701 -0.1454 0.765634 -0.191069
-0.0791274 -0.0764124 -0.622845 0.340897 0.710033 2.64081
-0.044741 -0.10049 0.261529 -0.169445 0.311623 -0.5749
-0.00383894 -0.109933 -0.0268902 0.090873 0.094768 1.8585
0.0376222 -0.103366 -0.03753 -0.0293901 0.0476684 -2.47724
0.0736044 -0.0817459 0.00386228 -0.0126159 0.0131938 -1.27371
0.0988673 -0.0482208 -0.0520873 0.000471292 0.0520895 3.13254
0.109732 -0.00767321 0.0113417 -0.00833736 0.0140764 -0.633903
0.104616 0.0339919 -0.0311521 0.0113732 0.0331633 2.79154
0.0842649 0.0707066 0.00699842 -0.00036773 0.00700807 -0.0524964
0.0516419 0.0971242 -0.0335909 2.76744e-05 0.0335909 3.14077
0.0114981 0.109397 0.0442303 0.0764793 0.0883482 1.04646
-0.0303201 0.105739 -0.0844868 -0.247091 0.261136 -1.90026
-0.0677228 0.0866812 0.0756974 0.530406 0.53578 1.42904
-0.0952628 0.055 0.0607452 -0.729096 0.731622 -1.48767
# x y Real Imaginary Modulus Phase <-> f = 0 s = 9
-0.0784575 -0.0771 0.871432 -0.0614294 0.873594 -0.0703761
-0.0438624 -0.100877 -0.49301 0.151141 0.515657 2.84412
-0.00287946 -0.109962 0.117314 -0.144135 0.185843 -0.887629
0.0385228 -0.103034 0.0101267 0.0503786 0.0513864 1.37243
0.0743149 -0.0811005 -0.0327594 -0.0123318 0.0350036 -2.78156
0.0992844 -0.0473562 0.0303367 -0.00775412 0.031312 -0.250244
0.109795 -0.00671534 -0.0189125 0.0109271 0.0218423 2.61768
0.104316 0.0349035 0.00462053 0.000719579 0.00467623 0.154494
0.0836447 0.0714393 -0.00500171 0.0249684 0.0254645 1.7685
0.0507923 0.0975712 0.0126296 -0.0110009 0.0167489 -0.716581
0.010543 0.109494 -0.0195083 -0.0388375 0.0434618 -2.03629
-0.0312417 0.10547 0.0371151 0.116901 0.122651 1.26337
-0.0684766 0.0860869 -0.0890154 -0.302757 0.315572 -1.85675
-0.0957391 0.0541666 0.077818 0.625594 0.630416 1.44704
-0.109059 0.0143579 0.0117017 -0.787837 0.787924 -1.55594
# x y Real Imaginary Modulus Phase <-> f = 0 s = 10
-0.0429804 -0.101256 0.874807 0.127027 0.883982 0.144198
-0.00191976 -0.109983 -0.33996 0.100837 0.3546 2.85324
0.0394205 -0.102694 0.067318 -0.109395 0.128448 -1.01915
0.0750198 -0.0804489 -0.000228534 0.0620373 0.0620377 1.57448
0.0996939 -0.046488 -0.0258358 0.00016735 0.0258363 3.13512
0.109849 -0.00575696 0.0379331 -0.00987983 0.0391986 -0.254793
0.104007 0.0358125 -0.0238987 -0.00872579 0.0254419 -2.79152
0.0830181 0.0721665 0.0197523 0.0181301 0.0268115 0.742602
0.049939 0.0980107 0.00755946 0.0121942 0.0143473 1.01586
0.00958713 0.109581 0.0039984 0.00309951 0.00505907 0.659427
-0.0321609 0.105194 0.0164855 -0.0618087 0.0639694 -1.31015
-0.0692252 0.0854861 0.0300974 0.122798 0.126432 1.33044
-0.0962082 0.0533291 -0.0563143 -0.32188 0.326769 -1.744
-0.10918 0.0134056 0.036129 0.589908 0.591014 1.50963
-0.106252 -0.0284701 0.109224 -0.784941 0.792503 -1.43253
# x y Real Imaginary Modulus Phase <-> f = 0 s = 11
-0.000959919 -0.109996 0.753405 0.230539 0.787888 0.296949
0.0403151 -0.102346 -0.321599 0.0931612 0.334821 2.85963
0.075719 -0.0797912 0.11446 -0.121387 0.166841 -0.81476
0.100096 -0.0456163 -0.00914129 0.0604077 0.0610954 1.72098
0.109895 -0.00479813 -0.00687305 -0.0105321 0.0125763 -2.14898
0.103691 0.0367188 0.0223317 0.0166172 0.0278359 0.63972
0.0823851 0.0728882 -0.0116074 -0.00675646 0.0134306 -2.61445
0.0490818 0.0984428 0.00599047 0.0208818 0.0217241 1.29142
0.0086305 0.109661 -0.00674553 0.0146351 0.0161149 2.00269
-0.0330776 0.104909 0.0117572 0.0208265 0.023916 1.05686
-0.0699686 0.0848787 -0.0182841 -0.0540548 0.0570634 -1.89697
-0.0966699 0.0524875 0.0131192 0.0951014 0.096002 1.43371
-0.109293 0.0124524 -0.0477723 -0.230548 0.235445 -1.77512
-0.105999 -0.0293962 -0.00499183 0.440907 0.440935 1.58212
-0.0872689 -0.0669638 0.2956 -0.688464 0.749241 -1.16524
# x y Real Imaginary Modulus Phase <-> f = 0 s = 12
0.0412067 -0.10199 0.826619 0.189236 0.848003 0.22505
0.0764124 -0.0791274 -0.432208 0.0966471 0.442882 2.9216
0.10049 -0.044741 0.173513 -0.157222 0.234148 -0.736183
0.109933 -0.00383894 -0.0757409 0.108862 0.132619 2.17866
0.103366 0.0376222 0.0374731 -0.0650541 0.0750751 -1.04819
0.0817459 0.0736044 -0.0258029 0.0188023 0.0319267 2.51187
0.0482208 0.0988673 0.00507827 -0.0138474 0.0147492 -1.21929
0.00767321 0.109732 -0.00160005 -0.00440535 0.00468693 -1.91919
-0.0339919 0.104616 -0.00482057 0.00644102 0.00804516 2.21328
-0.0707066 0.0842649 0.0144251 1.5677e-05 0.0144251 0.00108678
-0.0971242 0.0516419 -0.0295074 -0.00603743 0.0301187 -2.93977
-0.109397 0.0114981 0.0685125 0.0424353 0.0805898 0.554548
-0.105739 -0.0303201 -0.0755449 -0.111606 0.13477 -2.16584
-0.0866812 -0.0677228 0.0190067 0.270823 0.27149 1.50073
-0.055 -0.0952628 0.273882 -0.522807 0.590202 -1.08824
# x y Real Imaginary Modulus Phase <-> f = 0 s = 13
0.0771 -0.0784575 0.940974 0.0381976 0.941749 0.0405715
0.100877 -0.0438624 -0.590122 0.236291 0.63567 2.76073
0.109962 -0.00287946 0.344796 -0.233512 0.416428 -0.595291
0.103034 0.0385228 -0.195892 0.0934 0.217019 2.69668
0.0811005 0.0743149 0.0834865 -0.0320506 0.0894272 -0.366552
0.0473562 0.0992844 -0.0363057 0.000276036 0.0363068 3.13399
0.00671534 0.109795 0.0235863 -0.00305875 0.0237839 -0.128963
-0.0349035 0.104316 -0.00618016 -0.00125982 0.00630726 -2.9405
-0.0714393 0.0836447 -0.00698999 0.00892551 0.0113369 2.23518
-0.0975712 0.0507923 0.0119132 -0.00867288 0.0147358 -0.629274
-0.109494 0.010543 -0.033383 0.0218647 0.0399061 2.56173
-0.10547 -0.0312417 0.0598252 -0.0020938 0.0598618 -0.0349844
-0.0860869 -0.0684766 -0.0688998 -0.0713751 0.0992047 -2.33855
-0.0541666 -0.0957391 0.0397053 0.247947 0.251106 1.41201
-0.0143579 -0.109059 0.297477 -0.524229 0.602751 -1.05465
# x y Real Imaginary Modulus Phase <-> f = 0 s = 14
0.101256 -0.0429804 0.754082 -0.0961408 0.760186 -0.12681
0.109983 -0.00191976 -0.574987 0.459933 0.736307 2.46691
0.102694 0.0394205 0.417846 -0.292405 0.509996 -0.610585
0.0804489 0.0750198 -0.216404 0.124072 0.249448 2.62101
0.046488 0.0996939 0.102196 -0.0436765 0.111138 -0.403884
0.00575696 0.109849 -0.0200954 0.0177876 0.026837 2.41704
-0.0358125 0.104007 -0.000559588 -0.00242648 0.00249017 -1.79745
-0.0721665 0.0830181 -0.00939633 0.00776208 0.0121877 2.45115
-0.0980107 0.049939 -0.0117187 0.00957169 0.0151309 2.4567
-0.109581 0.00958713 0.00898938 -0.0297427 0.0310715 -1.27729
-0.105194 -0.0321609 -0.011585 0.0137926 0.0180125 2.26942
-0.0854861 -0.0692252 0.0379326 -0.0214997 0.0436018 -0.515641
-0.0533291 -0.0962082 -0.0775646 -0.0764551 0.108911 -2.3634
-0.0134056 -0.10918 -0.00133962 0.310507 0.31051 1.57511
0.0284701 -0.106252 0.314644 -0.733995 0.798592 -1.16582
# x y Real Imaginary Modulus Phase <-> f = 0 s = 15
0.109996 -0.000959919 0.653246 0.00563637 0.653271 0.00862803
0.102346 0.0403151 -0.51974 0.436179 0.678515 2.44339
0.0797912 0.075719 0.336173 -0.285942 0.441333 -0.704831
0.0456163 0.100096 -0.164767 0.133968 0.212357 2.45893
0.00479813 0.109895 0.0474685 -0.0449135 0.0653489 -0.757749
-0.0367188 0.103691 -0.00120101 0.0173563 0.0173978 1.63988
-0.0728882 0.0823851 -0.0111867 -0.00616892 0.0127749 -2.63764
-0.0984428 0.0490818 0.00323206 0.0140179 0.0143857 1.34419
-0.109661 0.0086305 -0.0118814 0.0240274 0.0268046 2.03003
-0.104909 -0.0330776 -0.00381788 -0.0559524 0.0560825 -1.63893
-0.0848787 -0.0699686 -0.0193005 0.0285548 0.0344658 2.16517
-0.0524875 -0.0966699 0.0574777 0.00303322 0.0575577 0.0527231
-0.0124524 -0.109293 -0.0846874 -0.151079 0.173196 -2.0817
0.0293962 -0.105999 -0.00434124 0.482345 0.482364 1.5798
0.0669638 -0.0872689 0.0823936 -0.804577 0.808785 -1.46875
