# x y Real Imaginary Modulus Phase <-> f = 0 s = 0
0.10199 0.0412067 0.731513 -0.0390446 0.732555 -0.0533246
0.0791274 0.0764124 -0.567033 0.33053 0.656336 2.61383
0.044741 0.10049 0.295869 -0.229318 0.374333 -0.659351
0.00383894 0.109933 -0.095767 0.105406 0.142414 2.30832
-0.0376222 0.103366 0.0205582 -0.0501836 0.0542313 -1.18199
-0.0736044 0.0817459 0.00312575 0.0134425 0.0138011 1.34233
-0.0988673 0.0482208 -0.0240502 -0.0041266 0.0244016 -2.97166
-0.109732 0.00767321 -0.00275246 0.00345369 0.00441634 2.24368
-0.104616 -0.0339919 -0.0169799 0.019709 0.0260146 2.28195
-0.0842649 -0.0707066 0.0108311 -0.0324214 0.0341827 -1.24838
-0.0516419 -0.0971242 -0.0264712 0.00757081 0.0275325 2.86303
-0.0114981 -0.109397 0.0583816 0.0660841 0.0881789 0.847204
0.0303201 -0.105739 -0.0477334 -0.28124 0.285262 -1.73892
0.0677228 -0.0866812 0.128955 0.640262 0.653119 1.37204
0.0952628 -0.055 -0.0139772 -0.633543 0.633697 -1.59285
# x y Real Imaginary Modulus Phase <-> f = 0 s = 1
0.0784575 0.0771 0.818862 -0.0810387 0.822863 -0.0986438
0.0438624 0.100877 -0.57509 0.270642 0.635591 2.70173
0.00287946 0.109962 0.236604 -0.171997 0.292514 -0.628579
-0.0385228 0.103034 -0.0603626 0.103487 0.119805 2.09883
-0.0743149 0.0811005 0.00438431 -0.0425485 0.0427738 -1.46812
-0.0992844 0.0473562 0.00457657 0.0114632 0.012343 1.19095
-0.109795 0.00671534 -0.0256253 0.00504705 0.0261176 2.94713
-0.104316 -0.0349035 0.0103952 0.00871642 0.013566 0.69778
-0.0836447 -0.0714393 -0.0171224 0.0152986 0.0229614 2.41239
-0.0507923 -0.0975712 0.0178102 -0.0069946 0.0191345 -0.374223
-0.010543 -0.109494 -0.0287857 -0.0325357 0.0434418 -2.29512
0.0312417 -0.10547 0.0134727 0.141354 0.141995 1.47577
0.0684766 -0.0860869 -0.0586114 -0.395465 0.399785 -1.71793
0.0957391 -0.0541666 0.193371 0.630736 0.659713 1.27331
0.109059 -0.0143579 0.0311175 -0.68633 0.687035 -1.52549
# x y Real Imaginary Modulus Phase <-> f = 0 s = 2
0.0429804 0.101256 0.875069 -0.084146 0.879106 -0.0958645
0.00191976 0.109983 -0.527515 0.186306 0.559447 2.80209
-0.0394205 0.102694 0.18764 -0.175432 0.256875 -0.751787
-0.0750198 0.0804489 -0.0410154 0.100016 0.1081 1.95997
-0.0996939 0.046488 -0.000366766 -0.0437462 0.0437477 -1.57918
-0.109849 0.00575696 0.00815486 0.0119734 0.0144867 0.97288
-0.104007 -0.0358125 -0.0161035 -0.00203958 0.0162322 -3.01561
-0.0830181 -0.0721665 0.0118639 0.0118578 0.0167738 0.785142
-0.049939 -0.0980107 -0.00609018 0.00358183 0.00706539 2.60995
-0.00958713 -0.109581 0.00699912 0.0074422 0.0102164 0.81607
0.0321609 -0.105194 0.0105187 -0.0542676 0.0552776 -1.37934
0.0692252 -0.0854861 0.0077283 0.177652 0.17782 1.52732
0.0962082 -0.0533291 -0.0891493 -0.357785 0.368724 -1.81499
0.10918 -0.0134056 0.104629 0.568174 0.577727 1.38869
0.106252 0.0284701 0.101974 -0.774758 0.78144 -1.43993
# x y Real Imaginary Modulus Phase <-> f = 0 s = 3
0.000959919 0.109996 0.905771 0.00542034 0.905787 0.00598416
-0.0403151 0.102346 -0.482762 0.199137 0.522221 2.75036
-0.075719 0.0797912 0.174782 -0.16637 0.241304 -0.760746
-0.100096 0.0456163 -0.0463995 0.0994528 0.109744 2.00733
-0.109895 0.00479813 -0.00012372 -0.0456069 0.0456071 -1.57351
-0.103691 -0.0367188 0.0061953 0.020135 0.0210666 1.2723
-0.0823851 -0.0728882 -0.008741 -0.00812526 0.0119342 -2.39269
-0.0490818 -0.0984428 0.0107204 0.00442168 0.0115965 0.391196
-0.0086305 -0.109661 -0.00556713 -0.00146816 0.00575746 -2.88374
0.0330776 -0.104909 -0.00170072 0.0102303 0.0103707 1.73553
0.0699686 -0.0848787 0.00585718 -0.0680051 0.0682569 -1.48488
0.0966699 -0.0524875 0.0409867 0.154329 0.159679 1.31121
0.109293 -0.0124524 -0.0802696 -0.287073 0.298084 -1.84345
0.105999 0.0293962 0.0468503 0.527427 0.529504 1.4822
0.0872689 0.0669638 0.146548 -0.790762 0.804227 -1.38755
# x y Real Imaginary Modulus Phase <-> f = 0 s = 4
-0.0412067 0.10199 0.881098 -0.0132889 0.881198 -0.0150811
-0.0764124 0.0791274 -0.479724 0.176076 0.511017 2.78982
-0.10049 0.044741 0.200827 -0.170587 0.263499 -0.704161
-0.109933 0.00383894 -0.064582 0.103312 0.121837 2.12948
-0.103366 -0.0376222 0.0236311 -0.0489161 0.054325 -1.12076
-0.0817459 -0.0736044 -0.00648148 0.0172558 0.0184329 1.9301
-0.0482208 -0.0988673 -0.00140101 -0.00375658 0.00400933 -1.92777
-0.00767321 -0.109732 0.0104353 -0.000161132 0.0104366 -0.0154398
0.0339919 -0.104616 -0.00675987 -0.000625287 0.00678873 -3.04936
0.0707066 -0.0842649 0.00669619 0.0179484 0.0191569 1.21371
0.0971242 -0.0516419 -0.0275225 -0.042112 0.0503081 -2.14967
0.109397 -0.0114981 0.050321 0.093217 0.105932 1.0758
0.105739 0.0303201 -0.0670699 -0.213165 0.223467 -1.87563
0.0866812 0.0677228 0.0106932 0.441178 0.441307 1.54656
0.055 0.0952628 0.228198 -0.742027 0.776323 -1.27244
# x y Real Imaginary Modulus Phase <-> f = 0 s = 5
-0.0771 0.0784575 0.907293 -0.0225492 0.907573 -0.0248481
-0.100877 0.0438624 -0.557413 0.223015 0.600371 2.76101
-0.109962 0.00287946 0.26519 -0.210914 0.338837 -0.671888
-0.103034 -0.0385228 -0.128533 0.119042 0.175191 2.39451
-0.0811005 -0.0743149 0.0568947 -0.0396817 0.069366 -0.609018
-0.0473562 -0.0992844 -0.0128368 0.00933263 0.0158707 2.51296
-0.00671534 -0.109795 -0.00297334 -0.00133444 0.00325906 -2.71974
0.0349035 -0.104316 0.0133346 0.00331585 0.0137407 0.243722
0.0714393 -0.0836447 -0.0143688 -0.00290055 0.0146586 -2.9424
0.0975712 -0.0507923 0.0185983 0.00496431 0.0192495 0.260841
0.109494 -0.010543 -0.0308306 -0.0201141 0.0368117 -2.56353
0.10547 0.0312417 0.0609885 0.0636992 0.0881883 0.807134
0.0860869 0.0684766 -0.0874181 -0.17575 0.19629 -2.03236
0.0541666 0.0957391 0.0411335 0.406821 0.408895 1.47003
0.0143579 0.109059 0.19778 -0.728903 0.755259 -1.30584
# x y Real Imaginary Modulus Phase <-> f = 0 s = 6
-0.101256 0.0429804 0.846957 -0.0487397 0.848358 -0.0574834
-0.109983 0.00191976 -0.555013 0.313659 0.637512 2.6272
-0.102694 -0.0394205 0.323412 -0.234367 0.399404 -0.627092
-0.0804489 -0.0750198 -0.149189 0.109153 0.184856 2.50995
-0.046488 -0.0996939 0.0443178 -0.0390255 0.0590513 -0.721984
-0.00575696 -0.109849 0.000780285 0.0138878 0.0139097 1.51467
0.0358125 -0.104007 -0.0102133 -0.00087076 0.0102504 -3.05654
0.0721665 -0.0830181 0.0153446 0.00903274 0.0178058 0.532038
0.0980107 -0.049939 -0.0248466 0.00970053 0.0266731 2.76938
0.109581 -0.00958713 0.00832223 -0.00237261 0.00865383 -0.277725
0.105194 0.0321609 -0.0322646 -0.0107426 0.034006 -2.82019
0.0854861 0.0692252 0.0603867 0.0482279 0.0772819 0.673918
0.0533291 0.0962082 -0.0886383 -0.154451 0.178079 -2.0918
0.0134056 0.10918 0.0316858 0.39416 0.395431 1.49058
-0.0284701 0.106252 0.231108 -0.752166 0.78687 -1.2727
# x y Real Imaginary Modulus Phase <-> f = 0 s = 7
-0.109996 0.000959919 0.766221 -0.0809643 0.770487 -0.105276
-0.102346 -0.0403151 -0.613104 0.360639 0.711306 2.60988
-0.0797912 -0.075719 0.353906 -0.211595 0.412337 -0.538863
-0.0456163 -0.100096 -0.119978 0.0929869 0.151794 2.48226
-0.00479813 -0.109895 0.000151967 -0.0403144 0.0403147 -1.56703
0.0367188 -0.103691 0.00890821 0.00358842 0.0096038 0.382936
0.0728882 -0.0823851 -0.0292876 0.00282463 0.0294235 3.04545
0.0984428 -0.0490818 0.00736415 0.010129 0.012523 0.942153
0.109661 -0.0086305 -0.0181043 0.0125677 0.0220389 2.53478
0.104909 0.0330776 0.00211823 -0.0058495 0.00622122 -1.22336
0.0848787 0.0699686 -0.0359074 -0.0131904 0.0382535 -2.78955
0.0524875 0.0966699 0.0626074 0.0487726 0.0793628 0.661818
0.0124524 0.109293 -0.0785097 -0.174849 0.191666 -1.99283
-0.0293962 0.105999 0.0102377 0.469165 0.469276 1.54898
-0.0669638 0.0872689 0.148962 -0.769087 0.78338 -1.37948
# x y Real Imaginary Modulus Phase <-> f = 0 s = 8
-0.10199 -0.0412067 0.733832 -0.147878 0.748583 -0.198852
-0.0791274 -0.0764124 -0.617047 0.328896 0.699228 2.65188
-0.044741 -0.10049 0.261084 -0.176677 0.315245 -0.594919
-0.00383894 -0.109933 -0.0253181 0.0953548 0.0986587 1.83032
0.0376222 -0.103366 -0.028073 -0.0261659 0.0383764 -2.39134
0.0736044 -0.0817459 0.0231249 -0.00342934 0.0233778 -0.147223
0.0988673 -0.0482208 -0.0355458 0.000816287 0.0355551 3.11863
0.109732 -0.00767321 0.00688434 0.00400979 0.00796696 0.527416
0.104616 0.0339919 -0.0197757 0.020559 0.0285263 2.33678
0.0842649 0.0707066 0.0106781 -0.0101293 0.0147181 -0.759028
0.0516419 0.0971242 -0.0302534 -0.0121192 0.0325905 -2.76058
0.0114981 0.109397 0.0563776 0.0573995 0.0804558 0.79438
-0.0303201 0.105739 -0.0763062 -0.2357 0.247744 -1.88389
-0.0677228 0.0866812 0.0839155 0.529674 0.53628 1.41367
-0.0952628 0.055 0.0674282 -0.750677 0.753699 -1.48121
# x y Real Imaginary Modulus Phase <-> f = 0 s = 9
-0.0784575 -0.0771 0.863706 -0.0487908 0.865083 -0.0564301
-0.0438624 -0.100877 -0.508241 0.153071 0.530791 2.84906
-0.00287946 -0.109962 0.11315 -0.136776 0.177513 -0.879649
0.0385228 -0.103034 0.0200624 0.0617252 0.0649038 1.25654
0.0743149 -0.0811005 -0.0293552 -0.0117008 0.0316012 -2.7623
0.0992844 -0.0473562 0.0245131 -0.0114363 0.0270496 -0.436521
0.109795 -0.00671534 -0.0368677 -0.00233189 0.0369413 -3.07843
0.104316 0.0349035 0.0149459 0.00976508 0.0178532 0.578734
0.0836447 0.0714393 -0.0116989 0.00238816 0.0119402 2.94022
0.0507923 0.0975712 0.0182939 0.0034398 0.0186145 0.18586
0.010543 0.109494 -0.0233051 -0.0316701 0.0393207 -2.20519
-0.0312417 0.10547 0.0432664 0.113341 0.121318 1.20613
-0.0684766 0.0860869 -0.0768436 -0.304403 0.313953 -1.81807
-0.0957391 0.0541666 0.0792085 0.59764 0.602866 1.43903
-0.109059 0.0143579 0.00605827 -0.796628 0.796651 -1.56319
# x y Real Imaginary Modulus Phase <-> f = 0 s = 10
-0.0429804 -0.101256 0.894575 0.131271 0.904155 0.145702
-0.00191976 -0.109983 -0.351188 0.109708 0.367925 2.83881
0.0394205 -0.102694 0.0744667 -0.114054 0.136212 -0.992382
0.0750198 -0.0804489 0.00636661 0.0603507 0.0606856 1.46569
0.0996939 -0.046488 -0.0312313 -0.0110132 0.0331162 -2.80257
0.109849 -0.00575696 0.0336677 0.00373986 0.0338748 0.110628
0.104007 0.0358125 -0.0262044 0.00350007 0.0264371 3.00881
0.0830181 0.0721665 0.0183608 0.0130085 0.022502 0.616406
0.049939 0.0980107 -0.00343696 -0.000704487 0.00350842 -2.93942
0.00958713 0.109581 0.011576 0.0029913 0.0119563 0.252874
-0.0321609 0.105194 -0.00726422 -0.0429341 0.0435443 -1.7384
-0.0692252 0.0854861 0.0280487 0.133649 0.13656 1.36393
-0.0962082 0.0533291 -0.0274865 -0.307827 0.309051 -1.65985
-0.10918 0.0134056 0.0480036 0.601422 0.603335 1.49115
-0.106252 -0.0284701 0.121311 -0.786368 0.79567 -1.41774
# x y Real Imaginary Modulus Phase <-> f = 0 s = 11
-0.000959919 -0.109996 0.769022 0.216094 0.798806 0.273934
0.0403151 -0.102346 -0.318372 0.0951396 0.332284 2.85121
0.075719 -0.0797912 0.0978519 -0.121048 0.155652 -0.89097
0.100096 -0.0456163 -0.0108714 0.0729829 0.0737882 1.71867
0.109895 -0.00479813 -0.0143545 -0.0349199 0.0377552 -1.96081
0.103691 0.0367188 0.00607184 0.0189413 0.0198907 1.26059
0.0823851 0.0728882 -0.00487447 -0.00806255 0.00942153 -2.11458
0.0490818 0.0984428 0.0204913 0.00378988 0.0208388 0.182884
0.0086305 0.109661 -0.00344683 0.00345858 0.00488287 2.35449
-0.0330776 0.104909 0.00671667 0.00483406 0.00827537 0.623832
-0.0699686 0.0848787 -0.0131373 -0.0406425 0.042713 -1.88344
-0.0966699 0.0524875 0.0246395 0.101577 0.104523 1.33282
-0.109293 0.0124524 -0.0464675 -0.239185 0.243657 -1.76268
-0.105999 -0.0293962 0.00308676 0.426136 0.426147 1.56355
-0.0872689 -0.0669638 0.300462 -0.679211 0.742701 -1.15431
# x y Real Imaginary Modulus Phase <-> f = 0 s = 12
0.0412067 -0.10199 0.819942 0.198748 0.843686 0.237806
0.0764124 -0.0791274 -0.42513 0.106874 0.438358 2.8953
0.10049 -0.044741 0.17308 -0.153974 0.231656 -0.727048
0.109933 -0.00383894 -0.0716205 0.105863 0.127814 2.1656
0.103366 0.0376222 0.0374187 -0.0523436 0.0643429 -0.950162
0.0817459 0.0736044 -0.0114539 0.0136765 0.0178392 2.26798
0.0482208 0.0988673 -0.00199834 -0.000915552 0.00219809 -2.71198
0.00767321 0.109732 0.00783499 0.00377427 0.00869668 0.448917
-0.0339919 0.104616 0.000713676 0.00172649 0.00186818 1.17882
-0.0707066 0.0842649 0.00861936 0.00642649 0.0107514 0.640672
-0.0971242 0.0516419 -0.0317393 -0.0166179 0.0358265 -2.65926
-0.109397 0.0114981 0.0604625 0.0372708 0.071027 0.552412
-0.105739 -0.0303201 -0.0874093 -0.108137 0.139047 -2.25059
-0.0866812 -0.0677228 0.0280271 0.276058 0.277477 1.46962
-0.055 -0.0952628 0.27406 -0.513693 0.582228 -1.0807
# x y Real Imaginary Modulus Phase <-> f = 0 s = 13
0.0771 -0.0784575 0.95364 0.0353375 0.954295 0.0370385
0.100877 -0.0438624 -0.576796 0.236337 0.623337 2.75272
0.109962 -0.00287946 0.334646 -0.221664 0.401401 -0.585031
0.103034 0.0385228 -0.185303 0.102231 0.211633 2.63745
0.0811005 0.0743149 0.0863226 -0.0296399 0.0912694 -0.33075
0.0473562 0.0992844 -0.0293478 0.00156695 0.0293896 3.08825
0.00671534 0.109795 0.00494416 -0.00536589 0.0072964 -0.82628
-0.0349035 0.104316 -1.74375e-05 0.0020482 0.00204828 1.57931
-0.0714393 0.0836447 0.000211379 0.0087465 0.00874905 1.54663
-0.0975712 0.0507923 0.00387103 -0.00580768 0.00697954 -0.982884
-0.109494 0.010543 -0.0286795 0.0098421 0.0303212 2.81101
-0.10547 -0.0312417 0.0496832 -0.00868703 0.0504369 -0.173099
-0.0860869 -0.0684766 -0.0686521 -0.0652473 0.0947118 -2.38162
-0.0541666 -0.0957391 0.0262541 0.234507 0.235972 1.45931
-0.0143579 -0.109059 0.303115 -0.530196 0.610726 -1.05144
# x y Real Imaginary Modulus Phase <-> f = 0 s = 14
0.101256 -0.0429804 0.74356 -0.094303 0.749516 -0.126153
0.109983 -0.00191976 -0.568357 0.450943 0.72552 2.47088
0.102694 0.0394205 0.413585 -0.298416 0.510005 -0.625032
0.0804489 0.0750198 -0.216002 0.121644 0.2479 2.6287
0.046488 0.0996939 0.0926759 -0.0429943 0.102163 -0.43437
0.00575696 0.109849 -0.0226556 0.0151172 0.0272361 2.55318
-0.0358125 0.104007 0.0033574 -0.00617334 0.00702725 -1.07268
-0.0721665 0.0830181 0.0024734 0.00862539 0.00897301 1.29153
-0.0980107 0.049939 -0.0146852 0.0158532 0.0216097 2.31797
-0.109581 0.00958713 0.00960114 -0.0176431 0.0200863 -1.07243
-0.105194 -0.0321609 -0.0162949 0.0273017 0.0317947 2.10889
-0.0854861 -0.0692252 0.0382315 -0.00569371 0.0386532 -0.147841
-0.0533291 -0.0962082 -0.0705386 -0.0790673 0.105959 -2.29925
-0.0134056 -0.10918 0.00418332 0.312137 0.312165 1.55739
0.0284701 -0.106252 0.317855 -0.727641 0.794036 -1.15895
# x y Real Imaginary Modulus Phase <-> f = 0 s = 15
0.109996 -0.000959919 0.660913 0.0229538 0.661311 0.0347165
0.102346 0.0403151 -0.532559 0.438451 0.689824 2.45281
0.0797912 0.075719 0.348322 -0.283825 0.449316 -0.683722
0.0456163 0.100096 -0.154845 0.135697 0.20589 2.42201
0.00479813 0.109895 0.0403966 -0.0523492 0.0661235 -0.913566
-0.0367188 0.103691 -0.00171661 0.0249307 0.0249897 1.63954
-0.0728882 0.0823851 -0.0244733 -0.00810831 0.0257816 -2.82166
-0.0984428 0.0490818 0.00814389 0.011112 0.0137768 0.938337
-0.109661 0.0086305 -0.0205227 0.0169674 0.0266284 2.45075
-0.104909 -0.0330776 0.000933338 -0.0399617 0.0399726 -1.54744
-0.0848787 -0.0699686 -0.0173279 0.0290304 0.0338086 2.10893
-0.0524875 -0.0966699 0.0493942 0.0120901 0.0508523 0.240048
-0.0124524 -0.109293 -0.0767445 -0.143366 0.162615 -2.06229
0.0293962 -0.105999 0.00724332 0.480314 0.480368 1.55572
0.0669638 -0.0872689 0.0746721 -0.784981 0.788524 -1.47596
