# x y Real Imaginary Modulus Phase <-> f = 0 s = 0
0.10199 0.0412067 0.732113 -0.0355974 0.732978 -0.0485846
0.0791274 0.0764124 -0.568958 0.32997 0.657719 2.61604
0.044741 0.10049 0.296311 -0.22747 0.373555 -0.654716
0.00383894 0.109933 -0.0950218 0.107643 0.143583 2.294
-0.0376222 0.103366 0.0142237 -0.0492637 0.051276 -1.28972
-0.0736044 0.0817459 0.00342222 0.0134215 0.0138509 1.32114
-0.0988673 0.0482208 -0.0241383 0.000990931 0.0241586 3.10056
-0.109732 0.00767321 0.00248717 0.00470085 0.00531827 1.08415
-0.104616 -0.0339919 -0.0190651 0.0206323 0.0280921 2.31674
-0.0842649 -0.0707066 0.0093333 -0.0289122 0.0303814 -1.25854
-0.0516419 -0.0971242 -0.0260766 0.0093068 0.0276877 2.79878
-0.0114981 -0.109397 0.0568406 0.0667636 0.0876826 0.865506
0.0303201 -0.105739 -0.0494639 -0.281856 0.286163 -1.74452
0.0677228 -0.0866812 0.12843 0.641051 0.65379 1.37307
0.0952628 -0.055 -0.0158678 -0.636892 0.63709 -1.59571
# x y Real Imaginary Modulus Phase <-> f = 0 s = 1
0.0784575 0.0771 0.817772 -0.0829797 0.821971 -0.101124
0.0438624 0.100877 -0.576512 0.269944 0.636582 2.70368
0.00287946 0.109962 0.236537 -0.174411 0.293886 -0.635357
-0.0385228 0.103034 -0.0566321 0.103323 0.117826 2.07218
-0.0743149 0.0811005 0.00202837 -0.0435242 0.0435715 -1.52423
-0.0992844 0.0473562 0.00259718 0.00906891 0.00943347 1.29188
-0.109795 0.00671534 -0.0226867 0.00155648 0.02274 3.07309
-0.104316 -0.0349035 0.00675694 0.0106052 0.0125748 1.00352
-0.0836447 -0.0714393 -0.0171191 0.0169448 0.0240872 2.36131
-0.0507923 -0.0975712 0.0138155 -0.00591163 0.0150271 -0.404324
-0.010543 -0.109494 -0.0238646 -0.0344006 0.0418679 -2.1773
0.0312417 -0.10547 0.0127601 0.140869 0.141446 1.48046
0.0684766 -0.0860869 -0.056289 -0.392597 0.396612 -1.7132
0.0957391 -0.0541666 0.190743 0.632436 0.660574 1.27787
0.109059 -0.0143579 0.0357372 -0.685907 0.686837 -1.51874
# x y Real Imaginary Modulus Phase <-> f = 0 s = 2
0.0429804 0.101256 0.874895 -0.0811076 0.878647 -0.0924413
0.00191976 0.109983 -0.527084 0.185084 0.558635 2.8039
-0.0394205 0.102694 0.188342 -0.176786 0.258314 -0.753758
-0.0750198 0.0804489 -0.0408357 0.0993225 0.10739 1.96087
-0.0996939 0.046488 0.0015086 -0.0456473 0.0456722 -1.53776
-0.109849 0.00575696 0.00835587 0.010917 0.0137478 0.917512
-0.104007 -0.0358125 -0.0152051 -0.00414491 0.0157599 -2.87546
-0.0830181 -0.0721665 0.0133388 0.01144 0.0175727 0.708919
-0.049939 -0.0980107 -0.00773889 0.0062693 0.00995965 2.46072
-0.00958713 -0.109581 0.00515486 0.00913831 0.010492 1.0572
0.0321609 -0.105194 0.00634093 -0.0541712 0.054541 -1.45427
0.0692252 -0.0854861 0.00800207 0.17855 0.17873 1.52601
0.0962082 -0.0533291 -0.0874133 -0.360736 0.371176 -1.80853
0.10918 -0.0134056 0.103043 0.567855 0.577128 1.39129
0.106252 0.0284701 0.100968 -0.774083 0.78064 -1.44109
# x y Real Imaginary Modulus Phase <-> f = 0 s = 3
0.000959919 0.109996 0.904395 0.00712185 0.904423 0.00787455
-0.0403151 0.102346 -0.482624 0.198731 0.521939 2.75098
-0.075719 0.0797912 0.174719 -0.167138 0.241789 -0.763227
-0.100096 0.0456163 -0.0470024 0.0997348 0.110255 2.0112
-0.109895 0.00479813 0.000674377 -0.0451705 0.0451756 -1.55587
-0.103691 -0.0367188 0.00624 0.0196065 0.0205755 1.26267
-0.0823851 -0.0728882 -0.00679313 -0.00860954 0.0109668 -2.23881
-0.0490818 -0.0984428 0.0111818 0.00353745 0.011728 0.306396
-0.0086305 -0.109661 -0.0061158 -0.000614746 0.00614662 -3.04141
0.0330776 -0.104909 -0.00326764 0.0104838 0.0109813 1.87294
0.0699686 -0.0848787 0.00609376 -0.067925 0.0681978 -1.48132
0.0966699 -0.0524875 0.0411584 0.154795 0.160173 1.31092
0.109293 -0.0124524 -0.0808956 -0.287518 0.298681 -1.84506
0.105999 0.0293962 0.0466268 0.527834 0.529889 1.48269
0.0872689 0.0669638 0.147546 -0.792258 0.80588 -1.38667
# x y Real Imaginary Modulus Phase <-> f = 0 s = 4
-0.0412067 0.10199 0.882066 -0.0137735 0.882173 -0.0156138
-0.0764124 0.0791274 -0.479565 0.176099 0.510875 2.78967
-0.10049 0.044741 0.200815 -0.169734 0.262938 -0.701715
-0.109933 0.00383894 -0.0641363 0.103358 0.12164 2.12617
-0.103366 -0.0376222 0.022887 -0.0492859 0.0543407 -1.13606
-0.0817459 -0.0736044 -0.00700887 0.0160629 0.0175255 1.98223
-0.0482208 -0.0988673 -0.00088989 -0.00362536 0.00373298 -1.8115
-0.00767321 -0.109732 0.00978369 -0.000284993 0.00978784 -0.0291212
0.0339919 -0.104616 -0.00560748 -0.00136942 0.00577228 -2.90207
0.0707066 -0.0842649 0.00760272 0.0193892 0.0208265 1.19711
0.0971242 -0.0516419 -0.0272149 -0.0421637 0.050184 -2.14397
0.109397 -0.0114981 0.049403 0.0931572 0.105446 1.08319
0.105739 0.0303201 -0.0671583 -0.212928 0.223268 -1.87632
0.0866812 0.0677228 0.0109696 0.442386 0.442522 1.546
0.055 0.0952628 0.228766 -0.741627 0.776109 -1.27159
# x y Real Imaginary Modulus Phase <-> f = 0 s = 5
-0.0771 0.0784575 0.906811 -0.0234572 0.907114 -0.025862
-0.100877 0.0438624 -0.558201 0.222195 0.600798 2.76276
-0.109962 0.00287946 0.265735 -0.209636 0.33847 -0.66793
-0.103034 -0.0385228 -0.129032 0.118476 0.175173 2.39882
-0.0811005 -0.0743149 0.0570106 -0.038595 0.0688461 -0.595108
-0.0473562 -0.0992844 -0.0126518 0.00943923 0.015785 2.50061
-0.00671534 -0.109795 -0.00141713 -0.00297074 0.00329144 -2.0159
0.0349035 -0.104316 0.0114549 0.00461829 0.0123509 0.383236
0.0714393 -0.0836447 -0.014396 -0.00264668 0.0146373 -2.95977
0.0975712 -0.0507923 0.0190303 0.00531235 0.0197579 0.272222
0.109494 -0.010543 -0.0296482 -0.0198962 0.0357054 -2.55054
0.10547 0.0312417 0.0597729 0.063267 0.0870374 0.813789
0.0860869 0.0684766 -0.0852899 -0.175572 0.195192 -2.02301
0.0541666 0.0957391 0.0385645 0.406961 0.408785 1.47632
0.0143579 0.109059 0.197389 -0.727248 0.753559 -1.30576
# x y Real Imaginary Modulus Phase <-> f = 0 s = 6
-0.101256 0.0429804 0.846378 -0.0460776 0.847631 -0.0543873
-0.109983 0.00191976 -0.554736 0.310018 0.635487 2.63197
-0.102694 -0.0394205 0.322807 -0.238362 0.401274 -0.636039
-0.0804489 -0.0750198 -0.154478 0.103238 0.1858 2.55246
-0.046488 -0.0996939 0.0452404 -0.0383668 0.0593186 -0.703369
-0.00575696 -0.109849 -0.000299234 0.0192864 0.0192888 1.58631
0.0358125 -0.104007 -0.0102622 0.00309001 0.0107173 2.84912
0.0721665 -0.0830181 0.0151899 0.0119205 0.0193089 0.66538
0.0980107 -0.049939 -0.0224703 0.00823021 0.0239301 2.7905
0.109581 -0.00958713 0.0091411 -0.00458637 0.0102271 -0.465032
0.105194 0.0321609 -0.0311423 -0.0119841 0.0333686 -2.77424
0.0854861 0.0692252 0.0617923 0.0505983 0.0798654 0.686126
0.0533291 0.0962082 -0.0858686 -0.15792 0.179756 -2.06883
0.0134056 0.10918 0.0307749 0.394384 0.395583 1.49292
-0.0284701 0.106252 0.233852 -0.750244 0.785846 -1.26864
# x y Real Imaginary Modulus Phase <-> f = 0 s = 7
-0.109996 0.000959919 0.765184 -0.0810942 0.769469 -0.105586
-0.102346 -0.0403151 -0.612585 0.354522 0.707775 2.61696
-0.0797912 -0.075719 0.35454 -0.207528 0.410812 -0.529573
-0.0456163 -0.100096 -0.118179 0.0875742 0.14709 2.50386
-0.00479813 -0.109895 0.00520749 -0.0445823 0.0448854 -1.45452
0.0367188 -0.103691 0.00902165 0.0102652 0.0136662 0.849785
0.0728882 -0.0823851 -0.0264894 0.00371925 0.0267492 3.0021
0.0984428 -0.0490818 0.010787 0.00677511 0.0127382 0.560812
0.109661 -0.0086305 -0.0238445 0.0123881 0.0268706 2.66244
0.104909 0.0330776 0.00425116 -0.00784779 0.00892525 -1.07435
0.0848787 0.0699686 -0.0303014 -0.0118274 0.0325278 -2.76945
0.0524875 0.0966699 0.0603885 0.0511354 0.0791303 0.702618
0.0124524 0.109293 -0.0802753 -0.175931 0.19338 -1.99887
-0.0293962 0.105999 0.0111662 0.466042 0.466176 1.54684
-0.0669638 0.0872689 0.153045 -0.769883 0.784947 -1.37457
# x y Real Imaginary Modulus Phase <-> f = 0 s = 8
-0.10199 -0.0412067 0.727232 -0.14622 0.741786 -0.198419
-0.0791274 -0.0764124 -0.623005 0.327867 0.704012 2.65715
-0.044741 -0.10049 0.260951 -0.173999 0.313642 -0.588087
-0.00383894 -0.109933 -0.0255301 0.0920381 0.0955133 1.84138
0.0376222 -0.103366 -0.0257191 -0.0322444 0.0412453 -2.24409
0.0736044 -0.0817459 0.0234659 -0.00581289 0.0241752 -0.242828
0.0988673 -0.0482208 -0.0355233 0.00610008 0.0360433 2.97153
0.109732 -0.00767321 0.00790326 0.00440013 0.00904559 0.50801
0.104616 0.0339919 -0.0219064 0.0136929 0.0258338 2.58295
0.0842649 0.0707066 0.0113953 -0.00869931 0.0143363 -0.652031
0.0516419 0.0971242 -0.0344402 -0.00929738 0.0356731 -2.87792
0.0114981 0.109397 0.0611803 0.0646545 0.0890125 0.813001
-0.0303201 0.105739 -0.0743655 -0.235883 0.247327 -1.8762
-0.0677228 0.0866812 0.0808831 0.528871 0.535021 1.41904
-0.0952628 0.055 0.0694932 -0.74778 0.751003 -1.47813
# x y Real Imaginary Modulus Phase <-> f = 0 s = 9
-0.0784575 -0.0771 0.862583 -0.0595437 0.864636 -0.0689202
-0.0438624 -0.100877 -0.506529 0.151407 0.528673 2.85114
-0.00287946 -0.109962 0.112885 -0.137619 0.177994 -0.883814
0.0385228 -0.103034 0.0152941 0.0594499 0.0613856 1.319
0.0743149 -0.0811005 -0.0316838 -0.0109536 0.0335238 -2.80874
0.0992844 -0.0473562 0.029477 -0.0164407 0.0337518 -0.508772
0.109795 -0.00671534 -0.0346013 0.00418541 0.0348535 3.02122
0.104316 0.0349035 0.00977622 0.0122033 0.0156364 0.895378
0.0836447 0.0714393 -0.0156076 0.00975365 0.0184047 2.58304
0.0507923 0.0975712 0.0175542 -0.000670182 0.017567 -0.0381594
0.010543 0.109494 -0.0310399 -0.0236908 0.0390478 -2.48967
-0.0312417 0.10547 0.0430662 0.112643 0.120595 1.20562
-0.0684766 0.0860869 -0.0766728 -0.300353 0.309985 -1.82073
-0.0957391 0.0541666 0.0793395 0.595946 0.601204 1.43844
-0.109059 0.0143579 0.00582295 -0.796064 0.796086 -1.56348
# x y Real Imaginary Modulus Phase <-> f = 0 s = 10
-0.0429804 -0.101256 0.897105 0.12895 0.906325 0.142762
-0.00191976 -0.109983 -0.348639 0.11444 0.366941 2.82443
0.0394205 -0.102694 0.0732762 -0.11533 0.13664 -1.00478
0.0750198 -0.0804489 0.0101825 0.054251 0.0551984 1.38526
0.0996939 -0.046488 -0.0278232 -0.0107513 0.0298282 -2.77285
0.109849 -0.00575696 0.0305839 -0.00420729 0.030872 -0.136707
0.104007 0.0358125 -0.0254454 -0.00224296 0.025544 -3.05367
0.0830181 0.0721665 0.0148404 0.0138746 0.0203161 0.751778
0.049939 0.0980107 -0.0101445 9.07124e-05 0.0101449 3.13265
0.00958713 0.109581 0.0123058 0.0074924 0.0144072 0.546903
-0.0321609 0.105194 -0.00915596 -0.0423412 0.0433199 -1.78376
-0.0692252 0.0854861 0.0248689 0.131242 0.133578 1.38353
-0.0962082 0.0533291 -0.0361277 -0.307129 0.309246 -1.68789
-0.10918 0.0134056 0.045391 0.602281 0.603989 1.49557
-0.106252 -0.0284701 0.12036 -0.782236 0.791442 -1.41813
# x y Real Imaginary Modulus Phase <-> f = 0 s = 11
-0.000959919 -0.109996 0.76669 0.209806 0.794879 0.267112
0.0403151 -0.102346 -0.31883 0.0955856 0.33285 2.85032
0.075719 -0.0797912 0.0986594 -0.118988 0.154569 -0.878528
0.100096 -0.0456163 -0.00734498 0.0742517 0.0746141 1.6694
0.109895 -0.00479813 -0.0116441 -0.0328206 0.0348249 -1.91172
0.103691 0.0367188 0.00800615 0.0163934 0.018244 1.11649
0.0823851 0.0728882 -0.00785586 -0.00502527 0.00932566 -2.5725
0.0490818 0.0984428 0.0119694 0.0058525 0.0133236 0.454773
0.0086305 0.109661 -0.00366673 -0.000992788 0.00379875 -2.87718
-0.0330776 0.104909 0.00658501 0.00861351 0.0108423 0.918081
-0.0699686 0.0848787 -0.013439 -0.0385823 0.0408558 -1.90598
-0.0966699 0.0524875 0.0268247 0.098591 0.102175 1.30515
-0.109293 0.0124524 -0.0494077 -0.232012 0.237214 -1.78062
-0.105999 -0.0293962 0.000589822 0.423726 0.423727 1.5694
-0.0872689 -0.0669638 0.296298 -0.681507 0.743131 -1.16068
# x y Real Imaginary Modulus Phase <-> f = 0 s = 12
0.0412067 -0.10199 0.821595 0.199197 0.845398 0.237861
0.0764124 -0.0791274 -0.422581 0.103671 0.435112 2.90102
0.10049 -0.044741 0.172501 -0.155292 0.232104 -0.732947
0.109933 -0.00383894 -0.0709493 0.104226 0.126083 2.16847
0.103366 0.0376222 0.0361444 -0.0508144 0.062358 -0.952525
0.0817459 0.0736044 -0.0161556 0.0133128 0.020934 2.45237
0.0482208 0.0988673 -0.000773333 -0.00318732 0.00327979 -1.80882
0.00767321 0.109732 0.0054282 0.00134936 0.0055934 0.243645
-0.0339919 0.104616 -0.00105744 -0.000827908 0.00134299 -2.47734
-0.0707066 0.0842649 0.0106049 0.00680382 0.0125998 0.570429
-0.0971242 0.0516419 -0.0305513 -0.0152279 0.0341361 -2.6792
-0.109397 0.0114981 0.0618352 0.0395577 0.0734057 0.569121
-0.105739 -0.0303201 -0.0848113 -0.107418 0.136864 -2.23913
-0.0866812 -0.0677228 0.02622 0.278686 0.279916 1.47699
-0.055 -0.0952628 0.27608 -0.511823 0.581535 -1.07612
# x y Real Imaginary Modulus Phase <-> f = 0 s = 13
0.0771 -0.0784575 0.948652 0.0344542 0.949278 0.0363032
0.100877 -0.0438624 -0.577285 0.239686 0.625066 2.74806
0.109962 -0.00287946 0.336212 -0.224742 0.40441 -0.589237
0.103034 0.0385228 -0.183588 0.105392 0.211688 2.62046
0.0811005 0.0743149 0.0837801 -0.0282311 0.0884087 -0.325017
0.0473562 0.0992844 -0.0280027 -6.47672e-05 0.0280028 -3.13928
0.00671534 0.109795 0.00389214 -0.00316704 0.00501786 -0.68304
-0.0349035 0.104316 0.00253517 0.00499005 0.00559712 1.10073
-0.0714393 0.0836447 -0.0012165 0.00976166 0.00983717 1.69478
-0.0975712 0.0507923 0.00434413 -0.00665439 0.00794685 -0.99244
-0.109494 0.010543 -0.0292212 0.00912641 0.0306133 2.83887
-0.10547 -0.0312417 0.0527439 -0.0055142 0.0530314 -0.104168
-0.0860869 -0.0684766 -0.0730457 -0.0662443 0.0986102 -2.40498
-0.0541666 -0.0957391 0.0239013 0.235989 0.237196 1.46986
-0.0143579 -0.109059 0.304566 -0.533107 0.613974 -1.05174
# x y Real Imaginary Modulus Phase <-> f = 0 s = 14
0.101256 -0.0429804 0.743282 -0.0914339 0.748885 -0.122399
0.109983 -0.00191976 -0.575018 0.448197 0.729058 2.47951
0.102694 0.0394205 0.413709 -0.302371 0.512429 -0.63115
0.0804489 0.0750198 -0.211305 0.12507 0.245545 2.60716
0.046488 0.0996939 0.0915126 -0.0442009 0.101628 -0.449958
0.00575696 0.109849 -0.0217415 0.0204727 0.0298634 2.38624
-0.0358125 0.104007 -0.00281972 -0.0112587 0.0116064 -1.8162
-0.0721665 0.0830181 0.00425431 0.0105158 0.0113438 1.18636
-0.0980107 0.049939 -0.0120679 0.0161822 0.0201865 2.21157
-0.109581 0.00958713 0.00195878 -0.0250968 0.0251731 -1.49291
-0.105194 -0.0321609 -0.0150768 0.0238718 0.0282342 2.13411
-0.0854861 -0.0692252 0.0383597 -0.00801457 0.039188 -0.205969
-0.0533291 -0.0962082 -0.0705964 -0.0768985 0.10439 -2.31349
-0.0134056 -0.10918 0.00199507 0.309167 0.309173 1.56434
0.0284701 -0.106252 0.314212 -0.728213 0.79311 -1.16345
# x y Real Imaginary Modulus Phase <-> f = 0 s = 15
0.109996 -0.000959919 0.659742 0.0143354 0.659898 0.0217254
0.102346 0.0403151 -0.529122 0.440175 0.688276 2.4477
0.0797912 0.075719 0.351732 -0.28613 0.453416 -0.682911
0.0456163 0.100096 -0.157069 0.135623 0.207519 2.42933
0.00479813 0.109895 0.0400183 -0.054414 0.0675451 -0.936679
-0.0367188 0.103691 0.000101678 0.0221994 0.0221996 1.56622
-0.0728882 0.0823851 -0.0170009 -0.00526111 0.0177964 -2.84148
-0.0984428 0.0490818 0.00492899 0.00797923 0.00937886 1.01744
-0.109661 0.0086305 -0.0189716 0.0190576 0.0268908 2.35393
-0.104909 -0.0330776 -0.0010637 -0.0348916 0.0349079 -1.60127
-0.0848787 -0.0699686 -0.013593 0.0252256 0.0286548 2.06505
-0.0524875 -0.0966699 0.0499113 0.0100941 0.0509218 0.199548
-0.0124524 -0.109293 -0.0797889 -0.14422 0.16482 -2.07613
0.0293962 -0.105999 0.00322244 0.479604 0.479615 1.56408
0.0669638 -0.0872689 0.0752088 -0.784912 0.788507 -1.47527
