# x y Real Imaginary Modulus Phase <-> f = 0 s = 0
0.10199 0.0412067 0.745035 -0.0639675 0.747776 -0.0856483
0.0791274 0.0764124 -0.574041 0.337606 0.665959 2.60995
0.044741 0.10049 0.300933 -0.216771 0.370878 -0.62424
0.00383894 0.109933 -0.101891 0.10645 0.147355 2.33432
-0.0376222 0.103366 -0.00754312 -0.0727417 0.0731318 -1.67412
-0.0736044 0.0817459 -0.0171748 0.0165796 0.0238717 2.37383
-0.0988673 0.0482208 -0.0357919 -0.00241819 0.0358734 -3.07413
-0.109732 0.00767321 0.0228914 -0.00252712 0.0230305 -0.109951
-0.104616 -0.0339919 -0.0421994 0.0129871 0.0441527 2.84304
-0.0842649 -0.0707066 0.0125715 -0.0690287 0.0701641 -1.39065
-0.0516419 -0.0971242 -0.0446402 0.0177229 0.0480297 2.76366
-0.0114981 -0.109397 0.0651556 0.0297932 0.0716442 0.428876
0.0303201 -0.105739 -0.0389378 -0.283244 0.285908 -1.70741
0.0677228 -0.0866812 0.109752 0.654056 0.663201 1.40454
0.0952628 -0.055 -0.00878771 -0.636835 0.636895 -1.58459
# x y Real Imaginary Modulus Phase <-> f = 0 s = 1
0.0784575 0.0771 0.809754 -0.0868342 0.814396 -0.106827
0.0438624 0.100877 -0.581442 0.282442 0.646411 2.6894
0.00287946 0.109962 0.275495 -0.19157 0.335554 -0.607609
-0.0385228 0.103034 -0.0733309 0.0805453 0.108926 2.30934
-0.0743149 0.0811005 -0.0132987 -0.0369149 0.0392373 -1.91657
-0.0992844 0.0473562 0.000956212 0.0308866 0.0309014 1.53985
-0.109795 0.00671534 -0.0247394 -0.00448823 0.0251432 -2.96212
-0.104316 -0.0349035 0.00210357 0.0194916 0.0196047 1.46329
-0.0836447 -0.0714393 -0.0058536 0.0230211 0.0237537 1.81979
-0.0507923 -0.0975712 -0.00882408 -0.0148007 0.0172315 -2.10841
-0.010543 -0.109494 -0.0438108 -0.0214113 0.048763 -2.68701
0.0312417 -0.10547 0.0150591 0.140566 0.14137 1.46407
0.0684766 -0.0860869 -0.0480063 -0.371455 0.374545 -1.69932
0.0957391 -0.0541666 0.165934 0.60996 0.632127 1.30518
0.109059 -0.0143579 0.0361121 -0.672376 0.673345 -1.51714
# x y Real Imaginary Modulus Phase <-> f = 0 s = 2
0.0429804 0.101256 0.89224 -0.0700551 0.894986 -0.0783552
0.00191976 0.109983 -0.523918 0.2064 0.563108 2.76631
-0.0394205 0.102694 0.177366 -0.18557 0.2567 -0.807999
-0.0750198 0.0804489 -0.0281448 0.0997104 0.103606 1.8459
-0.0996939 0.046488 0.0170552 -0.0604339 0.0627944 -1.29574
-0.109849 0.00575696 0.00378173 0.0231493 0.0234562 1.40886
-0.104007 -0.0358125 0.00218881 -0.0139965 0.0141666 -1.41567
-0.0830181 -0.0721665 -0.0131856 0.0156888 0.0204939 2.26972
-0.049939 -0.0980107 0.00648638 0.0019831 0.00678276 0.296708
-0.00958713 -0.109581 0.0222341 0.000529883 0.0222404 0.0238275
0.0321609 -0.105194 -0.00857999 -0.0355678 0.0365881 -1.8075
0.0692252 -0.0854861 -0.00314013 0.183851 0.183878 1.58787
0.0962082 -0.0533291 -0.0981042 -0.371861 0.384584 -1.82874
0.10918 -0.0134056 0.103083 0.571685 0.580904 1.3924
0.106252 0.0284701 0.110849 -0.788292 0.796048 -1.43109
# x y Real Imaginary Modulus Phase <-> f = 0 s = 3
0.000959919 0.109996 0.890982 0.0270776 0.891394 0.0303814
-0.0403151 0.102346 -0.488424 0.192224 0.524889 2.76665
-0.075719 0.0797912 0.175805 -0.164433 0.240718 -0.751987
-0.100096 0.0456163 -0.0317862 0.116206 0.120474 1.8378
-0.109895 0.00479813 0.00714375 -0.0365199 0.0372121 -1.37762
-0.103691 -0.0367188 0.000337325 0.0174191 0.0174224 1.55143
-0.0823851 -0.0728882 -0.00809254 -0.012035 0.0145028 -2.16277
-0.0490818 -0.0984428 0.0237977 -0.00388528 0.0241128 -0.161835
-0.0086305 -0.109661 0.00359971 0.00235652 0.00430245 0.579631
0.0330776 -0.104909 -0.00747005 0.0141934 0.0160391 2.05527
0.0699686 -0.0848787 0.0153897 -0.0561776 0.0582475 -1.30341
0.0966699 -0.0524875 0.0390555 0.152281 0.157209 1.31974
0.109293 -0.0124524 -0.071384 -0.284527 0.293345 -1.81661
0.105999 0.0293962 0.0552945 0.53276 0.535622 1.46738
0.0872689 0.0669638 0.146667 -0.796432 0.809824 -1.38868
# x y Real Imaginary Modulus Phase <-> f = 0 s = 4
-0.0412067 0.10199 0.884594 -0.00766029 0.884627 -0.00865945
-0.0764124 0.0791274 -0.476714 0.176402 0.508305 2.78718
-0.10049 0.044741 0.198166 -0.178116 0.266449 -0.732163
-0.109933 0.00383894 -0.0651831 0.0935175 0.113993 2.17952
-0.103366 -0.0376222 0.0288924 -0.0460695 0.0543799 -1.01065
-0.0817459 -0.0736044 -0.00192905 0.015902 0.0160185 1.69152
-0.0482208 -0.0988673 -0.0113307 -0.0112892 0.0159947 -2.35803
-0.00767321 -0.109732 0.00926967 -0.0004889 0.00928256 -0.0526931
0.0339919 -0.104616 -0.0134871 0.000146545 0.0134879 3.13073
0.0707066 -0.0842649 0.0141021 0.00923444 0.0168566 0.57976
0.0971242 -0.0516419 -0.0334376 -0.0363566 0.0493951 -2.3144
0.109397 -0.0114981 0.0549783 0.101221 0.115188 1.07323
0.105739 0.0303201 -0.0603757 -0.216115 0.22439 -1.84322
0.0866812 0.0677228 0.00817586 0.434742 0.434819 1.55199
0.055 0.0952628 0.22431 -0.735258 0.768712 -1.27469
# x y Real Imaginary Modulus Phase <-> f = 0 s = 5
-0.0771 0.0784575 0.903559 -0.028897 0.904021 -0.0319704
-0.100877 0.0438624 -0.569944 0.225031 0.612761 2.76555
-0.109962 0.00287946 0.258106 -0.195509 0.323793 -0.648268
-0.103034 -0.0385228 -0.11301 0.125884 0.169169 2.30236
-0.0811005 -0.0743149 0.0580006 -0.0559672 0.0806002 -0.767557
-0.0473562 -0.0992844 -0.0126204 -5.29003e-05 0.0126206 -3.1374
-0.00671534 -0.109795 -0.00858691 0.00170659 0.00875485 2.94541
0.0349035 -0.104316 0.0154996 -0.00165032 0.0155873 -0.106075
0.0714393 -0.0836447 -0.00457013 -0.00419272 0.00620201 -2.39924
0.0975712 -0.0507923 0.0230124 -0.00493205 0.023535 -0.211127
0.109494 -0.010543 -0.0152472 -0.0146409 0.0211384 -2.37648
0.10547 0.0312417 0.0575163 0.0734274 0.0932722 0.906317
0.0860869 0.0684766 -0.0657506 -0.171773 0.183927 -1.93637
0.0541666 0.0957391 0.0491024 0.407904 0.410849 1.451
0.0143579 0.109059 0.202651 -0.720081 0.748053 -1.29646
# x y Real Imaginary Modulus Phase <-> f = 0 s = 6
-0.101256 0.0429804 0.868589 -0.051238 0.870099 -0.0589217
-0.109983 0.00191976 -0.493148 0.33218 0.594591 2.54881
-0.102694 -0.0394205 0.311664 -0.230551 0.38767 -0.636902
-0.0804489 -0.0750198 -0.156291 0.102869 0.187106 2.55948
-0.046488 -0.0996939 0.0578384 -0.0592415 0.0827939 -0.797381
-0.00575696 -0.109849 -0.0269708 -0.00378899 0.0272356 -3.00202
0.0358125 -0.104007 -0.0247699 -0.000873955 0.0247853 -3.10632
0.0721665 -0.0830181 0.0161435 -0.0200055 0.0257066 -0.89183
0.0980107 -0.049939 -0.0110344 0.0057226 0.01243 2.66316
0.109581 -0.00958713 0.0297447 -0.00240075 0.0298414 -0.0805374
0.105194 0.0321609 -0.0130236 -0.0104603 0.0167043 -2.46492
0.0854861 0.0692252 0.0580911 0.0413918 0.0713293 0.619088
0.0533291 0.0962082 -0.0999425 -0.216972 0.238883 -2.00245
0.0134056 0.10918 0.0116008 0.394561 0.394732 1.5414
-0.0284701 0.106252 0.190085 -0.751435 0.775104 -1.32303
# x y Real Imaginary Modulus Phase <-> f = 0 s = 7
-0.109996 0.000959919 0.80046 -0.048399 0.801922 -0.0603904
-0.102346 -0.0403151 -0.589008 0.357078 0.688792 2.5966
-0.0797912 -0.075719 0.323144 -0.19217 0.375968 -0.536505
-0.0456163 -0.100096 -0.0990118 0.0499584 0.110902 2.6743
-0.00479813 -0.109895 -0.00259892 -0.0300388 0.030151 -1.6571
0.0367188 -0.103691 0.0358543 -0.0300645 0.046791 -0.697791
0.0728882 -0.0823851 -0.0322398 -0.0324248 0.0457249 -2.35333
0.0984428 -0.0490818 0.0595643 0.00116526 0.0595757 0.0195606
0.109661 -0.0086305 -0.0476409 0.083117 0.0958024 2.09126
0.104909 0.0330776 0.0190118 -0.0176921 0.0259704 -0.749457
0.0848787 0.0699686 -0.0635299 -0.0217738 0.0671576 -2.81141
0.0524875 0.0966699 0.0434768 0.0434263 0.0614498 0.784817
0.0124524 0.109293 -0.0386662 -0.192747 0.196587 -1.76877
-0.0293962 0.105999 0.0606004 0.475417 0.479264 1.44401
-0.0669638 0.0872689 0.15642 -0.818062 0.832882 -1.38187
# x y Real Imaginary Modulus Phase <-> f = 0 s = 8
-0.10199 -0.0412067 0.70689 -0.133906 0.719461 -0.187212
-0.0791274 -0.0764124 -0.631465 0.341226 0.717763 2.64617
-0.044741 -0.10049 0.297139 -0.136287 0.326904 -0.430036
-0.00383894 -0.109933 -0.0320243 0.0492745 0.0587668 2.14711
0.0376222 -0.103366 0.00849668 -0.0149446 0.0171911 -1.05383
0.0736044 -0.0817459 0.0709123 -0.00261768 0.0709606 -0.0368975
0.0988673 -0.0482208 -0.0489518 0.0234785 0.054291 2.69438
0.109732 -0.00767321 -0.0281856 -0.00235495 0.0282838 -3.05823
0.104616 0.0339919 -0.0273008 -0.0520043 0.0587348 -2.05422
0.0842649 0.0707066 0.04075 -0.0321715 0.0519189 -0.668296
0.0516419 0.0971242 -0.0568563 0.000694886 0.0568606 3.12937
0.0114981 0.109397 0.0724231 0.0835503 0.11057 0.856618
-0.0303201 0.105739 -0.0622667 -0.279988 0.286828 -1.78963
-0.0677228 0.0866812 0.0666738 0.566092 0.570005 1.45356
-0.0952628 0.055 0.0804475 -0.79 0.794086 -1.46931
# x y Real Imaginary Modulus Phase <-> f = 0 s = 9
-0.0784575 -0.0771 0.854607 -0.0524109 0.856213 -0.0612507
-0.0438624 -0.100877 -0.611956 0.145956 0.629121 2.90746
-0.00287946 -0.109962 0.164134 -0.168139 0.234969 -0.79745
0.0385228 -0.103034 0.0368772 0.0444825 0.0577808 0.878604
0.0743149 -0.0811005 -0.0455687 -0.0582692 0.0739716 -2.23449
0.0992844 -0.0473562 0.0771266 -0.0209552 0.0799227 -0.265294
0.109795 -0.00671534 -1.1296e-05 0.000767271 0.000767355 1.58552
0.104316 0.0349035 0.0775001 -0.0209564 0.0802835 -0.264089
0.0836447 0.0714393 -0.024693 0.0352461 0.0430353 2.18192
0.0507923 0.0975712 -0.0537797 -0.0299119 0.0615384 -2.63401
0.010543 0.109494 -0.0440178 -0.028299 0.0523298 -2.57023
-0.0312417 0.10547 0.0230882 0.138965 0.14087 1.40616
-0.0684766 0.0860869 -0.10348 -0.292364 0.310137 -1.91098
-0.0957391 0.0541666 0.0196974 0.601129 0.601451 1.53804
-0.109059 0.0143579 0.0174115 -0.833949 0.83413 -1.54992
# x y Real Imaginary Modulus Phase <-> f = 0 s = 10
-0.0429804 -0.101256 0.840634 0.140864 0.852355 0.166026
-0.00191976 -0.109983 -0.386296 0.113438 0.402607 2.85597
0.0394205 -0.102694 0.0428788 -0.0877313 0.0976492 -1.11619
0.0750198 -0.0804489 0.0148759 0.0146198 0.0208574 0.776717
0.0996939 -0.046488 0.0177212 -0.00631466 0.0188127 -0.342306
0.109849 -0.00575696 0.0643498 0.0193437 0.0671943 0.292009
0.104007 0.0358125 -0.0307762 0.0533283 0.0615717 2.09421
0.0830181 0.0721665 -0.0225067 0.0498091 0.0546581 1.9952
0.049939 0.0980107 -0.0480634 -0.00135308 0.0480824 -3.11345
0.00958713 0.109581 -0.014134 -0.0159745 0.0213297 -2.29514
-0.0321609 0.105194 -0.0363587 -0.0361641 0.0512815 -2.35888
-0.0692252 0.0854861 0.0215754 0.16583 0.167227 1.44142
-0.0962082 0.0533291 -0.0157756 -0.296678 0.297097 -1.62392
-0.10918 0.0134056 -0.00333889 0.618209 0.618218 1.5762
-0.106252 -0.0284701 0.127708 -0.760353 0.771003 -1.40439
# x y Real Imaginary Modulus Phase <-> f = 0 s = 11
-0.000959919 -0.109996 0.787954 0.230456 0.820963 0.284538
0.0403151 -0.102346 -0.301328 0.0628676 0.307816 2.93591
0.075719 -0.0797912 0.0884508 -0.105729 0.137848 -0.874144
0.100096 -0.0456163 -0.0387173 0.111503 0.118034 1.905
0.109895 -0.00479813 0.01165 -0.00785068 0.0140483 -0.592981
0.103691 0.0367188 0.0251715 -0.0169907 0.0303692 -0.593749
0.0823851 0.0728882 0.0254491 0.0781036 0.0821452 1.25581
0.0490818 0.0984428 0.0053883 -0.0326062 0.0330484 -1.40702
0.0086305 0.109661 -0.00403268 0.0175059 0.0179644 1.79721
-0.0330776 0.104909 -0.00302031 -0.0157963 0.0160825 -1.75972
-0.0699686 0.0848787 3.6799e-06 -0.0601934 0.0601934 -1.57074
-0.0966699 0.0524875 0.0488411 0.0667381 0.0827008 0.939024
-0.109293 0.0124524 -0.0937993 -0.238086 0.255897 -1.9461
-0.105999 -0.0293962 -0.0767459 0.381892 0.389527 1.76912
-0.0872689 -0.0669638 0.277062 -0.65532 0.711482 -1.1708
# x y Real Imaginary Modulus Phase <-> f = 0 s = 12
0.0412067 -0.10199 0.83076 0.190212 0.852257 0.225081
0.0764124 -0.0791274 -0.416039 0.0997919 0.42784 2.90618
0.10049 -0.044741 0.171394 -0.1383 0.220234 -0.678941
0.109933 -0.00383894 -0.0666361 0.106348 0.1255 2.13053
0.103366 0.0376222 0.0237676 -0.0417 0.0479978 -1.05275
0.0817459 0.0736044 -0.0250802 0.00769543 0.0262342 2.84388
0.0482208 0.0988673 0.0138841 6.29883e-05 0.0138842 0.00453669
0.00767321 0.109732 -0.0134295 -0.00966715 0.0165471 -2.51767
-0.0339919 0.104616 -0.0247599 -0.00533136 0.0253273 -2.92951
-0.0707066 0.0842649 0.0178931 0.0408369 0.0445849 1.15783
-0.0971242 0.0516419 -0.0388079 -0.00861523 0.0397527 -2.92314
-0.109397 0.0114981 0.0549232 0.0582438 0.0800556 0.814731
-0.105739 -0.0303201 -0.0927144 -0.131327 0.160757 -2.18553
-0.0866812 -0.0677228 0.000838399 0.293622 0.293623 1.56794
-0.055 -0.0952628 0.306723 -0.5084 0.593759 -1.02795
# x y Real Imaginary Modulus Phase <-> f = 0 s = 13
0.0771 -0.0784575 0.928807 0.054503 0.930405 0.0586135
0.100877 -0.0438624 -0.615863 0.194918 0.645972 2.83507
0.109962 -0.00287946 0.384991 -0.249912 0.458993 -0.575768
0.103034 0.0385228 -0.182152 0.0833595 0.20032 2.71241
0.0811005 0.0743149 0.085914 -0.0241578 0.0892458 -0.274108
0.0473562 0.0992844 0.030321 0.00147647 0.0303569 0.0486562
0.00671534 0.109795 -0.0233979 0.030094 0.0381196 2.23166
-0.0349035 0.104316 -0.0231738 -0.020727 0.0310908 -2.41187
-0.0714393 0.0836447 0.0147163 0.0323381 0.0355291 1.14373
-0.0975712 0.0507923 0.001885 0.0138888 0.0140161 1.4359
-0.109494 0.010543 -0.00604286 0.0172985 0.0183236 1.90687
-0.10547 -0.0312417 0.0191913 0.0115729 0.0224106 0.542643
-0.0860869 -0.0684766 -0.0838035 -0.0455186 0.0953676 -2.64402
-0.0541666 -0.0957391 0.00314954 0.22523 0.225252 1.55681
-0.0143579 -0.109059 0.288541 -0.499092 0.576497 -1.04661
# x y Real Imaginary Modulus Phase <-> f = 0 s = 14
0.101256 -0.0429804 0.749222 -0.126248 0.759784 -0.166938
0.109983 -0.00191976 -0.595047 0.425551 0.731556 2.52077
0.102694 0.0394205 0.416055 -0.259101 0.490138 -0.556984
0.0804489 0.0750198 -0.164669 0.12848 0.208861 2.47902
0.046488 0.0996939 0.0828247 -0.0501298 0.0968139 -0.544272
0.00575696 0.109849 -0.0416618 0.0163436 0.0447528 2.76775
-0.0358125 0.104007 -0.0143971 0.0204006 0.0249693 2.18535
-0.0721665 0.0830181 -0.00312974 0.00714424 0.0077997 1.98369
-0.0980107 0.049939 0.00314872 0.0435807 0.0436943 1.49867
-0.109581 0.00958713 -0.00496992 -0.0653635 0.0655522 -1.64669
-0.105194 -0.0321609 -0.0549957 0.0148951 0.0569771 2.8771
-0.0854861 -0.0692252 0.060208 0.0417239 0.0732522 0.60601
-0.0533291 -0.0962082 -0.0666487 -0.0792399 0.103542 -2.2701
-0.0134056 -0.10918 -0.00812798 0.316413 0.316518 1.59648
0.0284701 -0.106252 0.31196 -0.757002 0.818762 -1.1799
# x y Real Imaginary Modulus Phase <-> f = 0 s = 15
0.109996 -0.000959919 0.662936 -0.00467756 0.662953 -0.0070557
0.102346 0.0403151 -0.523899 0.446594 0.688416 2.43568
0.0797912 0.075719 0.311182 -0.260448 0.405792 -0.696877
0.0456163 0.100096 -0.214141 0.111936 0.241632 2.65994
0.00479813 0.109895 0.0419944 -0.0663035 0.0784836 -1.0062
-0.0367188 0.103691 -0.0127409 0.0280614 0.0308184 1.997
-0.0728882 0.0823851 -0.0115084 0.0249072 0.0274374 2.00363
-0.0984428 0.0490818 -0.0276791 -0.0180739 0.0330575 -2.56312
-0.109661 0.0086305 0.0135891 -0.00254276 0.013825 -0.184978
-0.104909 -0.0330776 -0.0174901 -0.0338259 0.0380801 -2.048
-0.0848787 -0.0699686 -0.0256663 0.034201 0.0427606 2.21459
-0.0524875 -0.0966699 0.0260594 0.0366501 0.0449702 0.952705
-0.0124524 -0.109293 -0.0917499 -0.194069 0.214665 -2.01242
0.0293962 -0.105999 -0.0259083 0.508931 0.50959 1.62166
0.0669638 -0.0872689 0.0566755 -0.778506 0.780566 -1.49812
