# x y Real Imaginary Modulus Phase <-> f = 0 s = 0
0.10199 0.0412067 0.721072 -0.0199248 0.721348 -0.0276251
0.0791274 0.0764124 -0.600796 0.328282 0.684635 2.64151
0.044741 0.10049 0.30535 -0.233479 0.384384 -0.652797
0.00383894 0.109933 -0.10819 0.100581 0.147722 2.39263
-0.0376222 0.103366 0.0319791 -0.0575653 0.0658516 -1.06372
-0.0736044 0.0817459 0.00669097 0.0040741 0.00783373 0.546935
-0.0988673 0.0482208 0.000956217 0.0159882 0.0160167 1.51106
-0.109732 0.00767321 0.00836192 -0.00543064 0.00997063 -0.575988
-0.104616 -0.0339919 -0.0312332 0.00525944 0.031673 2.97477
-0.0842649 -0.0707066 0.000921833 -0.0160482 0.0160747 -1.51342
-0.0516419 -0.0971242 -0.0207529 -0.00278039 0.0209383 -3.00841
-0.0114981 -0.109397 0.084631 0.073776 0.112273 0.716979
0.0303201 -0.105739 -0.0534269 -0.26097 0.266383 -1.77273
0.0677228 -0.0866812 0.11008 0.635806 0.645265 1.39936
0.0952628 -0.055 -0.0386892 -0.613923 0.615141 -1.63373
# x y Real Imaginary Modulus Phase <-> f = 0 s = 1
0.0784575 0.0771 0.807578 -0.109471 0.814964 -0.134733
0.0438624 0.100877 -0.550455 0.280347 0.617734 2.67053
0.00287946 0.109962 0.249831 -0.160717 0.297062 -0.571652
-0.0385228 0.103034 -0.0395545 0.0898758 0.0981948 1.98539
-0.0743149 0.0811005 -0.0128982 -0.0436557 0.0455212 -1.85808
-0.0992844 0.0473562 -0.0112025 0.0131913 0.0173062 2.27485
-0.109795 0.00671534 -0.0267487 0.013521 0.0299718 2.67357
-0.104316 -0.0349035 0.00996876 0.0282499 0.0299571 1.23156
-0.0836447 -0.0714393 -0.0289092 0.0300809 0.0417206 2.33633
-0.0507923 -0.0975712 -0.00880042 -0.0271291 0.0285208 -1.88448
-0.010543 -0.109494 -0.0632215 -0.0554723 0.0841079 -2.42139
0.0312417 -0.10547 0.00361559 0.141413 0.141459 1.54523
0.0684766 -0.0860869 -0.0459574 -0.396038 0.398696 -1.68632
0.0957391 -0.0541666 0.161007 0.641334 0.661235 1.32483
0.109059 -0.0143579 0.0374546 -0.680863 0.681893 -1.51584
# x y Real Imaginary Modulus Phase <-> f = 0 s = 2
0.0429804 0.101256 0.846907 -0.102701 0.853112 -0.120676
0.00191976 0.109983 -0.525338 0.187835 0.557908 2.79821
-0.0394205 0.102694 0.175311 -0.17886 0.25045 -0.795419
-0.0750198 0.0804489 -0.0179072 0.105028 0.106543 1.73967
-0.0996939 0.046488 -0.00249429 -0.055727 0.0557828 -1.61553
-0.109849 0.00575696 0.0137199 0.0216781 0.025655 1.00654
-0.104007 -0.0358125 -0.00617924 -0.0137433 0.0150685 -1.99333
-0.0830181 -0.0721665 0.0225169 -0.00263394 0.0226704 -0.116447
-0.049939 -0.0980107 -0.0206488 -0.00275339 0.0208316 -3.00903
-0.00958713 -0.109581 -0.0307981 0.0249494 0.0396358 2.46073
0.0321609 -0.105194 0.0152535 -0.0305817 0.0341747 -1.10812
0.0692252 -0.0854861 -0.0222708 0.175809 0.177214 1.6968
0.0962082 -0.0533291 -0.0719902 -0.366051 0.373063 -1.76499
0.10918 -0.0134056 0.115109 0.558762 0.570496 1.36763
0.106252 0.0284701 0.107269 -0.779636 0.786981 -1.43407
# x y Real Imaginary Modulus Phase <-> f = 0 s = 3
0.000959919 0.109996 0.898656 0.0155635 0.898791 0.0173169
-0.0403151 0.102346 -0.481418 0.201283 0.521803 2.74558
-0.075719 0.0797912 0.186805 -0.155384 0.242982 -0.693833
-0.100096 0.0456163 -0.0440227 0.100997 0.110175 1.98185
-0.109895 0.00479813 0.00172351 -0.0472145 0.0472459 -1.53431
-0.103691 -0.0367188 0.00318953 0.0150868 0.0154203 1.36245
-0.0823851 -0.0728882 -0.00701053 -0.00441715 0.00828605 -2.57935
-0.0490818 -0.0984428 0.0131859 -0.0108556 0.0170796 -0.688771
-0.0086305 -0.109661 -0.0135097 -0.0107261 0.01725 -2.47055
0.0330776 -0.104909 -0.00504014 0.0181701 0.0188562 1.84138
0.0699686 -0.0848787 -0.00420044 -0.0738238 0.0739432 -1.62763
0.0966699 -0.0524875 0.0503038 0.154197 0.162195 1.25545
0.109293 -0.0124524 -0.0796739 -0.273074 0.28446 -1.85468
0.105999 0.0293962 0.0478549 0.523413 0.525596 1.47962
0.0872689 0.0669638 0.149249 -0.790004 0.803979 -1.38408
# x y Real Imaginary Modulus Phase <-> f = 0 s = 4
-0.0412067 0.10199 0.881798 -0.00977185 0.881852 -0.0110813
-0.0764124 0.0791274 -0.479187 0.174707 0.510042 2.79198
-0.10049 0.044741 0.208469 -0.173163 0.271007 -0.693147
-0.109933 0.00383894 -0.068336 0.102511 0.123201 2.15877
-0.103366 -0.0376222 0.0222343 -0.0508829 0.0555287 -1.15883
-0.0817459 -0.0736044 -0.0168344 0.0100689 0.0196158 2.60256
-0.0482208 -0.0988673 -0.00465447 -0.000283824 0.00466311 -3.08069
-0.00767321 -0.109732 0.0166025 0.0089568 0.0188645 0.494733
0.0339919 -0.104616 -0.00173506 -0.00142395 0.00224456 -2.45436
0.0707066 -0.0842649 0.0165918 0.0231765 0.0285033 0.949486
0.0971242 -0.0516419 -0.0210055 -0.0430213 0.0478755 -2.02501
0.109397 -0.0114981 0.0485999 0.091191 0.103333 1.08114
0.105739 0.0303201 -0.0677405 -0.2177 0.227996 -1.87246
0.0866812 0.0677228 0.0129086 0.442767 0.442955 1.54165
0.055 0.0952628 0.228626 -0.749969 0.784043 -1.2749
# x y Real Imaginary Modulus Phase <-> f = 0 s = 5
-0.0771 0.0784575 0.913741 -0.0157014 0.913876 -0.0171819
-0.100877 0.0438624 -0.551838 0.216357 0.592736 2.76794
-0.109962 0.00287946 0.261998 -0.212106 0.337093 -0.680549
-0.103034 -0.0385228 -0.140155 0.1092 0.177674 2.4797
-0.0811005 -0.0743149 0.0564185 -0.0278101 0.0629003 -0.457971
-0.0473562 -0.0992844 -0.0169143 -0.000728762 0.01693 -3.09853
-0.00671534 -0.109795 0.00835118 2.54119e-05 0.00835122 0.00304291
0.0349035 -0.104316 -0.00193182 0.00372947 0.0042001 2.04873
0.0714393 -0.0836447 -0.00869494 -0.00377523 0.00947915 -2.73197
0.0975712 -0.0507923 0.0369826 0.017548 0.0409346 0.443034
0.109494 -0.010543 -0.0248506 -0.0290598 0.0382364 -2.27827
0.10547 0.0312417 0.0769726 0.0635209 0.0997982 0.689943
0.0860869 0.0684766 -0.077584 -0.179273 0.195341 -1.97923
0.0541666 0.0957391 0.0229867 0.398135 0.398798 1.51312
0.0143579 0.109059 0.190138 -0.723315 0.747888 -1.31374
# x y Real Imaginary Modulus Phase <-> f = 0 s = 6
-0.101256 0.0429804 0.833529 -0.0624656 0.835866 -0.0748013
-0.109983 0.00191976 -0.565488 0.321839 0.650659 2.62418
-0.102694 -0.0394205 0.330431 -0.217332 0.395497 -0.581784
-0.0804489 -0.0750198 -0.176345 0.166337 0.242416 2.38539
-0.046488 -0.0996939 0.0169337 -0.022661 0.0282891 -0.929049
-0.00575696 -0.109849 0.00360728 0.00396444 0.00535997 0.832534
0.0358125 -0.104007 0.0213773 0.0129423 0.0249899 0.544398
0.0721665 -0.0830181 0.0202735 0.0230795 0.0307193 0.850033
0.0980107 -0.049939 0.0148291 0.0107026 0.0182879 0.625159
0.109581 -0.00958713 0.0279137 -0.00141606 0.0279496 -0.0506863
0.105194 0.0321609 -0.0347398 0.0372868 0.0509623 2.32085
0.0854861 0.0692252 0.0969514 0.0421155 0.105704 0.409804
0.0533291 0.0962082 -0.0748257 -0.155007 0.172122 -2.02053
0.0134056 0.10918 0.0154815 0.391533 0.391839 1.53128
-0.0284701 0.106252 0.227116 -0.733299 0.767664 -1.27045
# x y Real Imaginary Modulus Phase <-> f = 0 s = 7
-0.109996 0.000959919 0.740427 -0.063956 0.743184 -0.0861634
-0.102346 -0.0403151 -0.640731 0.344613 0.727526 2.64813
-0.0797912 -0.075719 0.354173 -0.246966 0.431777 -0.608913
-0.0456163 -0.100096 -0.133085 0.0594488 0.145759 2.72149
-0.00479813 -0.109895 -0.0160198 -0.0432588 0.0461298 -1.92546
0.0367188 -0.103691 0.0118015 -0.0122269 0.0169933 -0.803098
0.0728882 -0.0823851 -0.0410441 0.0401523 0.057418 2.36718
0.0984428 -0.0490818 -0.0195717 -0.00961977 0.0218081 -2.68476
0.109661 -0.0086305 -0.0631633 0.0239396 0.0675478 2.77931
0.104909 0.0330776 0.0227632 0.00597871 0.0235352 0.256847
0.0848787 0.0699686 -0.0200117 0.00217429 0.0201295 3.03337
0.0524875 0.0966699 0.0167138 0.0508776 0.0535525 1.25339
0.0124524 0.109293 -0.125202 -0.176457 0.216362 -2.18789
-0.0293962 0.105999 0.0554515 0.36548 0.369663 1.42022
-0.0669638 0.0872689 0.130961 -0.743819 0.755259 -1.39652
# x y Real Imaginary Modulus Phase <-> f = 0 s = 8
-0.10199 -0.0412067 0.712677 -0.177256 0.73439 -0.243772
-0.0791274 -0.0764124 -0.606803 0.336798 0.694005 2.63489
-0.044741 -0.10049 0.295424 -0.178721 0.345278 -0.54406
-0.00383894 -0.109933 -0.0603213 0.0918504 0.109887 2.15189
0.0376222 -0.103366 -0.028082 -0.0389508 0.0480184 -2.19545
0.0736044 -0.0817459 0.0545114 0.0149672 0.0565288 0.267966
0.0988673 -0.0482208 -0.0679098 -0.0168522 0.0699695 -2.89835
0.109732 -0.00767321 0.0127989 0.0445317 0.0463345 1.29093
0.104616 0.0339919 -0.00934318 0.069393 0.0700192 1.70463
0.0842649 0.0707066 -0.00716802 -0.000904214 0.00722482 -3.01611
0.0516419 0.0971242 -0.0439098 0.0228443 0.0494967 2.66187
0.0114981 0.109397 0.0586336 0.0494295 0.0766888 0.70043
-0.0303201 0.105739 -0.0791219 -0.290922 0.301489 -1.83634
-0.0677228 0.0866812 0.106396 0.504058 0.515164 1.36277
-0.0952628 0.055 0.0448807 -0.769463 0.770771 -1.51254
# x y Real Imaginary Modulus Phase <-> f = 0 s = 9
-0.0784575 -0.0771 0.86661 -0.141769 0.878129 -0.162154
-0.0438624 -0.100877 -0.541894 0.164964 0.566447 2.84609
-0.00287946 -0.109962 0.112523 -0.143961 0.182719 -0.907362
0.0385228 -0.103034 0.0186899 -0.0207907 0.0279566 -0.838559
0.0743149 -0.0811005 -0.0398854 -0.0130548 0.0419675 -2.82527
0.0992844 -0.0473562 0.0895152 -0.030905 0.0947 -0.332435
0.109795 -0.00671534 -0.0360138 -0.00294756 0.0361342 -3.05993
0.104316 0.0349035 0.0383649 0.0583719 0.0698509 0.989341
0.0836447 0.0714393 0.0182094 0.0297264 0.0348603 1.02119
0.0507923 0.0975712 -0.000712646 0.0457597 0.0457653 1.58637
0.010543 0.109494 -0.0304424 -0.0420965 0.0519505 -2.1969
-0.0312417 0.10547 0.0304562 0.150927 0.153969 1.37168
-0.0684766 0.0860869 -0.0369226 -0.284318 0.286706 -1.69994
-0.0957391 0.0541666 0.0110913 0.510612 0.510732 1.54908
-0.109059 0.0143579 0.0494077 -0.753368 0.754986 -1.50531
# x y Real Imaginary Modulus Phase <-> f = 0 s = 10
-0.0429804 -0.101256 0.939996 0.106125 0.945968 0.112424
-0.00191976 -0.109983 -0.366534 0.129807 0.388841 2.80123
0.0394205 -0.102694 0.0164977 -0.128611 0.129665 -1.44322
0.0750198 -0.0804489 0.00790291 0.0120333 0.0143964 0.989689
0.0996939 -0.046488 -0.0610522 0.0712308 0.0938147 2.2794
0.109849 -0.00575696 8.08007e-05 -0.0240821 0.0240822 -1.56744
0.104007 0.0358125 -0.117302 -0.00978031 0.117709 -3.05841
0.0830181 0.0721665 0.0168108 0.0413387 0.0446261 1.18456
0.049939 0.0980107 -0.0429327 -0.066702 0.0793245 -2.14269
0.00958713 0.109581 0.0939171 -0.000655075 0.0939194 -0.00697492
-0.0321609 0.105194 0.000363749 -0.0479373 0.0479387 -1.56321
-0.0692252 0.0854861 0.0322957 0.136357 0.14013 1.33824
-0.0962082 0.0533291 -0.0155348 -0.275488 0.275926 -1.62713
-0.10918 0.0134056 0.0576935 0.612665 0.615376 1.47691
-0.106252 -0.0284701 0.084841 -0.747824 0.752621 -1.45783
# x y Real Imaginary Modulus Phase <-> f = 0 s = 11
-0.000959919 -0.109996 0.780682 0.199689 0.805816 0.250419
0.0403151 -0.102346 -0.342815 0.0705325 0.349996 2.93868
0.075719 -0.0797912 0.151516 -0.106519 0.185212 -0.612752
0.100096 -0.0456163 -0.0552075 0.0757318 0.0937186 2.20071
0.109895 -0.00479813 -0.00730355 -0.0576076 0.0580688 -1.6969
0.103691 0.0367188 -0.00964395 0.00578173 0.0112443 2.60153
0.0823851 0.0728882 0.0115509 0.0298899 0.0320442 1.20203
0.0490818 0.0984428 -0.0155219 0.0129257 0.0201991 2.44721
0.0086305 0.109661 0.00549069 0.0178023 0.0186298 1.27163
-0.0330776 0.104909 0.0305303 0.0480996 0.0569708 1.00523
-0.0699686 0.0848787 -0.0232786 -0.0447687 0.0504592 -2.0503
-0.0966699 0.0524875 -0.00658718 0.0677102 0.0680299 1.66778
-0.109293 0.0124524 -0.0875788 -0.171407 0.192485 -2.04316
-0.105999 -0.0293962 0.0083751 0.46405 0.464126 1.55275
-0.0872689 -0.0669638 0.279895 -0.644147 0.702329 -1.16089
# x y Real Imaginary Modulus Phase <-> f = 0 s = 12
0.0412067 -0.10199 0.840586 0.188901 0.86155 0.221053
0.0764124 -0.0791274 -0.439221 0.102937 0.451122 2.91138
0.10049 -0.044741 0.180714 -0.14337 0.230678 -0.670675
0.109933 -0.00383894 -0.0772431 0.104449 0.129908 2.20756
0.103366 0.0376222 0.0632366 -0.0365597 0.0730444 -0.524192
0.0817459 0.0736044 0.00534511 -0.00231478 0.00582481 -0.408682
0.0482208 0.0988673 -0.00704626 -0.014565 0.0161799 -2.02138
0.00767321 0.109732 -0.00721608 0.00550296 0.00907493 2.49008
-0.0339919 0.104616 0.000229475 0.013909 0.0139109 1.5543
-0.0707066 0.0842649 0.00872488 -0.000150857 0.00872619 -0.0172887
-0.0971242 0.0516419 -0.0277903 -0.0267127 0.038547 -2.37596
-0.109397 0.0114981 0.0450901 0.0804354 0.0922115 1.05987
-0.105739 -0.0303201 -0.0823207 -0.0970655 0.127273 -2.27418
-0.0866812 -0.0677228 0.0439177 0.273614 0.277116 1.41164
-0.055 -0.0952628 0.279105 -0.529429 0.598494 -1.08564
# x y Real Imaginary Modulus Phase <-> f = 0 s = 13
0.0771 -0.0784575 0.943825 0.0465724 0.944974 0.0493043
0.100877 -0.0438624 -0.581676 0.239826 0.629177 2.75053
0.109962 -0.00287946 0.371927 -0.232373 0.438551 -0.558443
0.103034 0.0385228 -0.184186 0.0981317 0.208696 2.65206
0.0811005 0.0743149 0.0772914 -0.0327696 0.0839513 -0.401002
0.0473562 0.0992844 -0.00705648 0.0362366 0.0369172 1.76312
0.00671534 0.109795 -0.0170824 0.0201408 0.0264095 2.27422
-0.0349035 0.104316 -0.00434442 0.010081 0.0109773 1.9777
-0.0714393 0.0836447 -0.0121153 -0.00904974 0.0151221 -2.50003
-0.0975712 0.0507923 0.00970967 0.00353455 0.010333 0.349113
-0.109494 0.010543 -0.0318143 0.0317292 0.044932 2.35753
-0.10547 -0.0312417 0.0458815 -0.0186762 0.049537 -0.386572
-0.0860869 -0.0684766 -0.0954021 -0.0552284 0.110235 -2.61683
-0.0541666 -0.0957391 0.0533202 0.215149 0.221658 1.32786
-0.0143579 -0.109059 0.24931 -0.530277 0.585961 -1.13131
# x y Real Imaginary Modulus Phase <-> f = 0 s = 14
0.101256 -0.0429804 0.724436 -0.127664 0.735599 -0.174434
0.109983 -0.00191976 -0.597724 0.456207 0.75193 2.48967
0.102694 0.0394205 0.392391 -0.326613 0.510536 -0.694168
0.0804489 0.0750198 -0.222188 0.0754209 0.234639 2.81435
0.046488 0.0996939 0.103606 -0.0790971 0.130348 -0.652048
0.00575696 0.109849 -0.00694757 0.00296802 0.00755499 2.73786
-0.0358125 0.104007 0.0215562 -0.0432436 0.0483185 -1.10836
-0.0721665 0.0830181 -0.0158238 0.0550369 0.0572665 1.85076
-0.0980107 0.049939 -0.00906645 0.0241138 0.0257619 1.93043
-0.109581 0.00958713 -0.00353611 -0.0333152 0.0335023 -1.67654
-0.105194 -0.0321609 -0.0260737 0.0278257 0.0381327 2.3237
-0.0854861 -0.0692252 0.0396909 -0.0388152 0.0555157 -0.774244
-0.0533291 -0.0962082 -0.0727434 -0.09954 0.123288 -2.20189
-0.0134056 -0.10918 -0.000544576 0.304959 0.304959 1.57258
0.0284701 -0.106252 0.29997 -0.740863 0.799287 -1.18608
# x y Real Imaginary Modulus Phase <-> f = 0 s = 15
0.109996 -0.000959919 0.613318 0.00215198 0.613322 0.00350873
0.102346 0.0403151 -0.497845 0.429967 0.657816 2.42922
0.0797912 0.075719 0.37213 -0.31502 0.487564 -0.702477
0.0456163 0.100096 -0.16386 0.16805 0.234715 2.34357
0.00479813 0.109895 0.0179032 -0.0832736 0.0851764 -1.35903
-0.0367188 0.103691 -0.00363954 0.000438757 0.00366589 3.02162
-0.0728882 0.0823851 -0.0276189 -0.0011105 0.0276412 -3.10141
-0.0984428 0.0490818 0.0267797 -0.00321715 0.0269723 -0.119561
-0.109661 0.0086305 -0.02843 0.0124148 0.0310224 2.72987
-0.104909 -0.0330776 -0.00468641 -0.089473 0.0895957 -1.62313
-0.0848787 -0.0699686 -0.0441644 0.0441866 0.0624736 2.35594
-0.0524875 -0.0966699 0.0511321 0.0184026 0.0543429 0.345469
-0.0124524 -0.109293 -0.0857067 -0.1391 0.163384 -2.12301
0.0293962 -0.105999 0.0140509 0.504618 0.504813 1.54296
0.0669638 -0.0872689 0.0666092 -0.785178 0.787998 -1.48617
