# x y Real Imaginary Modulus Phase <-> f = 0 s = 0
0.0889919 0.0646564 -0.555668 -0.454944 0.718151 -2.45553
0.0339919 0.104616 0.0110455 -0.299882 0.300086 -1.53398
-0.0339919 0.104616 0.0327205 -0.0462115 0.0566227 -0.954681
-0.0889919 0.0646564 -0.00150542 -0.0104928 0.0106002 -1.7133
-0.11 1.34711e-17 0.00763935 0.00333071 0.00833386 0.411145
-0.0889919 -0.0646564 -0.00956191 -0.0284636 0.0300267 -1.89489
-0.0339919 -0.104616 0.00739993 -0.0409276 0.0415911 -1.39192
0.0339919 -0.104616 0.0376337 -0.3162 0.318432 -1.45234
0.0889919 -0.0646564 -0.608322 -0.342983 0.69835 -2.6282
# x y Real Imaginary Modulus Phase <-> f = 0 s = 1
0.0339919 0.104616 -0.492776 -0.544802 0.7346 -2.30609
-0.0339919 0.104616 -0.0261532 -0.209298 0.210926 -1.69511
-0.0889919 0.0646564 0.017088 -0.0446692 0.0478261 -1.20543
-0.11 1.34711e-17 0.00147677 -0.0123124 0.0124006 -1.45143
-0.0889919 -0.0646564 0.0153388 0.0137848 0.0206228 0.732091
-0.0339919 -0.104616 0.00817265 -0.00516491 0.00966791 -0.5636
0.0339919 -0.104616 0.0891804 -0.00798995 0.0895376 -0.0893545
0.0889919 -0.0646564 0.030539 -0.419866 0.420975 -1.49819
0.11 -2.69422e-17 -0.555573 -0.454693 0.717919 -2.45572
# x y Real Imaginary Modulus Phase <-> f = 0 s = 2
-0.0339919 0.104616 -0.413813 -0.499435 0.648596 -2.26271
-0.0889919 0.0646564 -0.0361957 -0.196321 0.19963 -1.75312
-0.11 1.34711e-17 0.0199617 -0.0462904 0.050411 -1.16366
-0.0889919 -0.0646564 0.0127815 -0.00503688 0.0137381 -0.37539
-0.0339919 -0.104616 0.0112008 0.00204971 0.0113868 0.180994
0.0339919 -0.104616 0.0049329 0.00729723 0.00880813 0.976363
0.0889919 -0.0646564 0.0957206 -0.0300448 0.100325 -0.304141
0.11 -2.69422e-17 0.010849 -0.299484 0.299681 -1.53459
0.0889919 0.0646564 -0.492904 -0.544872 0.734738 -2.30616
# x y Real Imaginary Modulus Phase <-> f = 0 s = 3
-0.0889919 0.0646564 -0.439486 -0.544722 0.699907 -2.24967
-0.11 1.34711e-17 -0.000701397 -0.27026 0.270261 -1.57339
-0.0889919 -0.0646564 0.0698678 -0.028121 0.0753146 -0.38265
-0.0339919 -0.104616 0.00793975 0.00232357 0.00827276 0.284701
0.0339919 -0.104616 0.00795288 0.00386791 0.00884359 0.452671
0.0889919 -0.0646564 0.0179503 -0.00163983 0.018025 -0.091101
0.11 -2.69422e-17 0.0325323 -0.0461563 0.0564691 -0.956837
0.0889919 0.0646564 -0.0262577 -0.209649 0.211287 -1.69539
0.0339919 0.104616 -0.413879 -0.499303 0.648536 -2.26292
# x y Real Imaginary Modulus Phase <-> f = 0 s = 4
-0.11 1.34711e-17 -0.546075 -0.468543 0.719535 -2.43246
-0.0889919 -0.0646564 0.0462342 -0.340488 0.343613 -1.43583
-0.0339919 -0.104616 0.0482384 -0.0271357 0.0553469 -0.512415
0.0339919 -0.104616 -0.000921324 -0.00495812 0.00504299 -1.75452
0.0889919 -0.0646564 0.0103157 0.00889299 0.0136198 0.711469
0.11 -2.69422e-17 -0.00135435 -0.0106304 0.0107163 -1.69752
0.0889919 0.0646564 0.0162588 -0.0452797 0.0481103 -1.22606
0.0339919 0.104616 -0.0358243 -0.196101 0.199347 -1.75149
-0.0339919 0.104616 -0.439715 -0.543708 0.699262 -2.25084
# x y Real Imaginary Modulus Phase <-> f = 0 s = 5
-0.0889919 -0.0646564 -0.617962 -0.496304 0.792587 -2.46495
-0.0339919 -0.104616 0.00469962 -0.22379 0.223839 -1.5498
0.0339919 -0.104616 -0.0119932 -0.0404927 0.0422315 -1.85875
0.0889919 -0.0646564 -0.0179658 -0.026443 0.0319688 -2.16757
0.11 -2.69422e-17 0.00869351 0.00401001 0.00957378 0.432182
0.0889919 0.0646564 0.00172506 -0.0129495 0.0130639 -1.43836
0.0339919 0.104616 0.0194508 -0.0468102 0.0506905 -1.17698
-0.0339919 0.104616 -0.000405682 -0.270218 0.270218 -1.5723
-0.0889919 0.0646564 -0.545584 -0.467713 0.718622 -2.43289
# x y Real Imaginary Modulus Phase <-> f = 0 s = 6
-0.0339919 -0.104616 -0.302648 -0.51803 0.599959 -2.09954
0.0339919 -0.104616 -0.0461183 -0.0989646 0.109183 -2.00688
0.0889919 -0.0646564 -0.0279354 -0.0186447 0.0335859 -2.55307
0.11 -2.69422e-17 -0.00926103 -0.0281079 0.0295943 -1.88908
0.0889919 0.0646564 0.0152131 0.0134532 0.0203083 0.724081
0.0339919 0.104616 0.0122613 -0.00473298 0.0131431 -0.368389
-0.0339919 0.104616 0.0694627 -0.0281996 0.0749685 -0.385641
-0.0889919 0.0646564 0.046156 -0.34025 0.343366 -1.43597
-0.11 4.04133e-17 -0.618764 -0.49587 0.792941 -2.46601
# x y Real Imaginary Modulus Phase <-> f = 0 s = 7
0.0339919 -0.104616 -0.210877 -0.401754 0.453734 -2.05416
0.0889919 -0.0646564 -0.0394739 -0.12539 0.131457 -1.87578
0.11 -2.69422e-17 0.00769578 -0.0408703 0.0415885 -1.38468
0.0889919 0.0646564 0.00807745 -0.00535012 0.0096886 -0.58501
0.0339919 0.104616 0.0107928 0.00286013 0.0111654 0.259049
-0.0339919 0.104616 0.00750336 0.0028721 0.00803426 0.36557
-0.0889919 0.0646564 0.0465002 -0.0273337 0.0539389 -0.531415
-0.11 4.04133e-17 0.00444981 -0.223295 0.223339 -1.55087
-0.0889919 -0.0646564 -0.302092 -0.517628 0.599332 -2.09908
# x y Real Imaginary Modulus Phase <-> f = 0 s = 8
0.0889919 -0.0646564 -0.408243 -0.571876 0.702641 -2.19077
0.11 -2.69422e-17 0.0381312 -0.315788 0.318082 -1.45063
0.0889919 0.0646564 0.089064 -0.00899144 0.0895167 -0.100614
0.0339919 0.104616 0.00439915 0.00743509 0.00863904 1.03652
-0.0339919 0.104616 0.007793 0.00431223 0.00890652 0.505409
-0.0889919 0.0646564 -0.00137234 -0.00462434 0.00482367 -1.85928
-0.11 4.04133e-17 -0.013141 -0.0408546 0.042916 -1.882
-0.0889919 -0.0646564 -0.0469352 -0.098677 0.109271 -2.01477
-0.0339919 -0.104616 -0.211491 -0.402377 0.454572 -2.05472
# x y Real Imaginary Modulus Phase <-> f = 0 s = 9
0.11 -2.69422e-17 -0.608586 -0.344401 0.699277 -2.62662
0.0889919 0.0646564 0.0308642 -0.419958 0.421091 -1.49743
0.0339919 0.104616 0.0968177 -0.0298572 0.101317 -0.299132
-0.0339919 0.104616 0.0177243 -0.00148074 0.017786 -0.0833494
-0.0889919 0.0646564 0.0113683 0.00929686 0.0146857 0.685495
-0.11 4.04133e-17 -0.0176297 -0.0260396 0.0314463 -2.16594
-0.0889919 -0.0646564 -0.0278777 -0.0187155 0.0335773 -2.55036
-0.0339919 -0.104616 -0.0396759 -0.125399 0.131526 -1.87723
0.0339919 -0.104616 -0.407713 -0.571963 0.702404 -2.19008
