# x y Real Imaginary Modulus Phase <-> f = 0 s = 0
0.10199 0.0412067 0.734373 -0.0343996 0.735178 -0.046808
0.0791274 0.0764124 -0.569634 0.330417 0.658528 2.61597
0.044741 0.10049 0.295822 -0.225315 0.371857 -0.65092
0.00383894 0.109933 -0.0961424 0.105853 0.142997 2.30816
-0.0376222 0.103366 0.0137623 -0.0485552 0.0504679 -1.2946
-0.0736044 0.0817459 0.00281082 0.0114979 0.0118365 1.33103
-0.0988673 0.0482208 -0.0290538 0.00321278 0.0292309 3.03146
-0.109732 0.00767321 0.00265307 0.00225867 0.0034843 0.705273
-0.104616 -0.0339919 -0.0235019 0.0198893 0.0307884 2.43926
-0.0842649 -0.0707066 0.0110381 -0.0302998 0.0322478 -1.22144
-0.0516419 -0.0971242 -0.0282987 0.0157988 0.0324102 2.63241
-0.0114981 -0.109397 0.0582618 0.0707051 0.0916169 0.881585
0.0303201 -0.105739 -0.0439621 -0.279881 0.283313 -1.7266
0.0677228 -0.0866812 0.127576 0.641716 0.654274 1.37455
0.0952628 -0.055 -0.0163236 -0.641518 0.641726 -1.59624
# x y Real Imaginary Modulus Phase <-> f = 0 s = 1
0.0784575 0.0771 0.821818 -0.0771354 0.82543 -0.0935852
0.0438624 0.100877 -0.573914 0.27005 0.634275 2.70179
0.00287946 0.109962 0.235677 -0.176876 0.294667 -0.643821
-0.0385228 0.103034 -0.0539307 0.105366 0.118366 2.04387
-0.0743149 0.0811005 0.000820975 -0.037278 0.0372871 -1.54878
-0.0992844 0.0473562 0.00130069 0.0108775 0.0109549 1.45178
-0.109795 0.00671534 -0.0254379 -0.000873292 0.0254529 -3.10728
-0.104316 -0.0349035 0.00376328 0.0127435 0.0132876 1.28365
-0.0836447 -0.0714393 -0.0244453 0.0202286 0.0317297 2.4503
-0.0507923 -0.0975712 0.0128348 -0.00301582 0.0131844 -0.230785
-0.010543 -0.109494 -0.0249328 -0.0324051 0.0408869 -2.22661
0.0312417 -0.10547 0.00983684 0.138589 0.138938 1.49994
0.0684766 -0.0860869 -0.058264 -0.390504 0.394826 -1.71891
0.0957391 -0.0541666 0.188855 0.629056 0.656794 1.27914
0.109059 -0.0143579 0.032992 -0.685996 0.686789 -1.52274
# x y Real Imaginary Modulus Phase <-> f = 0 s = 2
0.0429804 0.101256 0.876362 -0.0860882 0.88058 -0.0979194
0.00191976 0.109983 -0.526254 0.183716 0.5574 2.80572
-0.0394205 0.102694 0.191926 -0.175497 0.260067 -0.740712
-0.0750198 0.0804489 -0.0416295 0.0984413 0.106882 1.97088
-0.0996939 0.046488 -0.00194494 -0.0442234 0.0442662 -1.61475
-0.109849 0.00575696 0.00650631 0.0140802 0.0155107 1.13793
-0.104007 -0.0358125 -0.0177954 -0.0057141 0.0186903 -2.83089
-0.0830181 -0.0721665 0.0170388 0.0113595 0.0204782 0.588017
-0.049939 -0.0980107 -0.00882289 0.00480991 0.0100488 2.64247
-0.00958713 -0.109581 0.00827961 0.0127402 0.0151942 0.994504
0.0321609 -0.105194 0.00600432 -0.0514256 0.051775 -1.45457
0.0692252 -0.0854861 0.0103948 0.178152 0.178455 1.51251
0.0962082 -0.0533291 -0.0866411 -0.357188 0.367546 -1.80876
0.10918 -0.0134056 0.10714 0.571056 0.58102 1.38534
0.106252 0.0284701 0.101751 -0.77826 0.784883 -1.44079
# x y Real Imaginary Modulus Phase <-> f = 0 s = 3
0.000959919 0.109996 0.903575 0.00771829 0.903608 0.00854173
-0.0403151 0.102346 -0.482243 0.200566 0.522289 2.74745
-0.075719 0.0797912 0.175804 -0.164475 0.240747 -0.752118
-0.100096 0.0456163 -0.0461515 0.100862 0.110919 1.99993
-0.109895 0.00479813 0.00227606 -0.0464046 0.0464604 -1.52179
-0.103691 -0.0367188 0.00513198 0.0202408 0.0208812 1.32248
-0.0823851 -0.0728882 -0.00807636 -0.0100521 0.0128946 -2.24764
-0.0490818 -0.0984428 0.0126959 0.00232148 0.0129064 0.180855
-0.0086305 -0.109661 -0.00699394 0.000383806 0.00700446 3.08677
0.0330776 -0.104909 -0.00165483 0.0103605 0.0104918 1.72918
0.0699686 -0.0848787 0.00498173 -0.0681353 0.0683171 -1.49781
0.0966699 -0.0524875 0.0420186 0.156493 0.162036 1.30848
0.109293 -0.0124524 -0.0815223 -0.28776 0.299085 -1.84686
0.105999 0.0293962 0.0470913 0.52594 0.528044 1.4815
0.0872689 0.0669638 0.147409 -0.791971 0.805573 -1.38677
# x y Real Imaginary Modulus Phase <-> f = 0 s = 4
-0.0412067 0.10199 0.88196 -0.0130921 0.882058 -0.0148432
-0.0764124 0.0791274 -0.479325 0.177198 0.51103 2.78749
-0.10049 0.044741 0.202362 -0.169274 0.263825 -0.696598
-0.109933 0.00383894 -0.0624793 0.102753 0.120257 2.11712
-0.103366 -0.0376222 0.0228482 -0.0507221 0.0556307 -1.14756
-0.0817459 -0.0736044 -0.00881076 0.0173065 0.0194202 2.0417
-0.0482208 -0.0988673 3.45743e-05 -0.00456433 0.00456447 -1.56322
-0.00767321 -0.109732 0.00914812 0.00141842 0.00925743 0.153825
0.0339919 -0.104616 -0.0063527 -0.00223648 0.00673488 -2.80309
0.0707066 -0.0842649 0.00677749 0.0183624 0.0195733 1.21721
0.0971242 -0.0516419 -0.0245042 -0.0419416 0.0485752 -2.09955
0.109397 -0.0114981 0.0484335 0.0920298 0.103997 1.08635
0.105739 0.0303201 -0.0672123 -0.213838 0.224153 -1.87533
0.0866812 0.0677228 0.0112425 0.441514 0.441657 1.54534
0.055 0.0952628 0.227164 -0.741167 0.775198 -1.27339
# x y Real Imaginary Modulus Phase <-> f = 0 s = 5
-0.0771 0.0784575 0.9042 -0.0215288 0.904457 -0.0238052
-0.100877 0.0438624 -0.557596 0.224663 0.601154 2.75858
-0.109962 0.00287946 0.266359 -0.21018 0.339297 -0.668051
-0.103034 -0.0385228 -0.128027 0.118007 0.174117 2.3969
-0.0811005 -0.0743149 0.054154 -0.0383891 0.0663806 -0.616666
-0.0473562 -0.0992844 -0.0135451 0.00819257 0.0158299 2.59762
-0.00671534 -0.109795 -0.000806313 -0.0029115 0.00302109 -1.84097
0.0349035 -0.104316 0.0117437 0.00219318 0.0119468 0.184627
0.0714393 -0.0836447 -0.0134912 -0.00284267 0.0137874 -2.93392
0.0975712 -0.0507923 0.0201948 0.00414556 0.0206159 0.202466
0.109494 -0.010543 -0.0291949 -0.0200662 0.0354259 -2.53943
0.10547 0.0312417 0.0598784 0.0662445 0.0892959 0.835831
0.0860869 0.0684766 -0.0848633 -0.175757 0.195173 -2.02062
0.0541666 0.0957391 0.0407005 0.405575 0.407612 1.47078
0.0143579 0.109059 0.196916 -0.728913 0.755043 -1.30694
# x y Real Imaginary Modulus Phase <-> f = 0 s = 6
-0.101256 0.0429804 0.849281 -0.0497379 0.850737 -0.0584978
-0.109983 0.00191976 -0.548272 0.310511 0.630095 2.62629
-0.102694 -0.0394205 0.326632 -0.236784 0.403429 -0.62726
-0.0804489 -0.0750198 -0.153881 0.104433 0.185972 2.54533
-0.046488 -0.0996939 0.0505061 -0.0358344 0.0619271 -0.617079
-0.00575696 -0.109849 -0.000313555 0.0211199 0.0211223 1.58564
0.0358125 -0.104007 -0.012902 -0.00129335 0.0129667 -3.04168
0.0721665 -0.0830181 0.0127499 0.0181511 0.0221816 0.958441
0.0980107 -0.049939 -0.0237557 0.0077385 0.0249844 2.82668
0.109581 -0.00958713 0.000735438 -0.00253294 0.00263755 -1.28822
0.105194 0.0321609 -0.0314536 -0.015814 0.0352053 -2.67573
0.0854861 0.0692252 0.0595914 0.0493521 0.0773742 0.691686
0.0533291 0.0962082 -0.0817578 -0.156321 0.17641 -2.05268
0.0134056 0.10918 0.0282573 0.39342 0.394433 1.49909
-0.0284701 0.106252 0.238675 -0.754174 0.79104 -1.2643
# x y Real Imaginary Modulus Phase <-> f = 0 s = 7
-0.109996 0.000959919 0.771311 -0.0817464 0.775631 -0.105589
-0.102346 -0.0403151 -0.615684 0.35717 0.711784 2.61592
-0.0797912 -0.075719 0.357766 -0.202626 0.411162 -0.515321
-0.0456163 -0.100096 -0.121601 0.0906035 0.151644 2.50124
-0.00479813 -0.109895 0.00613041 -0.0485583 0.0489437 -1.44521
0.0367188 -0.103691 0.00721822 0.0079132 0.0107108 0.831296
0.0728882 -0.0823851 -0.0232477 0.00360262 0.0235252 2.98785
0.0984428 -0.0490818 0.00390381 0.0106072 0.0113028 1.21815
0.109661 -0.0086305 -0.0220453 0.0113125 0.0247784 2.66748
0.104909 0.0330776 0.00301301 -0.000984712 0.00316984 -0.315877
0.0848787 0.0699686 -0.0285866 -0.00882154 0.0299168 -2.84227
0.0524875 0.0966699 0.0744577 0.0476114 0.0883787 0.568917
0.0124524 0.109293 -0.0801488 -0.176307 0.19367 -1.99747
-0.0293962 0.105999 -0.00297267 0.462701 0.462711 1.57722
-0.0669638 0.0872689 0.156616 -0.759064 0.775052 -1.36732
# x y Real Imaginary Modulus Phase <-> f = 0 s = 8
-0.10199 -0.0412067 0.725906 -0.144545 0.740157 -0.196552
-0.0791274 -0.0764124 -0.613901 0.335891 0.699784 2.64095
-0.044741 -0.10049 0.249801 -0.179665 0.307702 -0.623518
-0.00383894 -0.109933 -0.0215823 0.0909845 0.0935093 1.8037
0.0376222 -0.103366 -0.0316824 -0.0234982 0.0394454 -2.50344
0.0736044 -0.0817459 0.0291385 -0.0024516 0.0292414 -0.0839384
0.0988673 -0.0482208 -0.0389044 0.00711229 0.0395492 2.96077
0.109732 -0.00767321 0.0107194 0.00321067 0.01119 0.291015
0.104616 0.0339919 -0.012311 0.0159076 0.020115 2.22942
0.0842649 0.0707066 0.00490334 -0.0074302 0.00890228 -0.987479
0.0516419 0.0971242 -0.0356886 -0.00352424 0.0358622 -3.04316
0.0114981 0.109397 0.062433 0.0629308 0.0886464 0.789369
-0.0303201 0.105739 -0.0617709 -0.237878 0.245767 -1.82486
-0.0677228 0.0866812 0.0758721 0.524803 0.530259 1.42722
-0.0952628 0.055 0.0674892 -0.750206 0.753236 -1.48108
# x y Real Imaginary Modulus Phase <-> f = 0 s = 9
-0.0784575 -0.0771 0.861828 -0.0594627 0.863877 -0.0688869
-0.0438624 -0.100877 -0.507929 0.149928 0.529595 2.85457
-0.00287946 -0.109962 0.109499 -0.129365 0.169486 -0.868374
0.0385228 -0.103034 0.00974162 0.0558536 0.0566967 1.39812
0.0743149 -0.0811005 -0.0402083 -0.023511 0.0465776 -2.61248
0.0992844 -0.0473562 0.0324525 -0.00938867 0.0337833 -0.281616
0.109795 -0.00671534 -0.0357682 0.00416781 0.0360102 3.02559
0.104316 0.0349035 0.00779927 0.0221293 0.0234634 1.23195
0.0836447 0.0714393 -0.0185645 0.00576253 0.0194383 2.84062
0.0507923 0.0975712 0.0239399 0.002215 0.0240421 0.0922606
0.010543 0.109494 -0.0190277 -0.0262788 0.0324443 -2.1975
-0.0312417 0.10547 0.0440247 0.113479 0.121719 1.20072
-0.0684766 0.0860869 -0.0706479 -0.308303 0.316294 -1.79606
-0.0957391 0.0541666 0.0854878 0.600393 0.606448 1.42936
-0.109059 0.0143579 0.00587923 -0.791956 0.791977 -1.56337
# x y Real Imaginary Modulus Phase <-> f = 0 s = 10
-0.0429804 -0.101256 0.900551 0.125692 0.909281 0.138677
-0.00191976 -0.109983 -0.349965 0.115422 0.368508 2.82302
0.0394205 -0.102694 0.0717302 -0.117561 0.137717 -1.02295
0.0750198 -0.0804489 0.0142361 0.0483132 0.050367 1.28424
0.0996939 -0.046488 -0.029404 -0.00744318 0.0303315 -2.89367
0.109849 -0.00575696 0.0159962 0.00113557 0.0160365 0.0708709
0.104007 0.0358125 -0.0212408 0.00230035 0.021365 3.03371
0.0830181 0.0721665 0.0200984 0.0203089 0.0285726 0.790608
0.049939 0.0980107 -0.00097163 0.00446228 0.00456684 1.78519
0.00958713 0.109581 0.0144112 0.00496701 0.0152431 0.331913
-0.0321609 0.105194 -0.0119186 -0.0362212 0.0381318 -1.88869
-0.0692252 0.0854861 0.0254512 0.145539 0.147748 1.39767
-0.0962082 0.0533291 -0.0257423 -0.313083 0.31414 -1.65283
-0.10918 0.0134056 0.0425371 0.597987 0.599498 1.49978
-0.106252 -0.0284701 0.12391 -0.783555 0.793292 -1.41396
# x y Real Imaginary Modulus Phase <-> f = 0 s = 11
-0.000959919 -0.109996 0.761459 0.20193 0.787779 0.259221
0.0403151 -0.102346 -0.314178 0.09805 0.329122 2.83909
0.075719 -0.0797912 0.0933405 -0.120404 0.152347 -0.911344
0.100096 -0.0456163 -0.0101523 0.084769 0.0853748 1.68999
0.109895 -0.00479813 -0.00495147 -0.0353753 0.0357202 -1.70986
0.103691 0.0367188 0.005712 0.0189253 0.0197685 1.27767
0.0823851 0.0728882 -0.00769036 -0.00310303 0.0082928 -2.75808
0.0490818 0.0984428 0.00868678 0.000967441 0.00874049 0.110912
0.0086305 0.109661 -0.00646926 8.3041e-05 0.00646979 3.12876
-0.0330776 0.104909 0.00493442 0.0105997 0.011692 1.13511
-0.0699686 0.0848787 -0.0115309 -0.0357894 0.0376011 -1.88248
-0.0966699 0.0524875 0.0206859 0.101182 0.103275 1.36913
-0.109293 0.0124524 -0.0602011 -0.229406 0.237173 -1.82743
-0.105999 -0.0293962 0.00245205 0.425223 0.42523 1.56503
-0.0872689 -0.0669638 0.292081 -0.675285 0.735745 -1.16256
# x y Real Imaginary Modulus Phase <-> f = 0 s = 12
0.0412067 -0.10199 0.824185 0.202023 0.848584 0.240379
0.0764124 -0.0791274 -0.422497 0.108286 0.436153 2.89069
0.10049 -0.044741 0.176676 -0.155467 0.235339 -0.721631
0.109933 -0.00383894 -0.0733579 0.105637 0.12861 2.17777
0.103366 0.0376222 0.0352486 -0.053992 0.0644794 -0.992421
0.0817459 0.0736044 -0.0166361 0.0152774 0.0225867 2.39874
0.0482208 0.0988673 0.00142536 -0.00257354 0.0029419 -1.065
0.00767321 0.109732 0.00157739 0.000490388 0.00165186 0.301414
-0.0339919 0.104616 -0.00188948 -0.00534529 0.00566942 -1.91057
-0.0707066 0.0842649 0.0115395 0.00782209 0.0139407 0.595709
-0.0971242 0.0516419 -0.0290391 -0.0174431 0.0338753 -2.60068
-0.109397 0.0114981 0.0612317 0.0397802 0.073019 0.576141
-0.105739 -0.0303201 -0.0892242 -0.109242 0.141049 -2.25567
-0.0866812 -0.0677228 0.0228364 0.2788 0.279733 1.48907
-0.055 -0.0952628 0.269598 -0.512328 0.578933 -1.08639
# x y Real Imaginary Modulus Phase <-> f = 0 s = 13
0.0771 -0.0784575 0.950992 0.0389564 0.951789 0.0409411
0.100877 -0.0438624 -0.576696 0.247305 0.627486 2.73648
0.109962 -0.00287946 0.337318 -0.222497 0.40409 -0.583098
0.103034 0.0385228 -0.18738 0.106152 0.215359 2.62617
0.0811005 0.0743149 0.082184 -0.0324157 0.0883458 -0.375694
0.0473562 0.0992844 -0.0249146 -0.00557675 0.0255311 -2.92139
0.00671534 0.109795 -0.00129332 0.000577303 0.00141632 2.72176
-0.0349035 0.104316 0.00607168 0.00287369 0.00671739 0.442055
-0.0714393 0.0836447 -0.00683196 0.0106192 0.0126271 2.14249
-0.0975712 0.0507923 0.0023298 -0.00170897 0.00288939 -0.632872
-0.109494 0.010543 -0.0322226 0.00279716 0.0323438 3.055
-0.10547 -0.0312417 0.0501896 -0.000132395 0.0501898 -0.00263789
-0.0860869 -0.0684766 -0.0720583 -0.0660745 0.0977663 -2.39949
-0.0541666 -0.0957391 0.0206528 0.239427 0.240316 1.48475
-0.0143579 -0.109059 0.303263 -0.527976 0.608874 -1.04942
# x y Real Imaginary Modulus Phase <-> f = 0 s = 14
0.101256 -0.0429804 0.750346 -0.0863766 0.755301 -0.114611
0.109983 -0.00191976 -0.577891 0.446402 0.730228 2.48387
0.102694 0.0394205 0.398634 -0.306395 0.50278 -0.655307
0.0804489 0.0750198 -0.21057 0.129711 0.247315 2.58949
0.046488 0.0996939 0.0865138 -0.0433468 0.0967656 -0.464479
0.00575696 0.109849 -0.0235828 0.00810759 0.0249376 2.81046
-0.0358125 0.104007 -0.00316249 -0.0122891 0.0126895 -1.82267
-0.0721665 0.0830181 0.011006 0.0142824 0.018031 0.914242
-0.0980107 0.049939 -0.0112949 0.0197115 0.0227182 2.09113
-0.109581 0.00958713 -0.000367452 -0.0195318 0.0195352 -1.58961
-0.105194 -0.0321609 -0.0107236 0.0302811 0.0321239 1.91115
-0.0854861 -0.0692252 0.035464 -0.0101641 0.0368918 -0.27912
-0.0533291 -0.0962082 -0.0624112 -0.0848745 0.105351 -2.20485
-0.0134056 -0.10918 0.00361684 0.313413 0.313434 1.55926
0.0284701 -0.106252 0.31204 -0.728222 0.79226 -1.16597
# x y Real Imaginary Modulus Phase <-> f = 0 s = 15
0.109996 -0.000959919 0.659729 0.0123989 0.659845 0.0187917
0.102346 0.0403151 -0.5245 0.441998 0.685902 2.44135
0.0797912 0.075719 0.351081 -0.293491 0.457597 -0.69629
0.0456163 0.100096 -0.15644 0.139258 0.209443 2.41424
0.00479813 0.109895 0.0392095 -0.0641094 0.0751492 -1.02189
-0.0367188 0.103691 0.00860281 0.0300505 0.0312577 1.29198
-0.0728882 0.0823851 -0.0215731 -0.00940007 0.0235321 -2.73067
-0.0984428 0.0490818 0.00838019 0.00830077 0.0117954 0.780637
-0.109661 0.0086305 -0.0132671 0.0243298 0.027712 2.07003
-0.104909 -0.0330776 -0.00550896 -0.0327225 0.033183 -1.73759
-0.0848787 -0.0699686 -0.0106558 0.019871 0.0225478 2.06302
-0.0524875 -0.0966699 0.0534459 0.00818981 0.0540697 0.152053
-0.0124524 -0.109293 -0.078315 -0.147303 0.166827 -2.05945
0.0293962 -0.105999 0.00275781 0.470797 0.470805 1.56494
0.0669638 -0.0872689 0.0772105 -0.782183 0.785985 -1.4724
