# x y Real Imaginary Modulus Phase <-> f = 0 s = 0
0.10199 0.0412067 0.732217 -0.0362585 0.733114 -0.0494784
0.0791274 0.0764124 -0.568558 0.330928 0.657854 2.61448
0.044741 0.10049 0.296701 -0.226827 0.373472 -0.652714
0.00383894 0.109933 -0.0953533 0.107376 0.143603 2.29696
-0.0376222 0.103366 0.014494 -0.0478057 0.0499546 -1.27642
-0.0736044 0.0817459 0.00355243 0.014873 0.0152914 1.33634
-0.0988673 0.0482208 -0.0231393 -1.59993e-05 0.0231394 -3.1409
-0.109732 0.00767321 0.00325238 0.00543328 0.00633234 1.03141
-0.104616 -0.0339919 -0.0189622 0.0220634 0.0290922 2.28075
-0.0842649 -0.0707066 0.00779824 -0.0282845 0.0293398 -1.30177
-0.0516419 -0.0971242 -0.026932 0.00982846 0.0286694 2.79167
-0.0114981 -0.109397 0.0568207 0.0669957 0.0878465 0.867392
0.0303201 -0.105739 -0.049396 -0.282619 0.286903 -1.74383
0.0677228 -0.0866812 0.128983 0.641323 0.654165 1.37232
0.0952628 -0.055 -0.016979 -0.638124 0.63835 -1.5974
# x y Real Imaginary Modulus Phase <-> f = 0 s = 1
0.0784575 0.0771 0.81853 -0.0827748 0.822705 -0.100783
0.0438624 0.100877 -0.577128 0.269661 0.637019 2.70449
0.00287946 0.109962 0.236486 -0.173503 0.293307 -0.63297
-0.0385228 0.103034 -0.0576033 0.103384 0.118349 2.07913
-0.0743149 0.0811005 0.00196737 -0.0431934 0.0432382 -1.52528
-0.0992844 0.0473562 0.00225421 0.00994796 0.0102002 1.34796
-0.109795 0.00671534 -0.0225476 0.00177078 0.0226171 3.06322
-0.104316 -0.0349035 0.00727409 0.00980727 0.0122104 0.932626
-0.0836447 -0.0714393 -0.0172008 0.0168857 0.0241038 2.36544
-0.0507923 -0.0975712 0.0139851 -0.00609906 0.0152572 -0.411245
-0.010543 -0.109494 -0.0240241 -0.0339786 0.0416137 -2.18623
0.0312417 -0.10547 0.0130618 0.140649 0.141254 1.47819
0.0684766 -0.0860869 -0.0559309 -0.391451 0.395427 -1.71272
0.0957391 -0.0541666 0.189734 0.632115 0.659976 1.27919
0.109059 -0.0143579 0.0356851 -0.686848 0.687774 -1.51889
# x y Real Imaginary Modulus Phase <-> f = 0 s = 2
0.0429804 0.101256 0.874994 -0.0808042 0.878717 -0.0920871
0.00191976 0.109983 -0.526936 0.185441 0.558614 2.8032
-0.0394205 0.102694 0.188255 -0.17672 0.258205 -0.753804
-0.0750198 0.0804489 -0.0409537 0.0991471 0.107272 1.96251
-0.0996939 0.046488 0.00225135 -0.0453982 0.045454 -1.52125
-0.109849 0.00575696 0.00778468 0.0105545 0.0131148 0.935299
-0.104007 -0.0358125 -0.0147342 -0.00428739 0.0153453 -2.85843
-0.0830181 -0.0721665 0.0126964 0.0109712 0.0167799 0.712633
-0.049939 -0.0980107 -0.00829642 0.00615088 0.0103278 2.50363
-0.00958713 -0.109581 0.00615801 0.00942318 0.0112569 0.991968
0.0321609 -0.105194 0.00628346 -0.0530602 0.053431 -1.45292
0.0692252 -0.0854861 0.00810179 0.178198 0.178382 1.52536
0.0962082 -0.0533291 -0.0881202 -0.360531 0.371144 -1.81051
0.10918 -0.0134056 0.10349 0.568048 0.577398 1.39059
0.106252 0.0284701 0.100579 -0.774496 0.780999 -1.44166
# x y Real Imaginary Modulus Phase <-> f = 0 s = 3
0.000959919 0.109996 0.904587 0.00679359 0.904613 0.00751001
-0.0403151 0.102346 -0.482716 0.198339 0.521875 2.75174
-0.075719 0.0797912 0.174363 -0.166844 0.241328 -0.763366
-0.100096 0.0456163 -0.046521 0.0997747 0.110087 2.00709
-0.109895 0.00479813 0.000847705 -0.0455444 0.0455523 -1.55219
-0.103691 -0.0367188 0.00599673 0.0196202 0.0205161 1.27417
-0.0823851 -0.0728882 -0.00694007 -0.00865159 0.0110912 -2.24686
-0.0490818 -0.0984428 0.0112362 0.00374137 0.0118427 0.321428
-0.0086305 -0.109661 -0.00618494 -0.000307815 0.0061926 -3.09187
0.0330776 -0.104909 -0.00315321 0.0108535 0.0113023 1.85354
0.0699686 -0.0848787 0.00612094 -0.0682396 0.0685135 -1.48134
0.0966699 -0.0524875 0.0414679 0.154926 0.16038 1.30926
0.109293 -0.0124524 -0.0804453 -0.287579 0.298618 -1.84356
0.105999 0.0293962 0.0465096 0.527561 0.529608 1.48286
0.0872689 0.0669638 0.147193 -0.792205 0.805763 -1.38709
# x y Real Imaginary Modulus Phase <-> f = 0 s = 4
-0.0412067 0.10199 0.88202 -0.0134311 0.882123 -0.0152265
-0.0764124 0.0791274 -0.479708 0.17581 0.51091 2.7903
-0.10049 0.044741 0.20105 -0.169876 0.263209 -0.701551
-0.109933 0.00383894 -0.0640338 0.103621 0.12181 2.12432
-0.103366 -0.0376222 0.0228879 -0.0492036 0.0542665 -1.1354
-0.0817459 -0.0736044 -0.00693134 0.0158316 0.0172824 1.98347
-0.0482208 -0.0988673 -0.000940213 -0.00368931 0.00380723 -1.82033
-0.00767321 -0.109732 0.00959267 -0.000216142 0.0095951 -0.0225282
0.0339919 -0.104616 -0.00557977 -0.00167093 0.00582459 -2.85063
0.0707066 -0.0842649 0.00762736 0.0191766 0.0206378 1.19224
0.0971242 -0.0516419 -0.0271166 -0.0420272 0.050016 -2.1438
0.109397 -0.0114981 0.0499342 0.0934438 0.105949 1.08003
0.105739 0.0303201 -0.0672802 -0.213133 0.2235 -1.87657
0.0866812 0.0677228 0.010962 0.442297 0.442432 1.54602
0.055 0.0952628 0.228472 -0.741659 0.776052 -1.27197
# x y Real Imaginary Modulus Phase <-> f = 0 s = 5
-0.0771 0.0784575 0.906586 -0.0233777 0.906888 -0.0257808
-0.100877 0.0438624 -0.557872 0.22236 0.600554 2.76231
-0.109962 0.00287946 0.265201 -0.210176 0.338387 -0.670161
-0.103034 -0.0385228 -0.1288 0.117872 0.174594 2.40046
-0.0811005 -0.0743149 0.0571843 -0.0388811 0.0691504 -0.597126
-0.0473562 -0.0992844 -0.012818 0.009544 0.0159809 2.50157
-0.00671534 -0.109795 -0.0010392 -0.00342811 0.00358216 -1.86513
0.0349035 -0.104316 0.0114497 0.00445127 0.0122846 0.370785
0.0714393 -0.0836447 -0.0142842 -0.00296499 0.0145886 -2.93693
0.0975712 -0.0507923 0.0196375 0.00525535 0.0203286 0.26149
0.109494 -0.010543 -0.0299946 -0.0198936 0.0359921 -2.55597
0.10547 0.0312417 0.0597754 0.0631505 0.0869545 0.812848
0.0860869 0.0684766 -0.0846235 -0.176037 0.195321 -2.0189
0.0541666 0.0957391 0.0386676 0.406366 0.408202 1.47593
0.0143579 0.109059 0.196862 -0.727549 0.753713 -1.30654
# x y Real Imaginary Modulus Phase <-> f = 0 s = 6
-0.101256 0.0429804 0.846039 -0.0466948 0.847327 -0.0551363
-0.109983 0.00191976 -0.555852 0.309086 0.636007 2.63411
-0.102694 -0.0394205 0.32427 -0.239023 0.402844 -0.635202
-0.0804489 -0.0750198 -0.153612 0.103189 0.185053 2.55008
-0.046488 -0.0996939 0.0456599 -0.0393986 0.0603082 -0.71192
-0.00575696 -0.109849 -0.000315603 0.0193061 0.0193087 1.58714
0.0358125 -0.104007 -0.010227 0.00284873 0.0106164 2.86993
0.0721665 -0.0830181 0.0156946 0.0119436 0.0197223 0.650504
0.0980107 -0.049939 -0.0222124 0.00891371 0.0239342 2.75997
0.109581 -0.00958713 0.00993051 -0.00459922 0.0109438 -0.433727
0.105194 0.0321609 -0.0316618 -0.0122579 0.0339518 -2.77221
0.0854861 0.0692252 0.0609729 0.0508928 0.0794214 0.695532
0.0533291 0.0962082 -0.0848657 -0.158741 0.180002 -2.06175
0.0134056 0.10918 0.031307 0.394093 0.395335 1.49152
-0.0284701 0.106252 0.23438 -0.74972 0.785502 -1.2678
# x y Real Imaginary Modulus Phase <-> f = 0 s = 7
-0.109996 0.000959919 0.766028 -0.0790042 0.770092 -0.102772
-0.102346 -0.0403151 -0.614027 0.355581 0.709554 2.61668
-0.0797912 -0.075719 0.352878 -0.205988 0.4086 -0.528377
-0.0456163 -0.100096 -0.117599 0.087866 0.146799 2.49991
-0.00479813 -0.109895 0.00469818 -0.0438332 0.0440843 -1.46402
0.0367188 -0.103691 0.00907412 0.00978299 0.0133434 0.822972
0.0728882 -0.0823851 -0.027087 0.00236302 0.0271899 3.05457
0.0984428 -0.0490818 0.010606 0.00798405 0.0132753 0.64528
0.109661 -0.0086305 -0.0255927 0.0112659 0.0279626 2.72692
0.104909 0.0330776 0.00372179 -0.00680586 0.00775702 -1.07037
0.0848787 0.0699686 -0.0303135 -0.0130851 0.0330171 -2.73409
0.0524875 0.0966699 0.0604411 0.0524091 0.079999 0.714343
0.0124524 0.109293 -0.0803806 -0.175606 0.193129 -2.00006
-0.0293962 0.105999 0.011087 0.465225 0.465357 1.54697
-0.0669638 0.0872689 0.152357 -0.77031 0.785232 -1.37553
# x y Real Imaginary Modulus Phase <-> f = 0 s = 8
-0.10199 -0.0412067 0.727056 -0.146462 0.741661 -0.198785
-0.0791274 -0.0764124 -0.622929 0.327897 0.703958 2.65707
-0.044741 -0.10049 0.259628 -0.173601 0.31232 -0.589376
-0.00383894 -0.109933 -0.0253828 0.0934974 0.0968816 1.83589
0.0376222 -0.103366 -0.0260123 -0.0311566 0.0405879 -2.26645
0.0736044 -0.0817459 0.0229026 -0.00666151 0.0238517 -0.283053
0.0988673 -0.0482208 -0.0373474 0.00645654 0.0379014 2.97041
0.109732 -0.00767321 0.00808037 0.00535211 0.00969213 0.585015
0.104616 0.0339919 -0.0222418 0.0134312 0.0259826 2.59833
0.0842649 0.0707066 0.0126439 -0.00854483 0.0152605 -0.594304
0.0516419 0.0971242 -0.0332232 -0.00970293 0.0346111 -2.85744
0.0114981 0.109397 0.0616364 0.0636208 0.0885813 0.80124
-0.0303201 0.105739 -0.0730404 -0.235604 0.246666 -1.87141
-0.0677228 0.0866812 0.0802363 0.527634 0.5337 1.41988
-0.0952628 0.055 0.0686276 -0.748575 0.751714 -1.47937
# x y Real Imaginary Modulus Phase <-> f = 0 s = 9
-0.0784575 -0.0771 0.862074 -0.0590954 0.864097 -0.0684432
-0.0438624 -0.100877 -0.507618 0.148865 0.528996 2.85633
-0.00287946 -0.109962 0.113249 -0.13529 0.176433 -0.873848
0.0385228 -0.103034 0.0162894 0.0594997 0.0616892 1.30357
0.0743149 -0.0811005 -0.031627 -0.0123559 0.0339549 -2.76915
0.0992844 -0.0473562 0.0298808 -0.016735 0.034248 -0.510534
0.109795 -0.00671534 -0.0335714 0.00348525 0.0337519 3.03815
0.104316 0.0349035 0.0124348 0.014923 0.0194247 0.876099
0.0836447 0.0714393 -0.0155138 0.00930059 0.0180881 2.60154
0.0507923 0.0975712 0.0183693 -0.00301266 0.0186148 -0.162558
0.010543 0.109494 -0.0290208 -0.0238259 0.0375483 -2.45418
-0.0312417 0.10547 0.042174 0.11332 0.120914 1.21451
-0.0684766 0.0860869 -0.076756 -0.299706 0.309379 -1.82151
-0.0957391 0.0541666 0.0775987 0.595943 0.600974 1.44131
-0.109059 0.0143579 0.00555784 -0.79333 0.793349 -1.56379
# x y Real Imaginary Modulus Phase <-> f = 0 s = 10
-0.0429804 -0.101256 0.895975 0.127107 0.904946 0.140924
-0.00191976 -0.109983 -0.35018 0.114816 0.368522 2.82476
0.0394205 -0.102694 0.0738462 -0.114396 0.13616 -0.997567
0.0750198 -0.0804489 0.0118801 0.0542421 0.0555279 1.35518
0.0996939 -0.046488 -0.0279068 -0.010072 0.0296687 -2.79523
0.109849 -0.00575696 0.0284548 -0.0042257 0.0287669 -0.147428
0.104007 0.0358125 -0.0273523 -9.13922e-05 0.0273524 -3.13825
0.0830181 0.0721665 0.0150906 0.0143868 0.0208496 0.761525
0.049939 0.0980107 -0.0105733 0.000846481 0.0106072 3.0617
0.00958713 0.109581 0.00955279 0.00718291 0.011952 0.644727
-0.0321609 0.105194 -0.00969472 -0.0429522 0.0440327 -1.79279
-0.0692252 0.0854861 0.024845 0.131067 0.133401 1.38346
-0.0962082 0.0533291 -0.0351461 -0.307456 0.309458 -1.68461
-0.10918 0.0134056 0.0440055 0.602335 0.60394 1.49787
-0.106252 -0.0284701 0.120835 -0.780087 0.78939 -1.41712
# x y Real Imaginary Modulus Phase <-> f = 0 s = 11
-0.000959919 -0.109996 0.76683 0.21029 0.795141 0.267653
0.0403151 -0.102346 -0.318334 0.0965981 0.332668 2.84698
0.075719 -0.0797912 0.0990874 -0.119264 0.155056 -0.877541
0.100096 -0.0456163 -0.00736463 0.0733563 0.0737251 1.67086
0.109895 -0.00479813 -0.0123673 -0.0328996 0.0351473 -1.93037
0.103691 0.0367188 0.00988296 0.0153784 0.0182802 0.999603
0.0823851 0.0728882 -0.00862482 -0.00672244 0.0109352 -2.47952
0.0490818 0.0984428 0.0106345 0.00555819 0.0119994 0.481608
0.0086305 0.109661 -0.00428425 -0.00316601 0.00532714 -2.50518
-0.0330776 0.104909 0.00638501 0.00914119 0.0111503 0.961086
-0.0699686 0.0848787 -0.0122515 -0.0382684 0.0401817 -1.88063
-0.0966699 0.0524875 0.0257253 0.0977492 0.101078 1.31345
-0.109293 0.0124524 -0.0496172 -0.232895 0.238122 -1.7807
-0.105999 -0.0293962 -0.000141031 0.423747 0.423747 1.57113
-0.0872689 -0.0669638 0.295669 -0.6805 0.741957 -1.16092
# x y Real Imaginary Modulus Phase <-> f = 0 s = 12
0.0412067 -0.10199 0.821881 0.200234 0.845921 0.238973
0.0764124 -0.0791274 -0.422834 0.102935 0.435183 2.9028
0.10049 -0.044741 0.172164 -0.153912 0.230931 -0.729482
0.109933 -0.00383894 -0.0706741 0.104506 0.12616 2.16542
0.103366 0.0376222 0.035851 -0.0503391 0.0618007 -0.951935
0.0817459 0.0736044 -0.0159111 0.012861 0.020459 2.46181
0.0482208 0.0988673 -0.00117774 -0.00320545 0.00341496 -1.9229
0.00767321 0.109732 0.00517474 0.00150932 0.00539036 0.283797
-0.0339919 0.104616 -0.000436994 -0.000257449 0.000507192 -2.6092
-0.0707066 0.0842649 0.0103856 0.00637954 0.0121885 0.550844
-0.0971242 0.0516419 -0.0293922 -0.014194 0.03264 -2.69171
-0.109397 0.0114981 0.0618958 0.0388476 0.0730769 0.560488
-0.105739 -0.0303201 -0.0839623 -0.106911 0.13594 -2.23654
-0.0866812 -0.0677228 0.0267756 0.278506 0.27979 1.47495
-0.055 -0.0952628 0.275623 -0.511178 0.58075 -1.07629
# x y Real Imaginary Modulus Phase <-> f = 0 s = 13
0.0771 -0.0784575 0.949314 0.03503 0.94996 0.0368836
0.100877 -0.0438624 -0.576528 0.238254 0.623818 2.74971
0.109962 -0.00287946 0.336062 -0.223744 0.403731 -0.587389
0.103034 0.0385228 -0.183531 0.10463 0.21126 2.62345
0.0811005 0.0743149 0.083981 -0.0272687 0.0882972 -0.313961
0.0473562 0.0992844 -0.0285731 -0.000470156 0.028577 -3.12514
0.00671534 0.109795 0.00488294 -0.00239172 0.00543723 -0.455465
-0.0349035 0.104316 0.0031533 0.00465905 0.00562584 0.975803
-0.0714393 0.0836447 -0.00173877 0.00962672 0.00978249 1.74949
-0.0975712 0.0507923 0.00400217 -0.00745726 0.00846334 -1.07824
-0.109494 0.010543 -0.0298191 0.00835308 0.030967 2.86847
-0.10547 -0.0312417 0.0518843 -0.00528192 0.0521524 -0.101452
-0.0860869 -0.0684766 -0.0726001 -0.0666135 0.0985298 -2.39917
-0.0541666 -0.0957391 0.0250678 0.235017 0.23635 1.46453
-0.0143579 -0.109059 0.304708 -0.532494 0.613512 -1.05105
# x y Real Imaginary Modulus Phase <-> f = 0 s = 14
0.101256 -0.0429804 0.742578 -0.0901806 0.748034 -0.120851
0.109983 -0.00191976 -0.574652 0.446253 0.727576 2.48131
0.102694 0.0394205 0.412633 -0.3037 0.512347 -0.634485
0.0804489 0.0750198 -0.210496 0.125269 0.244951 2.60477
0.046488 0.0996939 0.0899196 -0.0436589 0.0999582 -0.452007
0.00575696 0.109849 -0.023283 0.020446 0.0309861 2.42098
-0.0358125 0.104007 -0.00166429 -0.0106589 0.0107881 -1.72569
-0.0721665 0.0830181 0.00478267 0.0109258 0.0119267 1.15818
-0.0980107 0.049939 -0.0137288 0.0161809 0.0212203 2.27439
-0.109581 0.00958713 -2.83617e-05 -0.0257575 0.0257575 -1.5719
-0.105194 -0.0321609 -0.015683 0.0229955 0.0278343 2.16934
-0.0854861 -0.0692252 0.0388327 -0.00886512 0.0398318 -0.224443
-0.0533291 -0.0962082 -0.0703919 -0.0776902 0.104837 -2.30695
-0.0134056 -0.10918 0.00486324 0.308829 0.308867 1.55505
0.0284701 -0.106252 0.315845 -0.728474 0.793998 -1.16169
# x y Real Imaginary Modulus Phase <-> f = 0 s = 15
0.109996 -0.000959919 0.660368 0.0141733 0.66052 0.0214595
0.102346 0.0403151 -0.530297 0.440887 0.689635 2.448
0.0797912 0.075719 0.349897 -0.284114 0.45072 -0.68201
0.0456163 0.100096 -0.155574 0.13584 0.206533 2.42381
0.00479813 0.109895 0.0399743 -0.0548074 0.0678366 -0.940637
-0.0367188 0.103691 0.000768107 0.0230102 0.023023 1.53743
-0.0728882 0.0823851 -0.0152384 -0.00676417 0.0166722 -2.72383
-0.0984428 0.0490818 0.00256718 0.00820114 0.00859355 1.26743
-0.109661 0.0086305 -0.0178162 0.0198375 0.0266635 2.30256
-0.104909 -0.0330776 0.000877401 -0.0357068 0.0357176 -1.54623
-0.0848787 -0.0699686 -0.0144809 0.023986 0.0280183 2.11395
-0.0524875 -0.0966699 0.0508036 0.0095776 0.0516985 0.186335
-0.0124524 -0.109293 -0.0789075 -0.145567 0.165578 -2.06753
0.0293962 -0.105999 0.00390588 0.479507 0.479523 1.56265
0.0669638 -0.0872689 0.075122 -0.784603 0.788191 -1.47534
