# x y Real Imaginary Modulus Phase <-> f = 0 s = 0
0.10199 0.0412067 0.732684 -0.035968 0.733567 -0.0490513
0.0791274 0.0764124 -0.569479 0.330163 0.658266 2.61619
0.044741 0.10049 0.296399 -0.227861 0.373862 -0.655404
0.00383894 0.109933 -0.0954493 0.106969 0.143363 2.29935
-0.0376222 0.103366 0.0147026 -0.0492406 0.0513888 -1.28064
-0.0736044 0.0817459 0.00322277 0.0137979 0.0141693 1.34134
-0.0988673 0.0482208 -0.0242361 0.000107373 0.0242363 3.13716
-0.109732 0.00767321 0.00285569 0.00525351 0.0059795 1.0729
-0.104616 -0.0339919 -0.0187893 0.0207316 0.0279792 2.30709
-0.0842649 -0.0707066 0.00869257 -0.0283053 0.02961 -1.27284
-0.0516419 -0.0971242 -0.0261223 0.00965148 0.0278482 2.78768
-0.0114981 -0.109397 0.0565442 0.0668605 0.0875647 0.868802
0.0303201 -0.105739 -0.0500046 -0.282275 0.28667 -1.74613
0.0677228 -0.0866812 0.128291 0.641688 0.654387 1.37347
0.0952628 -0.055 -0.0158737 -0.637957 0.638155 -1.59567
# x y Real Imaginary Modulus Phase <-> f = 0 s = 1
0.0784575 0.0771 0.818106 -0.0828237 0.822288 -0.100895
0.0438624 0.100877 -0.576135 0.2695 0.636052 2.70406
0.00287946 0.109962 0.237161 -0.174387 0.294374 -0.634036
-0.0385228 0.103034 -0.0567431 0.103021 0.117614 2.07425
-0.0743149 0.0811005 0.00252395 -0.0433361 0.0434095 -1.51262
-0.0992844 0.0473562 0.00268145 0.00960605 0.00997328 1.29858
-0.109795 0.00671534 -0.0235978 0.00132858 0.0236352 3.08535
-0.104316 -0.0349035 0.00717182 0.0107125 0.0128916 0.980848
-0.0836447 -0.0714393 -0.0171978 0.017669 0.0246568 2.34268
-0.0507923 -0.0975712 0.0134472 -0.00572922 0.0146168 -0.402763
-0.010543 -0.109494 -0.0242325 -0.034259 0.041963 -2.18643
0.0312417 -0.10547 0.0122692 0.140208 0.140744 1.48351
0.0684766 -0.0860869 -0.0559356 -0.39259 0.396555 -1.71232
0.0957391 -0.0541666 0.190555 0.632373 0.660459 1.27812
0.109059 -0.0143579 0.0352056 -0.685837 0.68674 -1.51951
# x y Real Imaginary Modulus Phase <-> f = 0 s = 2
0.0429804 0.101256 0.874967 -0.081225 0.878729 -0.0925668
0.00191976 0.109983 -0.527009 0.185513 0.558707 2.80313
-0.0394205 0.102694 0.188359 -0.176721 0.258281 -0.75353
-0.0750198 0.0804489 -0.0407355 0.0991746 0.107215 1.96053
-0.0996939 0.046488 0.00174837 -0.0456615 0.0456949 -1.53253
-0.109849 0.00575696 0.008255 0.0106171 0.0134487 0.909913
-0.104007 -0.0358125 -0.0150194 -0.00396378 0.0155337 -2.88357
-0.0830181 -0.0721665 0.013112 0.0113176 0.0173209 0.712079
-0.049939 -0.0980107 -0.00755173 0.00660366 0.0100318 2.42307
-0.00958713 -0.109581 0.00523235 0.00951977 0.0108629 1.06824
0.0321609 -0.105194 0.00662389 -0.0541455 0.0545492 -1.44907
0.0692252 -0.0854861 0.00775731 0.178324 0.178493 1.52732
0.0962082 -0.0533291 -0.0879432 -0.360701 0.371267 -1.80994
0.10918 -0.0134056 0.103341 0.568376 0.577694 1.39094
0.106252 0.0284701 0.100825 -0.774263 0.780801 -1.4413
# x y Real Imaginary Modulus Phase <-> f = 0 s = 3
0.000959919 0.109996 0.904527 0.00705967 0.904554 0.00780466
-0.0403151 0.102346 -0.482579 0.198575 0.521838 2.75122
-0.075719 0.0797912 0.174471 -0.167166 0.241629 -0.76402
-0.100096 0.0456163 -0.0468178 0.0997762 0.110214 2.00953
-0.109895 0.00479813 0.000757252 -0.0453198 0.0453261 -1.55409
-0.103691 -0.0367188 0.00607463 0.0195765 0.0204973 1.26991
-0.0823851 -0.0728882 -0.00685303 -0.00853418 0.0109451 -2.24737
-0.0490818 -0.0984428 0.0113581 0.00357346 0.011907 0.304812
-0.0086305 -0.109661 -0.0061813 -0.000436049 0.00619666 -3.07117
0.0330776 -0.104909 -0.00339243 0.0107657 0.0112876 1.87606
0.0699686 -0.0848787 0.00624461 -0.0678783 0.0681649 -1.47906
0.0966699 -0.0524875 0.0411331 0.154915 0.160283 1.31126
0.109293 -0.0124524 -0.0807435 -0.287659 0.298776 -1.84445
0.105999 0.0293962 0.0465245 0.527803 0.52985 1.48288
0.0872689 0.0669638 0.147607 -0.792089 0.805725 -1.38656
# x y Real Imaginary Modulus Phase <-> f = 0 s = 4
-0.0412067 0.10199 0.881951 -0.0137553 0.882058 -0.0155952
-0.0764124 0.0791274 -0.479608 0.176208 0.510953 2.7895
-0.10049 0.044741 0.200853 -0.169702 0.262946 -0.701529
-0.109933 0.00383894 -0.064127 0.103566 0.121812 2.12521
-0.103366 -0.0376222 0.0228106 -0.0493597 0.0543756 -1.1379
-0.0817459 -0.0736044 -0.00697511 0.0160122 0.0174654 1.98162
-0.0482208 -0.0988673 -0.000827177 -0.00363478 0.00372772 -1.79456
-0.00767321 -0.109732 0.00957363 -0.000165035 0.00957505 -0.0172368
0.0339919 -0.104616 -0.00552663 -0.00147135 0.00571913 -2.8814
0.0707066 -0.0842649 0.00756501 0.0193827 0.0208067 1.19868
0.0971242 -0.0516419 -0.0271389 -0.0422618 0.0502253 -2.14164
0.109397 -0.0114981 0.049452 0.0933405 0.105631 1.08359
0.105739 0.0303201 -0.0672127 -0.212802 0.223164 -1.87673
0.0866812 0.0677228 0.0108292 0.442442 0.442575 1.54633
0.055 0.0952628 0.228876 -0.741619 0.776133 -1.27145
# x y Real Imaginary Modulus Phase <-> f = 0 s = 5
-0.0771 0.0784575 0.906679 -0.0232896 0.906979 -0.025681
-0.100877 0.0438624 -0.558022 0.222238 0.600649 2.76259
-0.109962 0.00287946 0.265636 -0.209681 0.338421 -0.668217
-0.103034 -0.0385228 -0.129125 0.118216 0.175066 2.40027
-0.0811005 -0.0743149 0.0571879 -0.0384792 0.0689282 -0.592275
-0.0473562 -0.0992844 -0.0126346 0.00944905 0.0157772 2.49946
-0.00671534 -0.109795 -0.00154712 -0.00320244 0.00355657 -2.02084
0.0349035 -0.104316 0.0113801 0.00452202 0.0122457 0.378229
0.0714393 -0.0836447 -0.0144412 -0.00251793 0.0146591 -2.96897
0.0975712 -0.0507923 0.0192092 0.00532276 0.019933 0.270312
0.109494 -0.010543 -0.0298848 -0.0199485 0.0359311 -2.553
0.10547 0.0312417 0.0598216 0.0631549 0.0869895 0.812496
0.0860869 0.0684766 -0.0849798 -0.175714 0.195185 -2.02126
0.0541666 0.0957391 0.038572 0.406933 0.408757 1.47629
0.0143579 0.109059 0.197108 -0.72715 0.753392 -1.30609
# x y Real Imaginary Modulus Phase <-> f = 0 s = 6
-0.101256 0.0429804 0.8456 -0.0462532 0.846865 -0.0546442
-0.109983 0.00191976 -0.554676 0.310402 0.635621 2.6314
-0.102694 -0.0394205 0.323153 -0.238721 0.401766 -0.636246
-0.0804489 -0.0750198 -0.153446 0.103584 0.185136 2.54781
-0.046488 -0.0996939 0.0449767 -0.0381774 0.058995 -0.703812
-0.00575696 -0.109849 -0.00034073 0.0180098 0.0180131 1.58971
0.0358125 -0.104007 -0.00926553 0.00267366 0.00964357 2.86066
0.0721665 -0.0830181 0.0147859 0.0110136 0.018437 0.640212
0.0980107 -0.049939 -0.0217814 0.00832409 0.0233178 2.77655
0.109581 -0.00958713 0.00935844 -0.0044902 0.0103799 -0.447359
0.105194 0.0321609 -0.0315563 -0.0114574 0.0335719 -2.79331
0.0854861 0.0692252 0.0614464 0.050778 0.0797124 0.69062
0.0533291 0.0962082 -0.0855638 -0.157717 0.179432 -2.06787
0.0134056 0.10918 0.0304979 0.394561 0.395738 1.49365
-0.0284701 0.106252 0.234348 -0.750515 0.786252 -1.26814
# x y Real Imaginary Modulus Phase <-> f = 0 s = 7
-0.109996 0.000959919 0.765341 -0.0802899 0.769541 -0.104525
-0.102346 -0.0403151 -0.613271 0.355387 0.708803 2.61639
-0.0797912 -0.075719 0.354978 -0.20718 0.411015 -0.528303
-0.0456163 -0.100096 -0.117939 0.0881883 0.147264 2.49954
-0.00479813 -0.109895 0.00562001 -0.0435544 0.0439155 -1.44247
0.0367188 -0.103691 0.00838294 0.010073 0.0131049 0.876718
0.0728882 -0.0823851 -0.0258801 0.00410191 0.0262031 2.9844
0.0984428 -0.0490818 0.0109669 0.00759603 0.0133406 0.605766
0.109661 -0.0086305 -0.0233406 0.0121031 0.0262919 2.66322
0.104909 0.0330776 0.00434548 -0.00800867 0.00911164 -1.07365
0.0848787 0.0699686 -0.0301578 -0.0119608 0.0324431 -2.76402
0.0524875 0.0966699 0.0603213 0.0503228 0.078556 0.695277
0.0124524 0.109293 -0.0804138 -0.17657 0.194019 -1.99815
-0.0293962 0.105999 0.0113407 0.466317 0.466455 1.54648
-0.0669638 0.0872689 0.153053 -0.770207 0.785267 -1.37464
# x y Real Imaginary Modulus Phase <-> f = 0 s = 8
-0.10199 -0.0412067 0.72714 -0.146838 0.741818 -0.199259
-0.0791274 -0.0764124 -0.622258 0.327112 0.702999 2.65761
-0.044741 -0.10049 0.260574 -0.174344 0.31352 -0.589669
-0.00383894 -0.109933 -0.0256101 0.0927971 0.0962662 1.84007
0.0376222 -0.103366 -0.0252808 -0.0310719 0.0400573 -2.25379
0.0736044 -0.0817459 0.0236496 -0.00596984 0.0243915 -0.247263
0.0988673 -0.0482208 -0.0366031 0.00579098 0.0370584 2.98468
0.109732 -0.00767321 0.00816247 0.00534538 0.009757 0.579793
0.104616 0.0339919 -0.0219196 0.0138091 0.0259068 2.57941
0.0842649 0.0707066 0.0111183 -0.00816832 0.0137963 -0.63362
0.0516419 0.0971242 -0.0336913 -0.00917437 0.0349181 -2.87573
0.0114981 0.109397 0.0606589 0.0646884 0.0886798 0.817534
-0.0303201 0.105739 -0.0745116 -0.23581 0.247302 -1.87685
-0.0677228 0.0866812 0.0798023 0.527608 0.533609 1.42068
-0.0952628 0.055 0.0687161 -0.747445 0.750597 -1.47912
# x y Real Imaginary Modulus Phase <-> f = 0 s = 9
-0.0784575 -0.0771 0.863297 -0.058971 0.865309 -0.0682031
-0.0438624 -0.100877 -0.507319 0.151342 0.529412 2.85168
-0.00287946 -0.109962 0.11379 -0.137105 0.178174 -0.878062
0.0385228 -0.103034 0.0159017 0.0594365 0.061527 1.30938
0.0743149 -0.0811005 -0.0314139 -0.0120261 0.0336372 -2.77598
0.0992844 -0.0473562 0.0295998 -0.0165429 0.033909 -0.50964
0.109795 -0.00671534 -0.0335656 0.00519901 0.0339658 2.98792
0.104316 0.0349035 0.0112674 0.0126014 0.0169042 0.841228
0.0836447 0.0714393 -0.0163609 0.00997683 0.0191629 2.594
0.0507923 0.0975712 0.0181152 -0.00191843 0.0182165 -0.105508
0.010543 0.109494 -0.0301033 -0.0244358 0.0387726 -2.45974
-0.0312417 0.10547 0.0421864 0.112741 0.120375 1.21274
-0.0684766 0.0860869 -0.076066 -0.300662 0.310135 -1.81859
-0.0957391 0.0541666 0.0789162 0.595527 0.600733 1.43905
-0.109059 0.0143579 0.00570881 -0.794579 0.794599 -1.56361
# x y Real Imaginary Modulus Phase <-> f = 0 s = 10
-0.0429804 -0.101256 0.896789 0.128951 0.906013 0.142813
-0.00191976 -0.109983 -0.348178 0.114125 0.366405 2.82485
0.0394205 -0.102694 0.0731714 -0.115467 0.1367 -1.00597
0.0750198 -0.0804489 0.00902944 0.0534771 0.0542341 1.40353
0.0996939 -0.046488 -0.028559 -0.0112899 0.0307096 -2.76513
0.109849 -0.00575696 0.0295935 -0.00273079 0.0297192 -0.0920162
0.104007 0.0358125 -0.025655 -0.00117091 0.0256817 -3.09598
0.0830181 0.0721665 0.0156023 0.0144731 0.0212815 0.74787
0.049939 0.0980107 -0.0102465 -0.000182148 0.0102481 -3.12382
0.00958713 0.109581 0.0123492 0.00738844 0.0143907 0.539163
-0.0321609 0.105194 -0.0102063 -0.0419926 0.0432152 -1.80922
-0.0692252 0.0854861 0.0247197 0.131736 0.134035 1.38531
-0.0962082 0.0533291 -0.0357642 -0.307399 0.309472 -1.68662
-0.10918 0.0134056 0.0452841 0.60224 0.60394 1.49574
-0.106252 -0.0284701 0.120696 -0.781841 0.791103 -1.41763
# x y Real Imaginary Modulus Phase <-> f = 0 s = 11
-0.000959919 -0.109996 0.76627 0.210429 0.794638 0.268008
0.0403151 -0.102346 -0.318644 0.0968386 0.333034 2.84655
0.075719 -0.0797912 0.0991682 -0.1191 0.154981 -0.876464
0.100096 -0.0456163 -0.0064432 0.0733366 0.0736191 1.65843
0.109895 -0.00479813 -0.0119076 -0.0331071 0.0351834 -1.91606
0.103691 0.0367188 0.00913379 0.0168793 0.0191921 1.07479
0.0823851 0.0728882 -0.00765945 -0.00537619 0.00935791 -2.52959
0.0490818 0.0984428 0.0118188 0.00520325 0.0129134 0.414719
0.0086305 0.109661 -0.00383418 -0.001167 0.00400784 -2.84613
-0.0330776 0.104909 0.00588265 0.00847487 0.0103164 0.964022
-0.0699686 0.0848787 -0.0125971 -0.0385637 0.040569 -1.88653
-0.0966699 0.0524875 0.0265108 0.0987457 0.102243 1.30851
-0.109293 0.0124524 -0.0489683 -0.232093 0.237203 -1.77873
-0.105999 -0.0293962 0.000595295 0.423207 0.423208 1.56939
-0.0872689 -0.0669638 0.296105 -0.681472 0.743023 -1.1609
# x y Real Imaginary Modulus Phase <-> f = 0 s = 12
0.0412067 -0.10199 0.821735 0.199169 0.845527 0.23779
0.0764124 -0.0791274 -0.423146 0.103521 0.435625 2.90166
0.10049 -0.044741 0.172205 -0.153865 0.230931 -0.729212
0.109933 -0.00383894 -0.0709816 0.104187 0.126068 2.16886
0.103366 0.0376222 0.0366514 -0.0508146 0.0626534 -0.945932
0.0817459 0.0736044 -0.0164236 0.0131849 0.0210612 2.46515
0.0482208 0.0988673 -0.000727529 -0.00335955 0.00343742 -1.78406
0.00767321 0.109732 0.00527874 0.00152011 0.00549325 0.280382
-0.0339919 0.104616 -0.000981443 -0.000653854 0.0011793 -2.5539
-0.0707066 0.0842649 0.0112311 0.00671923 0.0130876 0.539147
-0.0971242 0.0516419 -0.0303986 -0.0147512 0.0337887 -2.68981
-0.109397 0.0114981 0.0615926 0.0392315 0.0730257 0.567147
-0.105739 -0.0303201 -0.0844814 -0.107881 0.137024 -2.23514
-0.0866812 -0.0677228 0.0260813 0.278057 0.279278 1.47727
-0.055 -0.0952628 0.275971 -0.511636 0.581319 -1.07614
# x y Real Imaginary Modulus Phase <-> f = 0 s = 13
0.0771 -0.0784575 0.949508 0.03514 0.950158 0.0369918
0.100877 -0.0438624 -0.577717 0.239543 0.62541 2.74853
0.109962 -0.00287946 0.336961 -0.22497 0.40516 -0.58868
0.103034 0.0385228 -0.184295 0.105408 0.21231 2.62205
0.0811005 0.0743149 0.0841257 -0.0284718 0.0888132 -0.326343
0.0473562 0.0992844 -0.0283549 0.000357896 0.0283571 3.12897
0.00671534 0.109795 0.00444907 -0.00323287 0.00549961 -0.628382
-0.0349035 0.104316 0.00213279 0.00498565 0.00542268 1.16657
-0.0714393 0.0836447 -0.00132536 0.0108092 0.0108901 1.6928
-0.0975712 0.0507923 0.00515987 -0.00662781 0.00839953 -0.909292
-0.109494 0.010543 -0.0295715 0.00947962 0.0310538 2.83138
-0.10547 -0.0312417 0.0522793 -0.00514766 0.0525321 -0.0981483
-0.0860869 -0.0684766 -0.0731549 -0.0660866 0.0985854 -2.40691
-0.0541666 -0.0957391 0.0236609 0.236035 0.237218 1.47089
-0.0143579 -0.109059 0.304982 -0.533034 0.614116 -1.0511
# x y Real Imaginary Modulus Phase <-> f = 0 s = 14
0.101256 -0.0429804 0.742799 -0.0911465 0.74837 -0.122097
0.109983 -0.00191976 -0.574147 0.447628 0.728021 2.47939
0.102694 0.0394205 0.413594 -0.303136 0.512788 -0.632488
0.0804489 0.0750198 -0.210805 0.12539 0.245278 2.605
0.046488 0.0996939 0.092029 -0.0446522 0.10229 -0.451735
0.00575696 0.109849 -0.0218958 0.0204441 0.0299564 2.39047
-0.0358125 0.104007 -0.00166546 -0.0104284 0.0105606 -1.72916
-0.0721665 0.0830181 0.00474722 0.0103937 0.0114265 1.14235
-0.0980107 0.049939 -0.0120342 0.0157409 0.0198141 2.22353
-0.109581 0.00958713 0.00120759 -0.0258517 0.0258798 -1.52412
-0.105194 -0.0321609 -0.0144943 0.0233538 0.027486 2.12625
-0.0854861 -0.0692252 0.0386137 -0.00774338 0.0393824 -0.197909
-0.0533291 -0.0962082 -0.070313 -0.0774083 0.104575 -2.3082
-0.0134056 -0.10918 0.00232835 0.308387 0.308395 1.56325
0.0284701 -0.106252 0.313267 -0.728084 0.792617 -1.16448
# x y Real Imaginary Modulus Phase <-> f = 0 s = 15
0.109996 -0.000959919 0.659615 0.0140789 0.659765 0.0213408
0.102346 0.0403151 -0.529666 0.439924 0.688534 2.44849
0.0797912 0.075719 0.351334 -0.285146 0.452486 -0.68178
0.0456163 0.100096 -0.15691 0.136542 0.208001 2.42549
0.00479813 0.109895 0.0401814 -0.0539073 0.067235 -0.930259
-0.0367188 0.103691 0.000455547 0.0231109 0.0231154 1.55109
-0.0728882 0.0823851 -0.0165262 -0.00556245 0.0174372 -2.81692
-0.0984428 0.0490818 0.00386428 0.00814707 0.00901706 1.12791
-0.109661 0.0086305 -0.0186452 0.0193733 0.026888 2.33705
-0.104909 -0.0330776 -0.000322056 -0.0351565 0.035158 -1.57996
-0.0848787 -0.0699686 -0.0133863 0.0251114 0.0284566 2.06055
-0.0524875 -0.0966699 0.0496532 0.0103418 0.0507188 0.205346
-0.0124524 -0.109293 -0.079805 -0.144612 0.165171 -2.07506
0.0293962 -0.105999 0.00320111 0.479188 0.479198 1.56412
0.0669638 -0.0872689 0.0750138 -0.784288 0.787867 -1.47544
