# x y Real Imaginary Modulus Phase <-> f = 0 s = 0
0.10199 0.0412067 0.732452 -0.0350737 0.733291 -0.0478488
0.0791274 0.0764124 -0.568934 0.329925 0.657675 2.61608
0.044741 0.10049 0.296773 -0.227419 0.37389 -0.653857
0.00383894 0.109933 -0.0951078 0.106405 0.142715 2.30019
-0.0376222 0.103366 0.0150314 -0.0491776 0.0514235 -1.27416
-0.0736044 0.0817459 0.00343537 0.0138031 0.0142242 1.32687
-0.0988673 0.0482208 -0.0241579 0.000132055 0.0241583 3.13613
-0.109732 0.00767321 0.00233835 0.00567954 0.00614207 1.18023
-0.104616 -0.0339919 -0.0189341 0.02056 0.0279502 2.31505
-0.0842649 -0.0707066 0.00813319 -0.0276208 0.0287933 -1.28443
-0.0516419 -0.0971242 -0.0261125 0.00898931 0.0276165 2.81005
-0.0114981 -0.109397 0.0567248 0.0666955 0.0875556 0.86601
0.0303201 -0.105739 -0.0500865 -0.281711 0.286129 -1.74675
0.0677228 -0.0866812 0.128372 0.641505 0.654223 1.37329
0.0952628 -0.055 -0.0161137 -0.637288 0.637492 -1.59608
# x y Real Imaginary Modulus Phase <-> f = 0 s = 1
0.0784575 0.0771 0.818186 -0.0825257 0.822338 -0.100524
0.0438624 0.100877 -0.57656 0.269175 0.6363 2.7048
0.00287946 0.109962 0.236826 -0.174103 0.293937 -0.633931
-0.0385228 0.103034 -0.0569625 0.104166 0.118724 2.07121
-0.0743149 0.0811005 0.00226834 -0.0438103 0.0438689 -1.51907
-0.0992844 0.0473562 0.00149109 0.0100224 0.0101327 1.4231
-0.109795 0.00671534 -0.0241398 0.00180408 0.0242071 3.067
-0.104316 -0.0349035 0.00664126 0.011267 0.0130787 1.03817
-0.0836447 -0.0714393 -0.0166524 0.0177481 0.0243372 2.32435
-0.0507923 -0.0975712 0.0131899 -0.00642673 0.0146723 -0.453392
-0.010543 -0.109494 -0.024296 -0.0341677 0.0419253 -2.18892
0.0312417 -0.10547 0.0123858 0.140346 0.140892 1.48277
0.0684766 -0.0860869 -0.0553925 -0.39264 0.396528 -1.71095
0.0957391 -0.0541666 0.190476 0.632299 0.660366 1.2782
0.109059 -0.0143579 0.0347174 -0.685966 0.686844 -1.52023
# x y Real Imaginary Modulus Phase <-> f = 0 s = 2
0.0429804 0.101256 0.874639 -0.0809465 0.878377 -0.0922856
0.00191976 0.109983 -0.527391 0.185627 0.559105 2.80316
-0.0394205 0.102694 0.188299 -0.176784 0.258281 -0.75387
-0.0750198 0.0804489 -0.040764 0.0989509 0.107019 1.96157
-0.0996939 0.046488 0.00193148 -0.0459464 0.045987 -1.52878
-0.109849 0.00575696 0.00819858 0.0104658 0.0132947 0.906279
-0.104007 -0.0358125 -0.015126 -0.00380986 0.0155984 -2.89485
-0.0830181 -0.0721665 0.0128749 0.0110239 0.0169496 0.708098
-0.049939 -0.0980107 -0.00744118 0.00633683 0.00977377 2.43618
-0.00958713 -0.109581 0.0051853 0.00868441 0.0101147 1.03253
0.0321609 -0.105194 0.00685587 -0.0538307 0.0542656 -1.44412
0.0692252 -0.0854861 0.00770739 0.178505 0.178671 1.52765
0.0962082 -0.0533291 -0.0877738 -0.360521 0.371052 -1.80961
0.10918 -0.0134056 0.103554 0.568024 0.577386 1.39047
0.106252 0.0284701 0.100916 -0.774234 0.780783 -1.44118
# x y Real Imaginary Modulus Phase <-> f = 0 s = 3
0.000959919 0.109996 0.904683 0.00716651 0.904711 0.00792141
-0.0403151 0.102346 -0.482297 0.19821 0.521438 2.75167
-0.075719 0.0797912 0.174795 -0.167167 0.241864 -0.763098
-0.100096 0.0456163 -0.0468831 0.0998318 0.110292 2.00985
-0.109895 0.00479813 0.000863978 -0.0450929 0.0451011 -1.55164
-0.103691 -0.0367188 0.00624036 0.0194552 0.0204315 1.26041
-0.0823851 -0.0728882 -0.006666 -0.00845332 0.0107654 -2.23853
-0.0490818 -0.0984428 0.0113781 0.00338855 0.011872 0.289449
-0.0086305 -0.109661 -0.00597564 -0.000393739 0.0059886 -3.0758
0.0330776 -0.104909 -0.00327949 0.0105545 0.0110522 1.87206
0.0699686 -0.0848787 0.00623727 -0.0677796 0.068066 -1.47903
0.0966699 -0.0524875 0.040969 0.155 0.160323 1.31239
0.109293 -0.0124524 -0.0806626 -0.287547 0.298646 -1.84429
0.105999 0.0293962 0.0464495 0.527837 0.529877 1.48302
0.0872689 0.0669638 0.147424 -0.792241 0.805841 -1.38682
# x y Real Imaginary Modulus Phase <-> f = 0 s = 4
-0.0412067 0.10199 0.881884 -0.0137102 0.881991 -0.0155453
-0.0764124 0.0791274 -0.479416 0.176162 0.510757 2.78946
-0.10049 0.044741 0.200921 -0.169837 0.263085 -0.701756
-0.109933 0.00383894 -0.0639792 0.10343 0.121618 2.12476
-0.103366 -0.0376222 0.0230505 -0.049208 0.0543392 -1.13272
-0.0817459 -0.0736044 -0.00697966 0.0160874 0.0175363 1.98015
-0.0482208 -0.0988673 -0.00114375 -0.00355605 0.00373546 -1.88198
-0.00767321 -0.109732 0.00988771 -0.000253768 0.00989096 -0.0256593
0.0339919 -0.104616 -0.00556259 -0.00133322 0.00572013 -2.90635
0.0707066 -0.0842649 0.00732022 0.0193704 0.0207075 1.20948
0.0971242 -0.0516419 -0.0270441 -0.0421112 0.0500474 -2.14167
0.109397 -0.0114981 0.0494882 0.0933676 0.105672 1.08341
0.105739 0.0303201 -0.067173 -0.213173 0.223506 -1.87606
0.0866812 0.0677228 0.0106775 0.442514 0.442643 1.54667
0.055 0.0952628 0.228538 -0.741559 0.775977 -1.27185
# x y Real Imaginary Modulus Phase <-> f = 0 s = 5
-0.0771 0.0784575 0.906847 -0.0237904 0.90716 -0.0262282
-0.100877 0.0438624 -0.557881 0.222311 0.600544 2.76239
-0.109962 0.00287946 0.265431 -0.210003 0.33846 -0.669339
-0.103034 -0.0385228 -0.128939 0.118153 0.174887 2.39982
-0.0811005 -0.0743149 0.0571136 -0.0386835 0.068981 -0.595334
-0.0473562 -0.0992844 -0.0124565 0.00947257 0.0156491 2.49144
-0.00671534 -0.109795 -0.00161856 -0.00319631 0.00358276 -2.03954
0.0349035 -0.104316 0.0112445 0.00449269 0.0121088 0.380115
0.0714393 -0.0836447 -0.0144861 -0.00281671 0.0147574 -2.94955
0.0975712 -0.0507923 0.01944 0.00544213 0.0201874 0.272958
0.109494 -0.010543 -0.0299583 -0.0198108 0.0359162 -2.55733
0.10547 0.0312417 0.0599474 0.0632589 0.0871515 0.81227
0.0860869 0.0684766 -0.0850155 -0.175668 0.195158 -2.02153
0.0541666 0.0957391 0.0386011 0.406885 0.408712 1.47621
0.0143579 0.109059 0.197602 -0.727137 0.753508 -1.30545
# x y Real Imaginary Modulus Phase <-> f = 0 s = 6
-0.101256 0.0429804 0.845576 -0.0459807 0.846825 -0.0543245
-0.109983 0.00191976 -0.554592 0.310454 0.635574 2.63127
-0.102694 -0.0394205 0.322889 -0.237712 0.400954 -0.634613
-0.0804489 -0.0750198 -0.154164 0.103747 0.185822 2.54924
-0.046488 -0.0996939 0.0440917 -0.0383755 0.058453 -0.716194
-0.00575696 -0.109849 -0.000497336 0.0181949 0.0182017 1.59812
0.0358125 -0.104007 -0.010441 0.00237196 0.0107071 2.91821
0.0721665 -0.0830181 0.0151688 0.0107901 0.018615 0.618294
0.0980107 -0.049939 -0.0219728 0.00878072 0.0236623 2.76142
0.109581 -0.00958713 0.00976511 -0.00438057 0.0107027 -0.421684
0.105194 0.0321609 -0.0328532 -0.00982282 0.0342902 -2.85106
0.0854861 0.0692252 0.0626749 0.0514739 0.081103 0.687586
0.0533291 0.0962082 -0.0849804 -0.157266 0.178758 -2.06621
0.0134056 0.10918 0.0310913 0.394218 0.395442 1.49209
-0.0284701 0.106252 0.234575 -0.751491 0.787251 -1.26823
# x y Real Imaginary Modulus Phase <-> f = 0 s = 7
-0.109996 0.000959919 0.76505 -0.0799979 0.769221 -0.104187
-0.102346 -0.0403151 -0.612321 0.356475 0.708528 2.61439
-0.0797912 -0.075719 0.353956 -0.207422 0.410254 -0.530069
-0.0456163 -0.100096 -0.118232 0.0904962 0.14889 2.4883
-0.00479813 -0.109895 0.00395067 -0.0435063 0.0436853 -1.48024
0.0367188 -0.103691 0.00842464 0.00836446 0.0118718 0.781814
0.0728882 -0.0823851 -0.025213 0.00538143 0.0257809 2.93131
0.0984428 -0.0490818 0.0107833 0.00636009 0.0125192 0.532894
0.109661 -0.0086305 -0.0243116 0.0127086 0.0274329 2.65992
0.104909 0.0330776 0.00384833 -0.00767786 0.00858832 -1.10617
0.0848787 0.0699686 -0.0306219 -0.0124498 0.033056 -2.75544
0.0524875 0.0966699 0.0603176 0.050539 0.0786919 0.697417
0.0124524 0.109293 -0.0800877 -0.176394 0.193724 -1.99699
-0.0293962 0.105999 0.01162 0.465522 0.465667 1.54584
-0.0669638 0.0872689 0.153276 -0.769828 0.784939 -1.37426
# x y Real Imaginary Modulus Phase <-> f = 0 s = 8
-0.10199 -0.0412067 0.727563 -0.144036 0.741683 -0.195443
-0.0791274 -0.0764124 -0.621911 0.328294 0.703243 2.65589
-0.044741 -0.10049 0.259316 -0.173943 0.312252 -0.590843
-0.00383894 -0.109933 -0.0271235 0.0930022 0.0968766 1.85457
0.0376222 -0.103366 -0.0254746 -0.0313271 0.0403775 -2.25352
0.0736044 -0.0817459 0.0229744 -0.00640907 0.0238516 -0.272049
0.0988673 -0.0482208 -0.0355631 0.00552207 0.0359893 2.98755
0.109732 -0.00767321 0.008294 0.00547908 0.00994036 0.583797
0.104616 0.0339919 -0.0210715 0.0139264 0.0252577 2.55759
0.0842649 0.0707066 0.0112798 -0.00747016 0.0135291 -0.584945
0.0516419 0.0971242 -0.033152 -0.00859716 0.0342485 -2.88786
0.0114981 0.109397 0.0611009 0.0652665 0.0894038 0.818351
-0.0303201 0.105739 -0.0756 -0.235578 0.247411 -1.88133
-0.0677228 0.0866812 0.0810785 0.528087 0.534275 1.41845
-0.0952628 0.055 0.0694066 -0.748082 0.751295 -1.47828
# x y Real Imaginary Modulus Phase <-> f = 0 s = 9
-0.0784575 -0.0771 0.863891 -0.0579434 0.865832 -0.0669722
-0.0438624 -0.100877 -0.507265 0.150472 0.529112 2.85323
-0.00287946 -0.109962 0.112767 -0.136897 0.177362 -0.881752
0.0385228 -0.103034 0.0168461 0.0596681 0.0620005 1.29563
0.0743149 -0.0811005 -0.0322982 -0.0129451 0.0347959 -2.7604
0.0992844 -0.0473562 0.0276151 -0.0181784 0.0330612 -0.582173
0.109795 -0.00671534 -0.0335995 0.00481113 0.0339422 2.99937
0.104316 0.0349035 0.010973 0.0136398 0.0175057 0.893327
0.0836447 0.0714393 -0.0172549 0.0100323 0.0199594 2.61495
0.0507923 0.0975712 0.0178945 -0.00123852 0.0179373 -0.0691024
0.010543 0.109494 -0.0315528 -0.0231452 0.0391315 -2.50871
-0.0312417 0.10547 0.0420934 0.113125 0.120703 1.21457
-0.0684766 0.0860869 -0.0758745 -0.301696 0.31109 -1.81718
-0.0957391 0.0541666 0.0780615 0.595869 0.60096 1.44053
-0.109059 0.0143579 0.0069668 -0.79434 0.794371 -1.56203
# x y Real Imaginary Modulus Phase <-> f = 0 s = 10
-0.0429804 -0.101256 0.896607 0.129807 0.905954 0.143776
-0.00191976 -0.109983 -0.347796 0.114102 0.366034 2.82458
0.0394205 -0.102694 0.0730195 -0.115144 0.136345 -1.00564
0.0750198 -0.0804489 0.0101275 0.0543096 0.0552458 1.38644
0.0996939 -0.046488 -0.0288929 -0.0114652 0.0310846 -2.76383
0.109849 -0.00575696 0.0297675 -0.00360273 0.0299847 -0.120443
0.104007 0.0358125 -0.025279 -0.00110503 0.0253031 -3.09791
0.0830181 0.0721665 0.0154948 0.0136642 0.0206591 0.722701
0.049939 0.0980107 -0.00981523 7.08435e-05 0.00981549 3.13438
0.00958713 0.109581 0.0108317 0.00640876 0.0125857 0.534268
-0.0321609 0.105194 -0.0108004 -0.0421964 0.0435567 -1.82137
-0.0692252 0.0854861 0.0238801 0.13019 0.132362 1.38939
-0.0962082 0.0533291 -0.0360334 -0.307913 0.310015 -1.68729
-0.10918 0.0134056 0.0451797 0.60094 0.602636 1.49576
-0.106252 -0.0284701 0.120955 -0.782991 0.792278 -1.41753
# x y Real Imaginary Modulus Phase <-> f = 0 s = 11
-0.000959919 -0.109996 0.766914 0.209985 0.795142 0.267256
0.0403151 -0.102346 -0.31884 0.0968193 0.333216 2.84678
0.075719 -0.0797912 0.098436 -0.11836 0.153944 -0.877042
0.100096 -0.0456163 -0.0076548 0.0728358 0.0732369 1.67551
0.109895 -0.00479813 -0.0119638 -0.032452 0.034587 -1.924
0.103691 0.0367188 0.00779047 0.01719 0.018873 1.14529
0.0823851 0.0728882 -0.00787854 -0.00449443 0.00907035 -2.62317
0.0490818 0.0984428 0.0115102 0.00520706 0.0126332 0.424836
0.0086305 0.109661 -0.00375579 -0.00157933 0.00407434 -2.74354
-0.0330776 0.104909 0.00744943 0.0073855 0.01049 0.781089
-0.0699686 0.0848787 -0.0118934 -0.0390516 0.0408225 -1.86643
-0.0966699 0.0524875 0.0258605 0.0982602 0.101606 1.31345
-0.109293 0.0124524 -0.048631 -0.233513 0.238523 -1.77612
-0.105999 -0.0293962 -0.000187227 0.423157 0.423157 1.57124
-0.0872689 -0.0669638 0.296473 -0.681357 0.743064 -1.16038
# x y Real Imaginary Modulus Phase <-> f = 0 s = 12
0.0412067 -0.10199 0.820949 0.199465 0.844833 0.23835
0.0764124 -0.0791274 -0.422995 0.103795 0.435543 2.90097
0.10049 -0.044741 0.172479 -0.154525 0.231575 -0.73055
0.109933 -0.00383894 -0.0710502 0.104476 0.126346 2.16802
0.103366 0.0376222 0.0366049 -0.0510342 0.0628045 -0.948578
0.0817459 0.0736044 -0.016045 0.0132204 0.02079 2.45241
0.0482208 0.0988673 -0.000721222 -0.00395532 0.00402053 -1.75116
0.00767321 0.109732 0.00432847 0.0012508 0.00450557 0.281308
-0.0339919 0.104616 -0.000316251 -0.000542589 0.000628027 -2.09851
-0.0707066 0.0842649 0.0106984 0.00615684 0.0123435 0.522204
-0.0971242 0.0516419 -0.0298651 -0.0144605 0.0331818 -2.69067
-0.109397 0.0114981 0.06167 0.0382887 0.0725894 0.55562
-0.105739 -0.0303201 -0.0848779 -0.107464 0.136941 -2.2393
-0.0866812 -0.0677228 0.0264272 0.278309 0.279561 1.47612
-0.055 -0.0952628 0.275391 -0.512469 0.581777 -1.07769
# x y Real Imaginary Modulus Phase <-> f = 0 s = 13
0.0771 -0.0784575 0.948975 0.0349192 0.949617 0.0367802
0.100877 -0.0438624 -0.576961 0.240483 0.625073 2.74668
0.109962 -0.00287946 0.337363 -0.225943 0.406035 -0.590122
0.103034 0.0385228 -0.183713 0.105114 0.211658 2.62189
0.0811005 0.0743149 0.0841849 -0.0278058 0.0886581 -0.319013
0.0473562 0.0992844 -0.0284206 0.000613805 0.0284273 3.12
0.00671534 0.109795 0.00412937 -0.00228932 0.00472152 -0.506214
-0.0349035 0.104316 0.0023646 0.00505897 0.00558431 1.13356
-0.0714393 0.0836447 -0.001604 0.00960081 0.00973388 1.73634
-0.0975712 0.0507923 0.00500162 -0.00697074 0.00857948 -0.948411
-0.109494 0.010543 -0.0290123 0.0098153 0.0306277 2.81537
-0.10547 -0.0312417 0.0533995 -0.00501387 0.0536344 -0.0936191
-0.0860869 -0.0684766 -0.0728158 -0.0665021 0.0986138 -2.40148
-0.0541666 -0.0957391 0.025442 0.235536 0.236907 1.4632
-0.0143579 -0.109059 0.304471 -0.534058 0.614752 -1.05265
# x y Real Imaginary Modulus Phase <-> f = 0 s = 14
0.101256 -0.0429804 0.743022 -0.0916317 0.74865 -0.122704
0.109983 -0.00191976 -0.574104 0.447469 0.72789 2.47953
0.102694 0.0394205 0.413944 -0.303225 0.513122 -0.632224
0.0804489 0.0750198 -0.210809 0.125107 0.245137 2.60599
0.046488 0.0996939 0.0918151 -0.044528 0.102043 -0.451556
0.00575696 0.109849 -0.0218868 0.0198035 0.0295162 2.40612
-0.0358125 0.104007 -0.00395863 -0.0104945 0.0112163 -1.9315
-0.0721665 0.0830181 0.00464803 0.0102789 0.011281 1.14612
-0.0980107 0.049939 -0.0121049 0.0152659 0.0194827 2.24122
-0.109581 0.00958713 0.00091894 -0.0249425 0.0249594 -1.53397
-0.105194 -0.0321609 -0.0140678 0.0234768 0.027369 2.11064
-0.0854861 -0.0692252 0.037971 -0.00755868 0.038716 -0.196496
-0.0533291 -0.0962082 -0.0709305 -0.0779866 0.105418 -2.30885
-0.0134056 -0.10918 0.00198755 0.308373 0.308379 1.56435
0.0284701 -0.106252 0.314353 -0.728542 0.793468 -1.16345
# x y Real Imaginary Modulus Phase <-> f = 0 s = 15
0.109996 -0.000959919 0.658896 0.0146156 0.659058 0.0221784
0.102346 0.0403151 -0.529962 0.439962 0.688786 2.44872
0.0797912 0.075719 0.352013 -0.285261 0.453086 -0.681032
0.0456163 0.100096 -0.157244 0.136499 0.208225 2.4267
0.00479813 0.109895 0.0406118 -0.0537654 0.0673797 -0.923879
-0.0367188 0.103691 0.000844338 0.0234188 0.023434 1.53476
-0.0728882 0.0823851 -0.016238 -0.00577496 0.0172343 -2.7999
-0.0984428 0.0490818 0.00456986 0.00811827 0.00931611 1.05809
-0.109661 0.0086305 -0.0171214 0.0205534 0.0267504 2.26535
-0.104909 -0.0330776 -0.00094989 -0.0351676 0.0351804 -1.5978
-0.0848787 -0.0699686 -0.0147548 0.0247972 0.0288549 2.10754
-0.0524875 -0.0966699 0.0490188 0.0101299 0.0500545 0.203786
-0.0124524 -0.109293 -0.0799341 -0.143477 0.164241 -2.07909
0.0293962 -0.105999 0.0036126 0.479426 0.479439 1.56326
0.0669638 -0.0872689 0.0741687 -0.78463 0.788127 -1.47655
