# x y Real Imaginary Modulus Phase <-> f = 0 s = 0
0.10199 0.0412067 0.732792 -0.0368898 0.73372 -0.050299
0.0791274 0.0764124 -0.569108 0.329913 0.657819 2.61623
0.044741 0.10049 0.295757 -0.227664 0.373233 -0.656033
0.00383894 0.109933 -0.0959951 0.107151 0.143862 2.30133
-0.0376222 0.103366 0.0149592 -0.0491372 0.0513638 -1.27527
-0.0736044 0.0817459 0.00304415 0.0135064 0.0138452 1.34911
-0.0988673 0.0482208 -0.0238175 0.000211138 0.0238185 3.13273
-0.109732 0.00767321 0.00317743 0.005113 0.00601987 1.01476
-0.104616 -0.0339919 -0.0190761 0.021207 0.0285243 2.30334
-0.0842649 -0.0707066 0.00876801 -0.0275466 0.0289084 -1.26264
-0.0516419 -0.0971242 -0.0263036 0.0093524 0.0279168 2.79998
-0.0114981 -0.109397 0.0571402 0.0670469 0.0880925 0.865002
0.0303201 -0.105739 -0.0504036 -0.281986 0.286456 -1.74767
0.0677228 -0.0866812 0.12898 0.641872 0.654703 1.37249
0.0952628 -0.055 -0.0161382 -0.637739 0.637943 -1.5961
# x y Real Imaginary Modulus Phase <-> f = 0 s = 1
0.0784575 0.0771 0.817925 -0.0827156 0.822097 -0.100786
0.0438624 0.100877 -0.576523 0.270349 0.636763 2.70311
0.00287946 0.109962 0.237295 -0.174928 0.294803 -0.635243
-0.0385228 0.103034 -0.0565534 0.102458 0.11703 2.07515
-0.0743149 0.0811005 0.00232379 -0.043957 0.0440184 -1.51798
-0.0992844 0.0473562 0.0026711 0.00958145 0.00994681 1.29892
-0.109795 0.00671534 -0.0235717 0.000683785 0.0235816 3.11259
-0.104316 -0.0349035 0.00700585 0.0106126 0.0127165 0.987324
-0.0836447 -0.0714393 -0.0170652 0.0172561 0.0242692 2.35063
-0.0507923 -0.0975712 0.0136068 -0.00606169 0.0148959 -0.419098
-0.010543 -0.109494 -0.0239901 -0.0344779 0.042003 -2.17871
0.0312417 -0.10547 0.013035 0.13992 0.140526 1.4779
0.0684766 -0.0860869 -0.055371 -0.392373 0.39626 -1.71099
0.0957391 -0.0541666 0.190437 0.632478 0.660526 1.27833
0.109059 -0.0143579 0.035188 -0.686215 0.687117 -1.51956
# x y Real Imaginary Modulus Phase <-> f = 0 s = 2
0.0429804 0.101256 0.875127 -0.0810033 0.878868 -0.0922988
0.00191976 0.109983 -0.527279 0.185702 0.559025 2.80297
-0.0394205 0.102694 0.18869 -0.176834 0.2586 -0.752973
-0.0750198 0.0804489 -0.0410665 0.0992588 0.107419 1.96308
-0.0996939 0.046488 0.00170451 -0.0456419 0.0456738 -1.53347
-0.109849 0.00575696 0.00734892 0.0105615 0.0128667 0.962882
-0.104007 -0.0358125 -0.0148478 -0.0039531 0.015365 -2.88139
-0.0830181 -0.0721665 0.0130322 0.0111381 0.0171434 0.707192
-0.049939 -0.0980107 -0.00754971 0.00674676 0.0101251 2.4123
-0.00958713 -0.109581 0.00505513 0.00946747 0.0107325 1.08036
0.0321609 -0.105194 0.00679845 -0.053594 0.0540235 -1.44462
0.0692252 -0.0854861 0.00795079 0.178253 0.17843 1.52622
0.0962082 -0.0533291 -0.088083 -0.361 0.371591 -1.81012
0.10918 -0.0134056 0.103457 0.568566 0.577902 1.3908
0.106252 0.0284701 0.100932 -0.7743 0.780851 -1.44117
# x y Real Imaginary Modulus Phase <-> f = 0 s = 3
0.000959919 0.109996 0.904233 0.00721273 0.904262 0.00797646
-0.0403151 0.102346 -0.482991 0.19869 0.522262 2.75132
-0.075719 0.0797912 0.174382 -0.167072 0.2415 -0.763992
-0.100096 0.0456163 -0.0470593 0.0999605 0.110484 2.0108
-0.109895 0.00479813 0.000975257 -0.0453069 0.0453174 -1.54927
-0.103691 -0.0367188 0.00615362 0.019385 0.0203383 1.26342
-0.0823851 -0.0728882 -0.00674989 -0.00856605 0.0109059 -2.23817
-0.0490818 -0.0984428 0.0112483 0.00349992 0.0117802 0.301656
-0.0086305 -0.109661 -0.00614615 -0.000539244 0.00616976 -3.05408
0.0330776 -0.104909 -0.00316365 0.0106881 0.0111464 1.85858
0.0699686 -0.0848787 0.00620019 -0.0678545 0.0681372 -1.47967
0.0966699 -0.0524875 0.0408646 0.155149 0.160441 1.31326
0.109293 -0.0124524 -0.0805132 -0.28789 0.298937 -1.8435
0.105999 0.0293962 0.0466242 0.527616 0.529672 1.48266
0.0872689 0.0669638 0.147416 -0.792287 0.805885 -1.38684
# x y Real Imaginary Modulus Phase <-> f = 0 s = 4
-0.0412067 0.10199 0.882118 -0.0138195 0.882226 -0.015665
-0.0764124 0.0791274 -0.479508 0.175954 0.510772 2.7899
-0.10049 0.044741 0.200475 -0.169497 0.262526 -0.701863
-0.109933 0.00383894 -0.063992 0.103553 0.12173 2.12432
-0.103366 -0.0376222 0.0231853 -0.0493216 0.0544993 -1.13137
-0.0817459 -0.0736044 -0.00683781 0.0157951 0.0172117 1.97934
-0.0482208 -0.0988673 -0.000870651 -0.00347775 0.00358508 -1.8161
-0.00767321 -0.109732 0.00960488 -0.000235125 0.00960776 -0.0244749
0.0339919 -0.104616 -0.00578203 -0.0014092 0.00595128 -2.90253
0.0707066 -0.0842649 0.00755767 0.0194552 0.0208716 1.20027
0.0971242 -0.0516419 -0.0270707 -0.0421551 0.0500986 -2.14165
0.109397 -0.0114981 0.0495708 0.0932949 0.105647 1.0824
0.105739 0.0303201 -0.0670003 -0.213107 0.223391 -1.87541
0.0866812 0.0677228 0.0109281 0.442328 0.442463 1.5461
0.055 0.0952628 0.228655 -0.741696 0.776142 -1.27175
# x y Real Imaginary Modulus Phase <-> f = 0 s = 5
-0.0771 0.0784575 0.907214 -0.0232581 0.907512 -0.0256312
-0.100877 0.0438624 -0.557874 0.222008 0.600425 2.76285
-0.109962 0.00287946 0.265592 -0.209506 0.338278 -0.66789
-0.103034 -0.0385228 -0.129285 0.117912 0.17498 2.40217
-0.0811005 -0.0743149 0.0570846 -0.0388932 0.0690749 -0.598083
-0.0473562 -0.0992844 -0.0125424 0.00985432 0.0159505 2.47564
-0.00671534 -0.109795 -0.00137422 -0.003045 0.00334074 -1.99473
0.0349035 -0.104316 0.011111 0.00444531 0.0119673 0.380575
0.0714393 -0.0836447 -0.0142946 -0.00246793 0.0145061 -2.97063
0.0975712 -0.0507923 0.0193525 0.00501614 0.019992 0.253618
0.109494 -0.010543 -0.0300517 -0.0198548 0.0360183 -2.55774
0.10547 0.0312417 0.0595737 0.0630953 0.0867758 0.814098
0.0860869 0.0684766 -0.0853092 -0.175646 0.195267 -2.02293
0.0541666 0.0957391 0.0386652 0.406907 0.40874 1.47606
0.0143579 0.109059 0.19723 -0.727597 0.753855 -1.30609
# x y Real Imaginary Modulus Phase <-> f = 0 s = 6
-0.101256 0.0429804 0.846103 -0.0457202 0.847337 -0.0539838
-0.109983 0.00191976 -0.554004 0.310255 0.634964 2.63109
-0.102694 -0.0394205 0.323521 -0.238964 0.402206 -0.636189
-0.0804489 -0.0750198 -0.154072 0.104801 0.186337 2.54427
-0.046488 -0.0996939 0.0450155 -0.0384361 0.0591923 -0.70672
-0.00575696 -0.109849 -0.000326048 0.0173733 0.0173763 1.58956
0.0358125 -0.104007 -0.00964416 0.00302349 0.010107 2.83779
0.0721665 -0.0830181 0.0152329 0.0115704 0.0191289 0.649593
0.0980107 -0.049939 -0.0226969 0.00784044 0.0240129 2.80898
0.109581 -0.00958713 0.00910543 -0.00543437 0.0106038 -0.538084
0.105194 0.0321609 -0.0319768 -0.0106257 0.033696 -2.82078
0.0854861 0.0692252 0.0611694 0.0515887 0.0800193 0.700634
0.0533291 0.0962082 -0.0845327 -0.15796 0.179156 -2.06217
0.0134056 0.10918 0.0307839 0.394404 0.395604 1.4929
-0.0284701 0.106252 0.234299 -0.75096 0.786662 -1.26837
# x y Real Imaginary Modulus Phase <-> f = 0 s = 7
-0.109996 0.000959919 0.764238 -0.0811457 0.768534 -0.105782
-0.102346 -0.0403151 -0.613425 0.354822 0.708653 2.61719
-0.0797912 -0.075719 0.354944 -0.20681 0.410799 -0.527568
-0.0456163 -0.100096 -0.118376 0.0885687 0.147842 2.49925
-0.00479813 -0.109895 0.00540005 -0.0447539 0.0450785 -1.45072
0.0367188 -0.103691 0.00962008 0.0103596 0.0141374 0.822395
0.0728882 -0.0823851 -0.0262253 0.00474276 0.0266507 2.96268
0.0984428 -0.0490818 0.010396 0.00762925 0.012895 0.633096
0.109661 -0.0086305 -0.0242508 0.0125828 0.0273208 2.66297
0.104909 0.0330776 0.00331412 -0.00852231 0.00914402 -1.19992
0.0848787 0.0699686 -0.0292999 -0.0114254 0.0314488 -2.76978
0.0524875 0.0966699 0.061107 0.049518 0.0786517 0.68102
0.0124524 0.109293 -0.0814364 -0.178121 0.195854 -1.99962
-0.0293962 0.105999 0.0115198 0.466473 0.466615 1.54611
-0.0669638 0.0872689 0.152247 -0.769535 0.784451 -1.37548
# x y Real Imaginary Modulus Phase <-> f = 0 s = 8
-0.10199 -0.0412067 0.726944 -0.145784 0.741418 -0.197919
-0.0791274 -0.0764124 -0.621935 0.326637 0.702491 2.65799
-0.044741 -0.10049 0.260228 -0.173756 0.312905 -0.588721
-0.00383894 -0.109933 -0.0266961 0.0927973 0.096561 1.85091
0.0376222 -0.103366 -0.0251693 -0.031026 0.0399513 -2.25235
0.0736044 -0.0817459 0.0233958 -0.00661677 0.0243134 -0.275621
0.0988673 -0.0482208 -0.0342813 0.0056466 0.0347432 2.97834
0.109732 -0.00767321 0.00906076 0.00653716 0.0111728 0.624997
0.104616 0.0339919 -0.0220665 0.0132235 0.0257253 2.60172
0.0842649 0.0707066 0.0113629 -0.0074143 0.0135679 -0.578131
0.0516419 0.0971242 -0.0331982 -0.00860347 0.0342949 -2.88802
0.0114981 0.109397 0.0601079 0.0651887 0.0886709 0.825926
-0.0303201 0.105739 -0.0739789 -0.235705 0.247042 -1.87492
-0.0677228 0.0866812 0.0803732 0.528604 0.53468 1.4199
-0.0952628 0.055 0.0703536 -0.745886 0.749197 -1.47675
# x y Real Imaginary Modulus Phase <-> f = 0 s = 9
-0.0784575 -0.0771 0.862813 -0.0582331 0.864776 -0.0673899
-0.0438624 -0.100877 -0.507911 0.150712 0.5298 2.85314
-0.00287946 -0.109962 0.113447 -0.136957 0.177841 -0.879013
0.0385228 -0.103034 0.0161353 0.0598468 0.0619838 1.30745
0.0743149 -0.0811005 -0.0317102 -0.0117154 0.0338051 -2.7877
0.0992844 -0.0473562 0.0269857 -0.0178295 0.0323438 -0.58386
0.109795 -0.00671534 -0.0338906 0.00460341 0.0342018 3.00659
0.104316 0.0349035 0.0106497 0.0129326 0.0167532 0.881903
0.0836447 0.0714393 -0.0158378 0.00958637 0.018513 2.5973
0.0507923 0.0975712 0.0169338 -0.00179309 0.0170284 -0.105495
0.010543 0.109494 -0.0295197 -0.0241405 0.0381337 -2.45611
-0.0312417 0.10547 0.0437043 0.113324 0.12146 1.20271
-0.0684766 0.0860869 -0.077046 -0.301725 0.311406 -1.82081
-0.0957391 0.0541666 0.0799195 0.595036 0.600379 1.43728
-0.109059 0.0143579 0.00536466 -0.79574 0.795758 -1.56405
# x y Real Imaginary Modulus Phase <-> f = 0 s = 10
-0.0429804 -0.101256 0.896173 0.127671 0.905221 0.14151
-0.00191976 -0.109983 -0.349817 0.112416 0.367436 2.83066
0.0394205 -0.102694 0.0734711 -0.116149 0.137436 -1.00678
0.0750198 -0.0804489 0.00924257 0.0538878 0.0546747 1.40093
0.0996939 -0.046488 -0.0282204 -0.0108619 0.0302386 -2.77417
0.109849 -0.00575696 0.0294532 -0.00266795 0.0295738 -0.0903362
0.104007 0.0358125 -0.0249457 -0.000736526 0.0249566 -3.11208
0.0830181 0.0721665 0.017177 0.0155092 0.0231427 0.734417
0.049939 0.0980107 -0.00892543 0.000107551 0.00892608 3.12954
0.00958713 0.109581 0.0119165 0.00887827 0.0148602 0.640321
-0.0321609 0.105194 -0.00936213 -0.0400792 0.0411581 -1.80027
-0.0692252 0.0854861 0.0251608 0.132455 0.134823 1.38307
-0.0962082 0.0533291 -0.035365 -0.308637 0.310657 -1.68488
-0.10918 0.0134056 0.0463876 0.601509 0.603295 1.49383
-0.106252 -0.0284701 0.119604 -0.782409 0.791498 -1.4191
# x y Real Imaginary Modulus Phase <-> f = 0 s = 11
-0.000959919 -0.109996 0.766197 0.210575 0.794607 0.268209
0.0403151 -0.102346 -0.319729 0.096897 0.334089 2.84733
0.075719 -0.0797912 0.0981428 -0.119329 0.154504 -0.882511
0.100096 -0.0456163 -0.00674784 0.0727932 0.0731053 1.66323
0.109895 -0.00479813 -0.0112043 -0.0340667 0.0358619 -1.88854
0.103691 0.0367188 0.00873961 0.0148423 0.0172242 1.03863
0.0823851 0.0728882 -0.00838798 -0.00532535 0.00993568 -2.57592
0.0490818 0.0984428 0.0107469 0.00521267 0.0119444 0.451606
0.0086305 0.109661 -0.00267648 -0.00165973 0.00314932 -2.58651
-0.0330776 0.104909 0.00661524 0.00749532 0.00999706 0.847688
-0.0699686 0.0848787 -0.0131677 -0.0387223 0.0409 -1.89858
-0.0966699 0.0524875 0.0253959 0.0977981 0.101042 1.31673
-0.109293 0.0124524 -0.0488739 -0.231335 0.236442 -1.779
-0.105999 -0.0293962 -0.000461643 0.4236 0.423601 1.57189
-0.0872689 -0.0669638 0.295064 -0.681361 0.742506 -1.16213
# x y Real Imaginary Modulus Phase <-> f = 0 s = 12
0.0412067 -0.10199 0.822315 0.199915 0.846267 0.238485
0.0764124 -0.0791274 -0.423505 0.104161 0.436126 2.90043
0.10049 -0.044741 0.171912 -0.154945 0.231434 -0.733535
0.109933 -0.00383894 -0.0711979 0.104134 0.126147 2.17051
0.103366 0.0376222 0.036857 -0.051226 0.0631074 -0.947105
0.0817459 0.0736044 -0.016941 0.0134222 0.0216138 2.47157
0.0482208 0.0988673 -0.000926723 -0.00359668 0.00371415 -1.82297
0.00767321 0.109732 0.00491715 0.000430986 0.004936 0.0874262
-0.0339919 0.104616 -0.00120523 -0.000663467 0.00137577 -2.63837
-0.0707066 0.0842649 0.0107153 0.00630931 0.0124349 0.532152
-0.0971242 0.0516419 -0.0305239 -0.01408 0.0336147 -2.7094
-0.109397 0.0114981 0.0620774 0.0388128 0.0732123 0.558766
-0.105739 -0.0303201 -0.0843994 -0.108523 0.137479 -2.2318
-0.0866812 -0.0677228 0.0270766 0.27815 0.279465 1.47376
-0.055 -0.0952628 0.275389 -0.512281 0.581611 -1.07754
# x y Real Imaginary Modulus Phase <-> f = 0 s = 13
0.0771 -0.0784575 0.949665 0.0352311 0.950319 0.0370814
0.100877 -0.0438624 -0.577294 0.239893 0.625154 2.74776
0.109962 -0.00287946 0.337251 -0.226017 0.405983 -0.590427
0.103034 0.0385228 -0.183412 0.1047 0.211192 2.62289
0.0811005 0.0743149 0.0848752 -0.0275588 0.0892372 -0.313958
0.0473562 0.0992844 -0.0277906 0.00033762 0.0277927 3.12944
0.00671534 0.109795 0.00498334 -0.00283014 0.00573091 -0.516498
-0.0349035 0.104316 0.00266166 0.00328191 0.00422557 0.889378
-0.0714393 0.0836447 -0.000592016 0.0103605 0.0103774 1.62788
-0.0975712 0.0507923 0.00567751 -0.00649503 0.00862668 -0.852458
-0.109494 0.010543 -0.0294735 0.00820633 0.0305946 2.87004
-0.10547 -0.0312417 0.0526605 -0.0046703 0.0528672 -0.0884555
-0.0860869 -0.0684766 -0.0730564 -0.0665991 0.0988569 -2.4024
-0.0541666 -0.0957391 0.0250285 0.235979 0.237303 1.46513
-0.0143579 -0.109059 0.304719 -0.533127 0.614067 -1.05154
# x y Real Imaginary Modulus Phase <-> f = 0 s = 14
0.101256 -0.0429804 0.743216 -0.0906562 0.748725 -0.121379
0.109983 -0.00191976 -0.574638 0.44756 0.728367 2.47988
0.102694 0.0394205 0.413817 -0.302513 0.5126 -0.63125
0.0804489 0.0750198 -0.210573 0.125204 0.244984 2.60516
0.046488 0.0996939 0.0927537 -0.0438396 0.102592 -0.441525
0.00575696 0.109849 -0.0227785 0.0200016 0.0303138 2.42101
-0.0358125 0.104007 -0.00222379 -0.011469 0.0116826 -1.76232
-0.0721665 0.0830181 0.00377601 0.0104471 0.0111085 1.22396
-0.0980107 0.049939 -0.0110147 0.0156981 0.0191769 2.18263
-0.109581 0.00958713 0.00128974 -0.0255495 0.025582 -1.52036
-0.105194 -0.0321609 -0.0152382 0.0235486 0.0280489 2.14513
-0.0854861 -0.0692252 0.0386846 -0.00771148 0.0394457 -0.196763
-0.0533291 -0.0962082 -0.0693572 -0.0779145 0.104312 -2.29815
-0.0134056 -0.10918 0.00219004 0.308536 0.308544 1.5637
0.0284701 -0.106252 0.313299 -0.7272 0.791818 -1.164
# x y Real Imaginary Modulus Phase <-> f = 0 s = 15
0.109996 -0.000959919 0.660323 0.0144492 0.660481 0.0218785
0.102346 0.0403151 -0.530232 0.440321 0.689223 2.44857
0.0797912 0.075719 0.350788 -0.285519 0.452298 -0.683182
0.0456163 0.100096 -0.158084 0.135925 0.208485 2.43142
0.00479813 0.109895 0.0397351 -0.0533589 0.0665285 -0.930711
-0.0367188 0.103691 0.00224103 0.0231967 0.0233047 1.47449
-0.0728882 0.0823851 -0.016609 -0.00518793 0.0174004 -2.83884
-0.0984428 0.0490818 0.00472611 0.00806827 0.00935056 1.04091
-0.109661 0.0086305 -0.0181933 0.0185294 0.0259679 2.34704
-0.104909 -0.0330776 -0.000621879 -0.0363585 0.0363638 -1.5879
-0.0848787 -0.0699686 -0.0141814 0.0247633 0.0285365 2.09089
-0.0524875 -0.0966699 0.0492756 0.0106302 0.0504092 0.212473
-0.0124524 -0.109293 -0.080165 -0.144832 0.165537 -2.07633
0.0293962 -0.105999 0.0029779 0.479407 0.479416 1.56458
0.0669638 -0.0872689 0.074912 -0.784437 0.788005 -1.47559
