# x y Real Imaginary Modulus Phase <-> f = 0 s = 0
0.10199 0.0412067 0.741588 -0.0358053 0.742452 -0.0482445
0.0791274 0.0764124 -0.569041 0.327084 0.656347 2.61991
0.044741 0.10049 0.298169 -0.236054 0.380298 -0.669646
0.00383894 0.109933 -0.089854 0.104867 0.138097 2.27925
-0.0376222 0.103366 0.0147689 -0.0576527 0.0595143 -1.32002
-0.0736044 0.0817459 0.0136899 0.0160817 0.0211195 0.865564
-0.0988673 0.0482208 -0.0200542 -0.00420521 0.0204904 -2.9349
-0.109732 0.00767321 0.00216565 0.00151499 0.00264296 0.610427
-0.104616 -0.0339919 -0.0171969 0.0205974 0.0268325 2.26646
-0.0842649 -0.0707066 0.0130416 -0.0320023 0.0345576 -1.18382
-0.0516419 -0.0971242 -0.0290322 0.00687762 0.0298357 2.90898
-0.0114981 -0.109397 0.0565965 0.0738341 0.0930303 0.916796
0.0303201 -0.105739 -0.0501849 -0.2758 0.280328 -1.75079
0.0677228 -0.0866812 0.12571 0.637491 0.649768 1.3761
0.0952628 -0.055 -0.0195999 -0.641202 0.641502 -1.60135
# x y Real Imaginary Modulus Phase <-> f = 0 s = 1
0.0784575 0.0771 0.81808 -0.0792186 0.821906 -0.0965339
0.0438624 0.100877 -0.574368 0.265308 0.632682 2.70888
0.00287946 0.109962 0.228351 -0.171375 0.285505 -0.643815
-0.0385228 0.103034 -0.0608597 0.0984511 0.115743 2.12447
-0.0743149 0.0811005 0.00348543 -0.0422846 0.042428 -1.48855
-0.0992844 0.0473562 0.00769127 0.0132066 0.015283 1.04343
-0.109795 0.00671534 -0.0245156 0.00370156 0.0247935 2.99174
-0.104316 -0.0349035 0.00146101 0.00161099 0.00217482 0.834181
-0.0836447 -0.0714393 -0.0168317 0.0183692 0.0249145 2.31254
-0.0507923 -0.0975712 0.0141637 -0.00449915 0.0148612 -0.307572
-0.010543 -0.109494 -0.0303586 -0.0387925 0.0492596 -2.23483
0.0312417 -0.10547 0.00850177 0.144928 0.145177 1.5122
0.0684766 -0.0860869 -0.0607699 -0.38569 0.390448 -1.72707
0.0957391 -0.0541666 0.188187 0.634055 0.661392 1.28228
0.109059 -0.0143579 0.0332572 -0.687099 0.687904 -1.52243
# x y Real Imaginary Modulus Phase <-> f = 0 s = 2
0.0429804 0.101256 0.871728 -0.0832603 0.875695 -0.095223
0.00191976 0.109983 -0.525748 0.186375 0.557805 2.80092
-0.0394205 0.102694 0.190079 -0.175291 0.258567 -0.744947
-0.0750198 0.0804489 -0.0396129 0.0959634 0.103818 1.96228
-0.0996939 0.046488 0.00434871 -0.0465216 0.0467244 -1.47759
-0.109849 0.00575696 0.00977063 0.0104171 0.0142822 0.817413
-0.104007 -0.0358125 -0.0163959 -0.00418861 0.0169225 -2.89148
-0.0830181 -0.0721665 0.0131546 0.00901692 0.0159483 0.6009
-0.049939 -0.0980107 -0.00835408 0.004016 0.00926925 2.69348
-0.00958713 -0.109581 0.00297515 0.0108417 0.0112425 1.30297
0.0321609 -0.105194 -0.000997246 -0.0510427 0.0510525 -1.59033
0.0692252 -0.0854861 0.00949972 0.17372 0.17398 1.51617
0.0962082 -0.0533291 -0.0857563 -0.357557 0.367698 -1.80619
0.10918 -0.0134056 0.101285 0.568761 0.577709 1.39456
0.106252 0.0284701 0.10458 -0.776442 0.783454 -1.43691
# x y Real Imaginary Modulus Phase <-> f = 0 s = 3
0.000959919 0.109996 0.902604 0.00795044 0.902639 0.00880811
-0.0403151 0.102346 -0.482687 0.199064 0.522123 2.75044
-0.075719 0.0797912 0.174671 -0.168355 0.242597 -0.766987
-0.100096 0.0456163 -0.0478875 0.0994817 0.110408 2.01943
-0.109895 0.00479813 0.00221915 -0.0445114 0.0445666 -1.52098
-0.103691 -0.0367188 0.00581489 0.0215707 0.0223407 1.30748
-0.0823851 -0.0728882 -0.00659367 -0.0102738 0.0122077 -2.14138
-0.0490818 -0.0984428 0.0112267 0.00474303 0.0121875 0.399733
-0.0086305 -0.109661 -0.00326428 -0.000492983 0.00330129 -2.9917
0.0330776 -0.104909 -0.00224526 0.0108113 0.011042 1.77556
0.0699686 -0.0848787 0.00386105 -0.0684423 0.0685511 -1.51444
0.0966699 -0.0524875 0.0401549 0.154975 0.160093 1.31727
0.109293 -0.0124524 -0.0788884 -0.289031 0.299603 -1.83725
0.105999 0.0293962 0.045465 0.526562 0.528521 1.48467
0.0872689 0.0669638 0.145105 -0.789743 0.802963 -1.38909
# x y Real Imaginary Modulus Phase <-> f = 0 s = 4
-0.0412067 0.10199 0.882239 -0.0157405 0.882379 -0.0178397
-0.0764124 0.0791274 -0.479656 0.175771 0.510848 2.79034
-0.10049 0.044741 0.199722 -0.169735 0.262104 -0.704411
-0.109933 0.00383894 -0.0629986 0.103047 0.120779 2.11952
-0.103366 -0.0376222 0.0230291 -0.0527588 0.0575659 -1.15923
-0.0817459 -0.0736044 -0.00813493 0.0156433 0.0176321 2.05034
-0.0482208 -0.0988673 -0.00150999 -0.00153932 0.00215628 -2.34658
-0.00767321 -0.109732 0.00840053 0.00231464 0.00871358 0.268864
0.0339919 -0.104616 -0.00656873 -0.00189022 0.00683529 -2.8614
0.0707066 -0.0842649 0.00896389 0.0155875 0.0179811 1.04891
0.0971242 -0.0516419 -0.0279781 -0.0425471 0.0509218 -2.15248
0.109397 -0.0114981 0.0497606 0.0939775 0.106339 1.08383
0.105739 0.0303201 -0.0679991 -0.211119 0.2218 -1.88239
0.0866812 0.0677228 0.0103748 0.441546 0.441668 1.5473
0.055 0.0952628 0.227705 -0.740752 0.77496 -1.27257
# x y Real Imaginary Modulus Phase <-> f = 0 s = 5
-0.0771 0.0784575 0.907632 -0.0231273 0.907926 -0.0254754
-0.100877 0.0438624 -0.560269 0.222134 0.602698 2.76413
-0.109962 0.00287946 0.265931 -0.210819 0.339358 -0.670309
-0.103034 -0.0385228 -0.128997 0.117142 0.174248 2.40432
-0.0811005 -0.0743149 0.0530452 -0.0374636 0.0649408 -0.614915
-0.0473562 -0.0992844 -0.0102587 0.00860968 0.0133928 2.44337
-0.00671534 -0.109795 0.000649511 0.000509521 0.000825516 0.665199
0.0349035 -0.104316 0.0101509 0.00296752 0.0105758 0.284414
0.0714393 -0.0836447 -0.0131136 -0.00200666 0.0132663 -2.98975
0.0975712 -0.0507923 0.019259 0.0050668 0.0199143 0.257258
0.109494 -0.010543 -0.029418 -0.020812 0.0360355 -2.52588
0.10547 0.0312417 0.0576546 0.0613541 0.0841925 0.816474
0.0860869 0.0684766 -0.0859543 -0.177777 0.197466 -2.02115
0.0541666 0.0957391 0.0405183 0.406703 0.408716 1.4715
0.0143579 0.109059 0.194294 -0.72629 0.751829 -1.3094
# x y Real Imaginary Modulus Phase <-> f = 0 s = 6
-0.101256 0.0429804 0.842516 -0.0429542 0.84361 -0.0509392
-0.109983 0.00191976 -0.555078 0.305786 0.633732 2.63807
-0.102694 -0.0394205 0.324946 -0.232798 0.399731 -0.621661
-0.0804489 -0.0750198 -0.148114 0.107148 0.182807 2.51532
-0.046488 -0.0996939 0.0489612 -0.0334773 0.0593122 -0.599737
-0.00575696 -0.109849 -0.00805802 0.0178735 0.0196059 1.99435
0.0358125 -0.104007 -0.0135838 -0.00696825 0.0152668 -2.66761
0.0721665 -0.0830181 0.020221 0.0124868 0.0237657 0.5532
0.0980107 -0.049939 -0.0141209 0.0161885 0.0214818 2.28808
0.109581 -0.00958713 -0.00431475 -0.00527578 0.00681549 -2.25632
0.105194 0.0321609 -0.0201052 -0.00741177 0.0214278 -2.7884
0.0854861 0.0692252 0.0599436 0.0452463 0.075103 0.646575
0.0533291 0.0962082 -0.0803217 -0.158204 0.177426 -2.04059
0.0134056 0.10918 0.0293899 0.388623 0.389733 1.49531
-0.0284701 0.106252 0.232283 -0.746299 0.781612 -1.26905
# x y Real Imaginary Modulus Phase <-> f = 0 s = 7
-0.109996 0.000959919 0.770472 -0.085994 0.775256 -0.111152
-0.102346 -0.0403151 -0.606758 0.339838 0.695446 2.63104
-0.0797912 -0.075719 0.363236 -0.218662 0.423973 -0.541877
-0.0456163 -0.100096 -0.110624 0.0875705 0.141089 2.47199
-0.00479813 -0.109895 0.00285108 -0.0563194 0.0563915 -1.52022
0.0367188 -0.103691 0.0123645 0.0087883 0.0151695 0.617917
0.0728882 -0.0823851 -0.0283265 0.002481 0.028435 3.05423
0.0984428 -0.0490818 0.00974984 0.00205264 0.00996356 0.2075
0.109661 -0.0086305 -0.0382604 0.0196869 0.0430283 2.66637
0.104909 0.0330776 0.000257851 -0.00563175 0.00563765 -1.52504
0.0848787 0.0699686 -0.0312682 -0.0135102 0.0340621 -2.73375
0.0524875 0.0966699 0.0548626 0.0456848 0.0713934 0.694372
0.0124524 0.109293 -0.0802994 -0.170067 0.188071 -2.01193
-0.0293962 0.105999 0.0146651 0.450149 0.450388 1.53823
-0.0669638 0.0872689 0.155558 -0.760472 0.776219 -1.36902
# x y Real Imaginary Modulus Phase <-> f = 0 s = 8
-0.10199 -0.0412067 0.740742 -0.153756 0.756532 -0.204664
-0.0791274 -0.0764124 -0.621553 0.318738 0.698514 2.66775
-0.044741 -0.10049 0.252355 -0.184953 0.312874 -0.632471
-0.00383894 -0.109933 -0.0205568 0.0946351 0.096842 1.78469
0.0376222 -0.103366 -0.0225216 -0.0227973 0.0320459 -2.35011
0.0736044 -0.0817459 0.015856 -0.00763052 0.0175965 -0.448526
0.0988673 -0.0482208 -0.0331873 0.0138999 0.0359806 2.74496
0.109732 -0.00767321 0.00295139 0.00302379 0.0042254 0.797514
0.104616 0.0339919 -0.0204374 0.0161752 0.0260639 2.47209
0.0842649 0.0707066 0.0107425 -0.0116945 0.0158796 -0.827802
0.0516419 0.0971242 -0.0195997 -0.0129337 0.0234826 -2.55829
0.0114981 0.109397 0.0579878 0.066367 0.0881315 0.852677
-0.0303201 0.105739 -0.0796908 -0.242912 0.25565 -1.8878
-0.0677228 0.0866812 0.0747199 0.527152 0.532421 1.42999
-0.0952628 0.055 0.060889 -0.733538 0.736061 -1.48798
# x y Real Imaginary Modulus Phase <-> f = 0 s = 9
-0.0784575 -0.0771 0.861522 -0.0455487 0.862725 -0.0528208
-0.0438624 -0.100877 -0.499733 0.144073 0.520086 2.8609
-0.00287946 -0.109962 0.117073 -0.134005 0.177942 -0.852735
0.0385228 -0.103034 0.0123547 0.0630011 0.064201 1.37715
0.0743149 -0.0811005 -0.0229427 -0.0191399 0.0298782 -2.44631
0.0992844 -0.0473562 0.0278016 -0.0274862 0.039095 -0.779693
0.109795 -0.00671534 -0.0383683 -0.0157491 0.0414748 -2.75209
0.104316 0.0349035 0.00943303 0.0200601 0.0221673 1.13124
0.0836447 0.0714393 -0.00776736 0.00111307 0.00784671 2.99926
0.0507923 0.0975712 0.00519618 0.00618083 0.00807483 0.87173
0.010543 0.109494 -0.0293772 -0.0276834 0.0403657 -2.38587
-0.0312417 0.10547 0.0401464 0.124887 0.131181 1.25977
-0.0684766 0.0860869 -0.0765442 -0.296662 0.306378 -1.82331
-0.0957391 0.0541666 0.0790814 0.606879 0.61201 1.44122
-0.109059 0.0143579 0.0205559 -0.803045 0.803308 -1.5452
# x y Real Imaginary Modulus Phase <-> f = 0 s = 10
-0.0429804 -0.101256 0.898102 0.121333 0.906261 0.134286
-0.00191976 -0.109983 -0.348055 0.119796 0.368095 2.81011
0.0394205 -0.102694 0.0662539 -0.109155 0.127689 -1.02527
0.0750198 -0.0804489 0.0105111 0.0602462 0.0611563 1.39807
0.0996939 -0.046488 -0.0289103 -0.0115954 0.031149 -2.76015
0.109849 -0.00575696 0.0334322 -0.00442212 0.0337234 -0.131508
0.104007 0.0358125 -0.0453723 -0.000374904 0.0453739 -3.13333
0.0830181 0.0721665 0.0167676 0.0130818 0.021267 0.662543
0.049939 0.0980107 -0.0230889 -0.000686906 0.0230991 -3.11185
0.00958713 0.109581 0.0156593 0.0201756 0.0255395 0.910768
-0.0321609 0.105194 0.00140667 -0.0458543 0.0458759 -1.54013
-0.0692252 0.0854861 0.0254235 0.128145 0.130642 1.37494
-0.0962082 0.0533291 -0.0390777 -0.304234 0.306733 -1.69854
-0.10918 0.0134056 0.0515077 0.589735 0.59198 1.48368
-0.106252 -0.0284701 0.13399 -0.777768 0.789225 -1.4002
# x y Real Imaginary Modulus Phase <-> f = 0 s = 11
-0.000959919 -0.109996 0.759251 0.21094 0.788009 0.270992
0.0403151 -0.102346 -0.312135 0.0992007 0.32752 2.83387
0.075719 -0.0797912 0.101683 -0.120177 0.157423 -0.868565
0.100096 -0.0456163 -0.00513742 0.0742013 0.074379 1.63992
0.109895 -0.00479813 0.000102063 -0.0423965 0.0423966 -1.56839
0.103691 0.0367188 0.0103958 0.029816 0.0315764 1.23531
0.0823851 0.0728882 -0.00583155 -0.0107873 0.0122626 -2.06639
0.0490818 0.0984428 0.00907359 0.00515372 0.0104351 0.516551
0.0086305 0.109661 -0.00582903 -0.0101607 0.011714 -2.09164
-0.0330776 0.104909 0.00767322 0.00417002 0.00873311 0.497802
-0.0699686 0.0848787 -0.0146238 -0.025278 0.0292033 -2.09527
-0.0966699 0.0524875 0.027734 0.0960756 0.0999985 1.28977
-0.109293 0.0124524 -0.0402911 -0.24064 0.24399 -1.73669
-0.105999 -0.0293962 -0.00235351 0.434741 0.434748 1.57621
-0.0872689 -0.0669638 0.292927 -0.674943 0.735768 -1.16132
# x y Real Imaginary Modulus Phase <-> f = 0 s = 12
0.0412067 -0.10199 0.817886 0.203628 0.842853 0.244008
0.0764124 -0.0791274 -0.420441 0.103895 0.433087 2.89934
0.10049 -0.044741 0.177118 -0.156507 0.236359 -0.723699
0.109933 -0.00383894 -0.0666061 0.102955 0.122622 2.14502
0.103366 0.0376222 0.032402 -0.0526565 0.0618272 -1.01917
0.0817459 0.0736044 -0.0131617 0.00990104 0.01647 2.49665
0.0482208 0.0988673 -0.00328714 -0.00482642 0.00583949 -2.16871
0.00767321 0.109732 0.00855631 0.00828279 0.0119086 0.769157
-0.0339919 0.104616 -0.0044515 0.00189199 0.00483689 2.7397
-0.0707066 0.0842649 0.00909994 0.00139189 0.00920578 0.15178
-0.0971242 0.0516419 -0.0309975 -0.0157965 0.0347904 -2.67029
-0.109397 0.0114981 0.0692317 0.0377514 0.0788555 0.499221
-0.105739 -0.0303201 -0.0789073 -0.10989 0.135285 -2.19354
-0.0866812 -0.0677228 0.0251528 0.278879 0.280011 1.48085
-0.055 -0.0952628 0.276569 -0.513688 0.583408 -1.0769
# x y Real Imaginary Modulus Phase <-> f = 0 s = 13
0.0771 -0.0784575 0.945733 0.0333429 0.946321 0.0352415
0.100877 -0.0438624 -0.580064 0.242347 0.628655 2.74584
0.109962 -0.00287946 0.339823 -0.231225 0.411028 -0.59747
0.103034 0.0385228 -0.185636 0.114586 0.218153 2.58858
0.0811005 0.0743149 0.0918745 -0.0242707 0.0950262 -0.258272
0.0473562 0.0992844 -0.0286643 7.81314e-05 0.0286645 3.13887
0.00671534 0.109795 0.00185075 0.00265059 0.00323279 0.961251
-0.0349035 0.104316 0.0118226 0.0096179 0.0152407 0.682929
-0.0714393 0.0836447 -0.0084335 0.0163617 0.0184073 2.04672
-0.0975712 0.0507923 -0.00278762 0.00492629 0.00566031 2.08574
-0.109494 0.010543 -0.0244708 0.00712656 0.0254874 2.8582
-0.10547 -0.0312417 0.0501671 -0.00381358 0.0503118 -0.0758717
-0.0860869 -0.0684766 -0.0721761 -0.064826 0.0970144 -2.40979
-0.0541666 -0.0957391 0.0293156 0.235486 0.237304 1.44694
-0.0143579 -0.109059 0.299873 -0.535954 0.614142 -1.06068
# x y Real Imaginary Modulus Phase <-> f = 0 s = 14
0.101256 -0.0429804 0.737294 -0.0870964 0.742421 -0.117585
0.109983 -0.00191976 -0.576032 0.45058 0.731325 2.47779
0.102694 0.0394205 0.406675 -0.301418 0.506199 -0.63783
0.0804489 0.0750198 -0.200699 0.115871 0.231746 2.618
0.046488 0.0996939 0.0972847 -0.0400618 0.105211 -0.390637
0.00575696 0.109849 -0.0217355 0.0265424 0.0343064 2.25696
-0.0358125 0.104007 0.00108435 -0.00610631 0.00620184 -1.39505
-0.0721665 0.0830181 0.00386051 0.0112445 0.0118887 1.24008
-0.0980107 0.049939 -0.00926447 0.0239 0.0256328 1.9406
-0.109581 0.00958713 -0.0069552 -0.021358 0.022462 -1.88561
-0.105194 -0.0321609 -0.0103067 0.0280535 0.0298869 1.92288
-0.0854861 -0.0692252 0.0410357 -0.0129254 0.0430232 -0.305142
-0.0533291 -0.0962082 -0.0675727 -0.0734629 0.0998142 -2.31445
-0.0134056 -0.10918 -0.00549671 0.318744 0.318791 1.58804
0.0284701 -0.106252 0.315154 -0.73399 0.798789 -1.16523
# x y Real Imaginary Modulus Phase <-> f = 0 s = 15
0.109996 -0.000959919 0.662073 0.0158128 0.662262 0.0238792
0.102346 0.0403151 -0.530909 0.441928 0.690772 2.44741
0.0797912 0.075719 0.350619 -0.28668 0.452901 -0.685405
0.0456163 0.100096 -0.157484 0.138014 0.209402 2.42199
0.00479813 0.109895 0.0453395 -0.048491 0.0663856 -0.818973
-0.0367188 0.103691 0.00263929 0.0217251 0.0218848 1.4499
-0.0728882 0.0823851 -0.0111961 -0.00463329 0.012117 -2.74922
-0.0984428 0.0490818 0.000739788 -0.001727 0.00187878 -1.16608
-0.109661 0.0086305 -0.0156645 0.0253164 0.0297707 2.12489
-0.104909 -0.0330776 0.00592588 -0.0352151 0.0357102 -1.40408
-0.0848787 -0.0699686 -0.0124024 0.0226455 0.0258194 2.07185
-0.0524875 -0.0966699 0.0490888 0.0102435 0.0501462 0.205722
-0.0124524 -0.109293 -0.0814289 -0.157603 0.177396 -2.04769
0.0293962 -0.105999 0.00324718 0.479027 0.479038 1.56402
0.0669638 -0.0872689 0.0730484 -0.780189 0.783601 -1.47744
