# x y Real Imaginary Modulus Phase <-> f = 0 s = 0
0.10199 0.0412067 0.733226 -0.0361466 0.734116 -0.0492581
0.0791274 0.0764124 -0.568319 0.330068 0.657215 2.61543
0.044741 0.10049 0.297243 -0.226731 0.373845 -0.65163
0.00383894 0.109933 -0.0958626 0.106742 0.143469 2.30255
-0.0376222 0.103366 0.0145202 -0.0490394 0.0511439 -1.28293
-0.0736044 0.0817459 0.00340874 0.0144999 0.0148952 1.3399
-0.0988673 0.0482208 -0.0242084 -0.000276921 0.02421 -3.13015
-0.109732 0.00767321 0.00350127 0.0050566 0.00615045 0.965178
-0.104616 -0.0339919 -0.0192414 0.0206701 0.0282398 2.32041
-0.0842649 -0.0707066 0.00900119 -0.0284496 0.0298396 -1.26437
-0.0516419 -0.0971242 -0.0257594 0.00946736 0.0274441 2.78939
-0.0114981 -0.109397 0.0574481 0.0669397 0.0882112 0.861557
0.0303201 -0.105739 -0.0496417 -0.282745 0.287069 -1.7446
0.0677228 -0.0866812 0.128821 0.640956 0.653773 1.37246
0.0952628 -0.055 -0.0162807 -0.636925 0.637133 -1.59635
# x y Real Imaginary Modulus Phase <-> f = 0 s = 1
0.0784575 0.0771 0.817805 -0.0825984 0.821966 -0.100659
0.0438624 0.100877 -0.57549 0.269959 0.635663 2.70297
0.00287946 0.109962 0.236343 -0.174284 0.293654 -0.635401
-0.0385228 0.103034 -0.0575505 0.103703 0.118602 2.07743
-0.0743149 0.0811005 0.00203617 -0.0442143 0.0442611 -1.52478
-0.0992844 0.0473562 0.00274668 0.0101471 0.0105123 1.30645
-0.109795 0.00671534 -0.0232156 0.00132654 0.0232534 3.08451
-0.104316 -0.0349035 0.00707002 0.0111571 0.0132086 1.00598
-0.0836447 -0.0714393 -0.0170612 0.0177853 0.0246455 2.33542
-0.0507923 -0.0975712 0.0132218 -0.00614516 0.0145801 -0.435072
-0.010543 -0.109494 -0.024278 -0.0344378 0.0421353 -2.18486
0.0312417 -0.10547 0.0128615 0.140013 0.140602 1.47919
0.0684766 -0.0860869 -0.0554303 -0.392994 0.396884 -1.71092
0.0957391 -0.0541666 0.190982 0.632781 0.660973 1.27768
0.109059 -0.0143579 0.0358775 -0.686553 0.68749 -1.51859
# x y Real Imaginary Modulus Phase <-> f = 0 s = 2
0.0429804 0.101256 0.874628 -0.0809331 0.878364 -0.0922716
0.00191976 0.109983 -0.52676 0.18597 0.558624 2.80221
-0.0394205 0.102694 0.187889 -0.176912 0.25807 -0.755317
-0.0750198 0.0804489 -0.0409098 0.0991881 0.107293 1.96199
-0.0996939 0.046488 0.00214155 -0.0454694 0.0455198 -1.52373
-0.109849 0.00575696 0.00867356 0.0111438 0.0141214 0.90941
-0.104007 -0.0358125 -0.0149195 -0.00419067 0.0154969 -2.86776
-0.0830181 -0.0721665 0.0137671 0.0117197 0.01808 0.705241
-0.049939 -0.0980107 -0.00830392 0.00691557 0.0108065 2.44716
-0.00958713 -0.109581 0.00472524 0.00946545 0.0105793 1.10778
0.0321609 -0.105194 0.00702286 -0.0539736 0.0544285 -1.44141
0.0692252 -0.0854861 0.00805548 0.178258 0.17844 1.52564
0.0962082 -0.0533291 -0.0876928 -0.360907 0.371408 -1.80916
0.10918 -0.0134056 0.10296 0.568095 0.57735 1.3915
0.106252 0.0284701 0.100895 -0.774297 0.780842 -1.44122
# x y Real Imaginary Modulus Phase <-> f = 0 s = 3
0.000959919 0.109996 0.904421 0.00678318 0.904446 0.00749989
-0.0403151 0.102346 -0.48276 0.198601 0.522015 2.75131
-0.075719 0.0797912 0.174314 -0.166963 0.241375 -0.763863
-0.100096 0.0456163 -0.0470248 0.0999004 0.110415 2.01074
-0.109895 0.00479813 0.000928456 -0.0449911 0.0450007 -1.55016
-0.103691 -0.0367188 0.00614869 0.0193507 0.0203041 1.26313
-0.0823851 -0.0728882 -0.0068695 -0.0084434 0.0108849 -2.25377
-0.0490818 -0.0984428 0.0110868 0.00349393 0.0116243 0.305292
-0.0086305 -0.109661 -0.00615711 -0.000589543 0.00618527 -3.04613
0.0330776 -0.104909 -0.00353648 0.0106529 0.0112246 1.89132
0.0699686 -0.0848787 0.00614539 -0.0678731 0.0681508 -1.4805
0.0966699 -0.0524875 0.0412514 0.154739 0.160143 1.31027
0.109293 -0.0124524 -0.0804605 -0.287481 0.298529 -1.84369
0.105999 0.0293962 0.0466053 0.527722 0.529776 1.48271
0.0872689 0.0669638 0.147569 -0.792344 0.805969 -1.38666
# x y Real Imaginary Modulus Phase <-> f = 0 s = 4
-0.0412067 0.10199 0.881955 -0.0131571 0.882054 -0.014917
-0.0764124 0.0791274 -0.479593 0.176242 0.51095 2.78943
-0.10049 0.044741 0.201304 -0.169615 0.263235 -0.700172
-0.109933 0.00383894 -0.0642066 0.10367 0.121942 2.12531
-0.103366 -0.0376222 0.0227707 -0.0495796 0.0545586 -1.14026
-0.0817459 -0.0736044 -0.00676338 0.015941 0.0173164 1.97205
-0.0482208 -0.0988673 -0.000805899 -0.00355507 0.00364527 -1.79372
-0.00767321 -0.109732 0.00964253 -0.000464903 0.00965373 -0.0481765
0.0339919 -0.104616 -0.00574885 -0.00120411 0.0058736 -2.93513
0.0707066 -0.0842649 0.00757426 0.0195134 0.0209319 1.20054
0.0971242 -0.0516419 -0.0275303 -0.0424754 0.050617 -2.14587
0.109397 -0.0114981 0.04955 0.0931869 0.105541 1.08209
0.105739 0.0303201 -0.067167 -0.212555 0.222915 -1.87687
0.0866812 0.0677228 0.0105344 0.442566 0.442692 1.547
0.055 0.0952628 0.228618 -0.741283 0.775736 -1.27164
# x y Real Imaginary Modulus Phase <-> f = 0 s = 5
-0.0771 0.0784575 0.906961 -0.0231638 0.907257 -0.0255345
-0.100877 0.0438624 -0.558203 0.222205 0.600804 2.76275
-0.109962 0.00287946 0.265424 -0.209626 0.33822 -0.668476
-0.103034 -0.0385228 -0.129172 0.118334 0.175181 2.39995
-0.0811005 -0.0743149 0.0567723 -0.0386466 0.0686779 -0.597676
-0.0473562 -0.0992844 -0.0124903 0.00989498 0.0159348 2.47162
-0.00671534 -0.109795 -0.00206846 -0.00301893 0.00365958 -2.1715
0.0349035 -0.104316 0.0116974 0.00482949 0.0126551 0.391552
0.0714393 -0.0836447 -0.0144556 -0.00277256 0.014719 -2.9521
0.0975712 -0.0507923 0.0197642 0.00532037 0.0204678 0.262959
0.109494 -0.010543 -0.0298223 -0.0201836 0.0360104 -2.54661
0.10547 0.0312417 0.0597111 0.0638581 0.0874258 0.818946
0.0860869 0.0684766 -0.085064 -0.175352 0.194896 -2.02246
0.0541666 0.0957391 0.0389853 0.40681 0.408674 1.47526
0.0143579 0.109059 0.196785 -0.727103 0.753261 -1.30649
# x y Real Imaginary Modulus Phase <-> f = 0 s = 6
-0.101256 0.0429804 0.845302 -0.0463528 0.846572 -0.0547809
-0.109983 0.00191976 -0.555967 0.309522 0.63632 2.6336
-0.102694 -0.0394205 0.324768 -0.239158 0.403325 -0.634738
-0.0804489 -0.0750198 -0.154594 0.10426 0.186466 2.54825
-0.046488 -0.0996939 0.044406 -0.0385502 0.0588049 -0.714925
-0.00575696 -0.109849 0.000204994 0.0181286 0.0181298 1.55949
0.0358125 -0.104007 -0.0093774 0.00204975 0.00959881 2.92639
0.0721665 -0.0830181 0.0154721 0.0109329 0.018945 0.615156
0.0980107 -0.049939 -0.0217414 0.00751576 0.0230038 2.80876
0.109581 -0.00958713 0.00847574 -0.00469221 0.00968788 -0.505607
0.105194 0.0321609 -0.0314932 -0.0115601 0.0335479 -2.7898
0.0854861 0.0692252 0.062871 0.0511265 0.0810351 0.682736
0.0533291 0.0962082 -0.0864933 -0.157052 0.179294 -2.0742
0.0134056 0.10918 0.0316409 0.394166 0.395434 1.49069
-0.0284701 0.106252 0.233555 -0.750747 0.786237 -1.26919
# x y Real Imaginary Modulus Phase <-> f = 0 s = 7
-0.109996 0.000959919 0.765455 -0.0791151 0.769533 -0.102991
-0.102346 -0.0403151 -0.612556 0.355643 0.708313 2.61557
-0.0797912 -0.075719 0.354521 -0.206863 0.41046 -0.528199
-0.0456163 -0.100096 -0.117654 0.08857 0.147266 2.4963
-0.00479813 -0.109895 0.00442846 -0.042697 0.042926 -1.46745
0.0367188 -0.103691 0.00947467 0.00952187 0.0134326 0.787883
0.0728882 -0.0823851 -0.0259568 0.00375015 0.0262263 2.99811
0.0984428 -0.0490818 0.0095495 0.00517634 0.0108622 0.496722
0.109661 -0.0086305 -0.0245693 0.0133147 0.0279452 2.64497
0.104909 0.0330776 0.00328531 -0.00692702 0.00766661 -1.12794
0.0848787 0.0699686 -0.0292256 -0.0129018 0.0319467 -2.72587
0.0524875 0.0966699 0.0608859 0.0529722 0.0807041 0.716005
0.0124524 0.109293 -0.0811095 -0.17669 0.194417 -2.00115
-0.0293962 0.105999 0.0118397 0.466399 0.466549 1.54542
-0.0669638 0.0872689 0.153219 -0.769185 0.784297 -1.37417
# x y Real Imaginary Modulus Phase <-> f = 0 s = 8
-0.10199 -0.0412067 0.727431 -0.145749 0.741888 -0.197743
-0.0791274 -0.0764124 -0.622845 0.327188 0.703554 2.6579
-0.044741 -0.10049 0.259552 -0.173101 0.31198 -0.588179
-0.00383894 -0.109933 -0.0257171 0.091646 0.0951859 1.84437
0.0376222 -0.103366 -0.0252285 -0.031662 0.040484 -2.24359
0.0736044 -0.0817459 0.0226137 -0.00722063 0.0237385 -0.309071
0.0988673 -0.0482208 -0.0359719 0.00520379 0.0363463 2.99793
0.109732 -0.00767321 0.00922286 0.00546538 0.0107206 0.534954
0.104616 0.0339919 -0.0225478 0.0141596 0.0266251 2.58085
0.0842649 0.0707066 0.0100442 -0.00798735 0.0128329 -0.671822
0.0516419 0.0971242 -0.0354604 -0.00916032 0.0366244 -2.88879
0.0114981 0.109397 0.0611953 0.0655124 0.0896478 0.819456
-0.0303201 0.105739 -0.0744351 -0.235323 0.246815 -1.87715
-0.0677228 0.0866812 0.0805592 0.527037 0.533159 1.41912
-0.0952628 0.055 0.0688543 -0.748001 0.751163 -1.479
# x y Real Imaginary Modulus Phase <-> f = 0 s = 9
-0.0784575 -0.0771 0.863262 -0.0596269 0.865319 -0.0689622
-0.0438624 -0.100877 -0.507101 0.152015 0.529396 2.85034
-0.00287946 -0.109962 0.11473 -0.137371 0.17898 -0.874967
0.0385228 -0.103034 0.0144881 0.0585341 0.0603005 1.32816
0.0743149 -0.0811005 -0.0305087 -0.0134645 0.0333478 -2.72597
0.0992844 -0.0473562 0.0290369 -0.0169828 0.0336386 -0.529221
0.109795 -0.00671534 -0.0329678 0.00473814 0.0333065 2.99885
0.104316 0.0349035 0.0100823 0.0117012 0.0154457 0.859579
0.0836447 0.0714393 -0.0159884 0.00987683 0.0187931 2.58822
0.0507923 0.0975712 0.0185737 0.000429687 0.0185787 0.02313
0.010543 0.109494 -0.029998 -0.0246068 0.0387992 -2.45461
-0.0312417 0.10547 0.0426809 0.113058 0.120846 1.20982
-0.0684766 0.0860869 -0.0747555 -0.300467 0.309627 -1.81464
-0.0957391 0.0541666 0.0780717 0.597219 0.602301 1.44081
-0.109059 0.0143579 0.00410314 -0.795569 0.79558 -1.56564
# x y Real Imaginary Modulus Phase <-> f = 0 s = 10
-0.0429804 -0.101256 0.896283 0.127894 0.905362 0.141737
-0.00191976 -0.109983 -0.347931 0.116203 0.366823 2.81926
0.0394205 -0.102694 0.0727121 -0.11599 0.136897 -1.01085
0.0750198 -0.0804489 0.010633 0.0536119 0.0546562 1.375
0.0996939 -0.046488 -0.0279946 -0.0117705 0.0303684 -2.74358
0.109849 -0.00575696 0.0295278 -0.0013696 0.0295595 -0.0463502
0.104007 0.0358125 -0.0255208 -0.000985319 0.0255398 -3.103
0.0830181 0.0721665 0.0145311 0.0135046 0.0198375 0.748802
0.049939 0.0980107 -0.0101325 -0.000230753 0.0101351 -3.11882
0.00958713 0.109581 0.0112016 0.00788694 0.0136996 0.613466
-0.0321609 0.105194 -0.0104461 -0.0410381 0.0423468 -1.82005
-0.0692252 0.0854861 0.0238696 0.132362 0.134497 1.39238
-0.0962082 0.0533291 -0.0347147 -0.306416 0.308376 -1.68361
-0.10918 0.0134056 0.046169 0.601742 0.603511 1.49422
-0.106252 -0.0284701 0.119552 -0.781333 0.790427 -1.41896
# x y Real Imaginary Modulus Phase <-> f = 0 s = 11
-0.000959919 -0.109996 0.766864 0.209249 0.794899 0.266379
0.0403151 -0.102346 -0.319943 0.0975813 0.334493 2.84556
0.075719 -0.0797912 0.0984656 -0.11802 0.153702 -0.87548
0.100096 -0.0456163 -0.0076983 0.0718395 0.0722508 1.67755
0.109895 -0.00479813 -0.0114084 -0.0321698 0.0341328 -1.91159
0.103691 0.0367188 0.00840922 0.0177579 0.0196483 1.12853
0.0823851 0.0728882 -0.0084892 -0.005387 0.0100542 -2.57614
0.0490818 0.0984428 0.0110861 0.00612326 0.0126648 0.504634
0.0086305 0.109661 -0.0034808 -0.00278767 0.00445949 -2.46632
-0.0330776 0.104909 0.00623995 0.0084973 0.0105423 0.93739
-0.0699686 0.0848787 -0.0129389 -0.0387896 0.0408907 -1.89276
-0.0966699 0.0524875 0.0271242 0.0978901 0.101578 1.30049
-0.109293 0.0124524 -0.0491977 -0.231062 0.236241 -1.78058
-0.105999 -0.0293962 -0.000231799 0.424719 0.424719 1.57134
-0.0872689 -0.0669638 0.295916 -0.680741 0.742277 -1.16074
# x y Real Imaginary Modulus Phase <-> f = 0 s = 12
0.0412067 -0.10199 0.82081 0.198841 0.844551 0.237671
0.0764124 -0.0791274 -0.423299 0.103426 0.435751 2.90195
0.10049 -0.044741 0.171759 -0.153511 0.230362 -0.729355
0.109933 -0.00383894 -0.0708558 0.104225 0.126029 2.16786
0.103366 0.0376222 0.0363878 -0.0511552 0.0627768 -0.952512
0.0817459 0.0736044 -0.0162662 0.0132704 0.0209927 2.45728
0.0482208 0.0988673 -0.00046477 -0.00311717 0.00315163 -1.71881
0.00767321 0.109732 0.00594975 0.00166863 0.0061793 0.273429
-0.0339919 0.104616 -0.000739149 -0.000419959 0.000850121 -2.62491
-0.0707066 0.0842649 0.0106276 0.00623462 0.0123214 0.530542
-0.0971242 0.0516419 -0.0311236 -0.0146084 0.0343814 -2.70275
-0.109397 0.0114981 0.0615495 0.0396467 0.0732134 0.572247
-0.105739 -0.0303201 -0.0850008 -0.107391 0.13696 -2.24034
-0.0866812 -0.0677228 0.0259944 0.27779 0.279004 1.47749
-0.055 -0.0952628 0.275117 -0.512752 0.581897 -1.07834
# x y Real Imaginary Modulus Phase <-> f = 0 s = 13
0.0771 -0.0784575 0.949837 0.0353354 0.950494 0.0371844
0.100877 -0.0438624 -0.576606 0.239445 0.624346 2.748
0.109962 -0.00287946 0.338222 -0.224626 0.406018 -0.586249
0.103034 0.0385228 -0.183011 0.104761 0.210874 2.62169
0.0811005 0.0743149 0.0847616 -0.0274243 0.0890877 -0.312916
0.0473562 0.0992844 -0.029431 0.000348496 0.029433 3.12975
0.00671534 0.109795 0.00440874 -0.00321387 0.00545582 -0.62991
-0.0349035 0.104316 0.00253709 0.00496552 0.00557613 1.09843
-0.0714393 0.0836447 -0.000821834 0.00977056 0.00980506 1.65471
-0.0975712 0.0507923 0.0045203 -0.00826613 0.00942136 -1.07038
-0.109494 0.010543 -0.0286963 0.00955767 0.0302461 2.82009
-0.10547 -0.0312417 0.052483 -0.0054169 0.0527618 -0.102848
-0.0860869 -0.0684766 -0.0715144 -0.0662479 0.0974838 -2.3944
-0.0541666 -0.0957391 0.0242807 0.23635 0.237594 1.46842
-0.0143579 -0.109059 0.304404 -0.533682 0.614393 -1.05244
# x y Real Imaginary Modulus Phase <-> f = 0 s = 14
0.101256 -0.0429804 0.741148 -0.0907073 0.746678 -0.121782
0.109983 -0.00191976 -0.573669 0.448174 0.72798 2.4784
0.102694 0.0394205 0.414144 -0.302621 0.512927 -0.631043
0.0804489 0.0750198 -0.210349 0.125333 0.244857 2.60424
0.046488 0.0996939 0.0913139 -0.0438272 0.101287 -0.44749
0.00575696 0.109849 -0.0213421 0.0204988 0.029592 2.37635
-0.0358125 0.104007 -0.00312632 -0.00991145 0.0103928 -1.87634
-0.0721665 0.0830181 0.00446119 0.00944099 0.010442 1.12936
-0.0980107 0.049939 -0.0110129 0.015842 0.0192939 2.17827
-0.109581 0.00958713 0.00230086 -0.0245168 0.0246245 -1.47722
-0.105194 -0.0321609 -0.0135381 0.0237807 0.0273643 2.08833
-0.0854861 -0.0692252 0.0378736 -0.0074253 0.0385947 -0.193599
-0.0533291 -0.0962082 -0.069438 -0.077525 0.104076 -2.30122
-0.0134056 -0.10918 0.00308421 0.308214 0.30823 1.56079
0.0284701 -0.106252 0.313176 -0.728236 0.792721 -1.16466
# x y Real Imaginary Modulus Phase <-> f = 0 s = 15
0.109996 -0.000959919 0.658986 0.0152666 0.659163 0.0231627
0.102346 0.0403151 -0.530257 0.439715 0.688855 2.44927
0.0797912 0.075719 0.35129 -0.284926 0.452314 -0.681464
0.0456163 0.100096 -0.156859 0.136642 0.208028 2.42497
0.00479813 0.109895 0.0409717 -0.0537776 0.0676071 -0.919739
-0.0367188 0.103691 0.000200516 0.0241401 0.024141 1.56249
-0.0728882 0.0823851 -0.016101 -0.00447369 0.016711 -2.87058
-0.0984428 0.0490818 0.00503716 0.00758853 0.00910817 0.984791
-0.109661 0.0086305 -0.0168732 0.0198653 0.0260641 2.27493
-0.104909 -0.0330776 -0.00102573 -0.0358116 0.0358263 -1.59943
-0.0848787 -0.0699686 -0.013166 0.0249064 0.0281722 2.05708
-0.0524875 -0.0966699 0.0498496 0.0102853 0.0508996 0.203471
-0.0124524 -0.109293 -0.080301 -0.145083 0.165823 -2.07631
0.0293962 -0.105999 0.00313021 0.479787 0.479797 1.56427
0.0669638 -0.0872689 0.0751879 -0.784833 0.788426 -1.47529
