# x y Real Imaginary Modulus Phase <-> f = 0 s = 0
0.10199 0.0412067 0.733165 -0.0363069 0.734063 -0.0494804
0.0791274 0.0764124 -0.569896 0.326907 0.657001 2.62079
0.044741 0.10049 0.296261 -0.226419 0.372876 -0.652562
0.00383894 0.109933 -0.0955694 0.10583 0.142595 2.30529
-0.0376222 0.103366 0.0150938 -0.0490644 0.0513336 -1.27235
-0.0736044 0.0817459 0.00323667 0.0120942 0.0125198 1.3093
-0.0988673 0.0482208 -0.0244059 -0.000142368 0.0244063 -3.13576
-0.109732 0.00767321 0.00236396 0.00456715 0.00514269 1.09317
-0.104616 -0.0339919 -0.019557 0.0203367 0.0282145 2.33665
-0.0842649 -0.0707066 0.00977566 -0.0297727 0.0313365 -1.25354
-0.0516419 -0.0971242 -0.0250292 0.00903862 0.0266112 2.79504
-0.0114981 -0.109397 0.0569515 0.0706134 0.0907179 0.892089
0.0303201 -0.105739 -0.0472484 -0.28225 0.286177 -1.73666
0.0677228 -0.0866812 0.129637 0.642442 0.655391 1.37168
0.0952628 -0.055 -0.0156351 -0.637047 0.637239 -1.59533
# x y Real Imaginary Modulus Phase <-> f = 0 s = 1
0.0784575 0.0771 0.817566 -0.082633 0.821731 -0.10073
0.0438624 0.100877 -0.57832 0.270809 0.638586 2.70365
0.00287946 0.109962 0.236599 -0.17383 0.293592 -0.63364
-0.0385228 0.103034 -0.0561461 0.102241 0.116643 2.07299
-0.0743149 0.0811005 0.00234246 -0.042709 0.0427732 -1.516
-0.0992844 0.0473562 0.00126584 0.00897592 0.00906474 1.43069
-0.109795 0.00671534 -0.0245627 0.00145636 0.0246058 3.08237
-0.104316 -0.0349035 0.00675406 0.0101872 0.0122227 0.985338
-0.0836447 -0.0714393 -0.0173029 0.0184195 0.0252719 2.32495
-0.0507923 -0.0975712 0.013002 -0.00546553 0.014104 -0.397936
-0.010543 -0.109494 -0.0240455 -0.0330921 0.0409056 -2.19917
0.0312417 -0.10547 0.0118451 0.141969 0.142463 1.48755
0.0684766 -0.0860869 -0.0533891 -0.392252 0.395869 -1.70607
0.0957391 -0.0541666 0.188406 0.633283 0.660715 1.28163
0.109059 -0.0143579 0.0357148 -0.686348 0.687277 -1.51881
# x y Real Imaginary Modulus Phase <-> f = 0 s = 2
0.0429804 0.101256 0.876078 -0.0792168 0.879653 -0.0901768
0.00191976 0.109983 -0.527171 0.184819 0.55863 2.8044
-0.0394205 0.102694 0.18888 -0.176864 0.25876 -0.752557
-0.0750198 0.0804489 -0.0399659 0.0988131 0.106589 1.95514
-0.0996939 0.046488 0.00247047 -0.0465035 0.046569 -1.51772
-0.109849 0.00575696 0.00968143 0.0111732 0.0147841 0.856808
-0.104007 -0.0358125 -0.0155305 -0.00370447 0.0159662 -2.90744
-0.0830181 -0.0721665 0.0127835 0.0106467 0.0166364 0.694451
-0.049939 -0.0980107 -0.00748694 0.00699629 0.0102471 2.39006
-0.00958713 -0.109581 0.00403303 0.0093697 0.0102008 1.16433
0.0321609 -0.105194 0.00809195 -0.0530419 0.0536556 -1.41941
0.0692252 -0.0854861 0.00731389 0.178116 0.178267 1.52976
0.0962082 -0.0533291 -0.088205 -0.361117 0.371733 -1.81036
0.10918 -0.0134056 0.10431 0.567992 0.57749 1.38917
0.106252 0.0284701 0.100867 -0.773563 0.780112 -1.44114
# x y Real Imaginary Modulus Phase <-> f = 0 s = 3
0.000959919 0.109996 0.904748 0.00646038 0.904771 0.0071404
-0.0403151 0.102346 -0.483595 0.198206 0.522637 2.75262
-0.075719 0.0797912 0.174119 -0.167215 0.241409 -0.765176
-0.100096 0.0456163 -0.0470962 0.0999719 0.11051 2.01105
-0.109895 0.00479813 0.00118829 -0.0454951 0.0455106 -1.54468
-0.103691 -0.0367188 0.00677508 0.0198997 0.0210214 1.24264
-0.0823851 -0.0728882 -0.00667347 -0.00910186 0.0112862 -2.20346
-0.0490818 -0.0984428 0.0116813 0.00340438 0.0121673 0.283584
-0.0086305 -0.109661 -0.0063348 6.03469e-05 0.00633509 3.13207
0.0330776 -0.104909 -0.00282448 0.0102963 0.0106767 1.83853
0.0699686 -0.0848787 0.00623495 -0.0673764 0.0676643 -1.47852
0.0966699 -0.0524875 0.0407055 0.154757 0.160021 1.31359
0.109293 -0.0124524 -0.0805846 -0.287747 0.298818 -1.84386
0.105999 0.0293962 0.0458418 0.528356 0.530341 1.48425
0.0872689 0.0669638 0.1473 -0.791788 0.805373 -1.38686
# x y Real Imaginary Modulus Phase <-> f = 0 s = 4
-0.0412067 0.10199 0.882643 -0.0131976 0.882742 -0.0149513
-0.0764124 0.0791274 -0.4797 0.175584 0.510825 2.79071
-0.10049 0.044741 0.201369 -0.170077 0.263583 -0.701352
-0.109933 0.00383894 -0.0647929 0.103606 0.122198 2.12967
-0.103366 -0.0376222 0.0227056 -0.0501032 0.055008 -1.1453
-0.0817459 -0.0736044 -0.00757456 0.0167743 0.0184052 1.99495
-0.0482208 -0.0988673 -8.91419e-05 -0.00263337 0.00263488 -1.60463
-0.00767321 -0.109732 0.00926214 -0.00010588 0.00926274 -0.011431
0.0339919 -0.104616 -0.00597911 -0.000992449 0.00606092 -2.97711
0.0707066 -0.0842649 0.00723788 0.0197471 0.0210318 1.21947
0.0971242 -0.0516419 -0.0269001 -0.0420169 0.0498902 -2.14027
0.109397 -0.0114981 0.0494466 0.0941427 0.106338 1.08717
0.105739 0.0303201 -0.0681052 -0.213156 0.223772 -1.88005
0.0866812 0.0677228 0.0111533 0.442162 0.442302 1.54558
0.055 0.0952628 0.228702 -0.741158 0.775641 -1.27149
# x y Real Imaginary Modulus Phase <-> f = 0 s = 5
-0.0771 0.0784575 0.907882 -0.0232068 0.908179 -0.0255559
-0.100877 0.0438624 -0.557708 0.222733 0.60054 2.76163
-0.109962 0.00287946 0.265783 -0.209 0.338115 -0.666366
-0.103034 -0.0385228 -0.128242 0.119674 0.175408 2.39074
-0.0811005 -0.0743149 0.0570633 -0.0379241 0.0685161 -0.586569
-0.0473562 -0.0992844 -0.012586 0.0094936 0.015765 2.49535
-0.00671534 -0.109795 -0.00205581 -0.00453757 0.00498156 -1.9962
0.0349035 -0.104316 0.0118264 0.00417434 0.0125415 0.339317
0.0714393 -0.0836447 -0.014243 -0.00212591 0.0144008 -2.99343
0.0975712 -0.0507923 0.0193446 0.00585576 0.0202115 0.293938
0.109494 -0.010543 -0.0295976 -0.0201142 0.0357855 -2.5447
0.10547 0.0312417 0.0584333 0.0633164 0.0861593 0.825484
0.0860869 0.0684766 -0.0849198 -0.176172 0.195571 -2.01996
0.0541666 0.0957391 0.0380435 0.407204 0.408977 1.47764
0.0143579 0.109059 0.196819 -0.726361 0.752555 -1.30618
# x y Real Imaginary Modulus Phase <-> f = 0 s = 6
-0.101256 0.0429804 0.84429 -0.0455408 0.845517 -0.0538876
-0.109983 0.00191976 -0.554615 0.312747 0.636717 2.62814
-0.102694 -0.0394205 0.323681 -0.240025 0.402966 -0.63807
-0.0804489 -0.0750198 -0.153803 0.0992743 0.183059 2.56841
-0.046488 -0.0996939 0.0430609 -0.0370303 0.0567934 -0.710244
-0.00575696 -0.109849 -0.000481345 0.0194511 0.0194571 1.59554
0.0358125 -0.104007 -0.0122263 0.00445586 0.0130129 2.7921
0.0721665 -0.0830181 0.0150714 0.0118912 0.0191975 0.667992
0.0980107 -0.049939 -0.0214525 0.00929945 0.0233814 2.73255
0.109581 -0.00958713 0.00652682 -0.00254905 0.00700693 -0.372334
0.105194 0.0321609 -0.0336582 -0.0105659 0.0352777 -2.83742
0.0854861 0.0692252 0.0620243 0.0505195 0.0799952 0.683527
0.0533291 0.0962082 -0.0874504 -0.156657 0.179413 -2.07994
0.0134056 0.10918 0.0301698 0.394791 0.395942 1.49452
-0.0284701 0.106252 0.232264 -0.74729 0.782553 -1.26945
# x y Real Imaginary Modulus Phase <-> f = 0 s = 7
-0.109996 0.000959919 0.763261 -0.079106 0.767349 -0.103273
-0.102346 -0.0403151 -0.612258 0.354053 0.707258 2.6173
-0.0797912 -0.075719 0.350911 -0.205831 0.406823 -0.53048
-0.0456163 -0.100096 -0.119003 0.088951 0.148573 2.49971
-0.00479813 -0.109895 0.00573546 -0.0440254 0.0443975 -1.44125
0.0367188 -0.103691 0.0089508 0.0106667 0.0139247 0.872646
0.0728882 -0.0823851 -0.0287948 0.00768467 0.0298026 2.88079
0.0984428 -0.0490818 0.00881567 0.00479944 0.0100375 0.49855
0.109661 -0.0086305 -0.0244541 0.0118419 0.0271705 2.69062
0.104909 0.0330776 0.00313001 -0.00812841 0.00871022 -1.20323
0.0848787 0.0699686 -0.0302935 -0.0154777 0.0340185 -2.66924
0.0524875 0.0966699 0.0630728 0.0519234 0.0816959 0.688746
0.0124524 0.109293 -0.0779347 -0.173963 0.190622 -1.99198
-0.0293962 0.105999 0.0122775 0.465359 0.465521 1.54442
-0.0669638 0.0872689 0.152989 -0.770613 0.785652 -1.37482
# x y Real Imaginary Modulus Phase <-> f = 0 s = 8
-0.10199 -0.0412067 0.731294 -0.147815 0.746083 -0.199441
-0.0791274 -0.0764124 -0.620484 0.323419 0.699715 2.6611
-0.044741 -0.10049 0.261094 -0.174484 0.31403 -0.589119
-0.00383894 -0.109933 -0.0283758 0.0937958 0.0979941 1.86457
0.0376222 -0.103366 -0.0262994 -0.0279271 0.0383611 -2.32619
0.0736044 -0.0817459 0.0242088 -0.00671545 0.0251229 -0.270593
0.0988673 -0.0482208 -0.0361969 0.00509705 0.036554 3.0017
0.109732 -0.00767321 0.0103832 0.00690029 0.012467 0.586544
0.104616 0.0339919 -0.0228175 0.0145538 0.0270639 2.57382
0.0842649 0.0707066 0.0116496 -0.00665824 0.0134181 -0.519232
0.0516419 0.0971242 -0.0389643 -0.00705686 0.0395982 -2.96242
0.0114981 0.109397 0.0560082 0.0628875 0.0842126 0.843194
-0.0303201 0.105739 -0.0730611 -0.232599 0.243804 -1.87514
-0.0677228 0.0866812 0.0799968 0.527427 0.533459 1.42027
-0.0952628 0.055 0.0703895 -0.749292 0.752591 -1.47713
# x y Real Imaginary Modulus Phase <-> f = 0 s = 9
-0.0784575 -0.0771 0.864768 -0.0618508 0.866977 -0.0714014
-0.0438624 -0.100877 -0.505249 0.152502 0.527763 2.84845
-0.00287946 -0.109962 0.114111 -0.139867 0.180511 -0.886465
0.0385228 -0.103034 0.0188213 0.0571319 0.0601522 1.25256
0.0743149 -0.0811005 -0.0294708 -0.0123266 0.0319448 -2.74544
0.0992844 -0.0473562 0.0275362 -0.0163919 0.0320458 -0.536946
0.109795 -0.00671534 -0.034433 0.00244986 0.0345201 3.07056
0.104316 0.0349035 0.0106032 0.0139686 0.017537 0.921514
0.0836447 0.0714393 -0.0185603 0.0115073 0.0218381 2.5866
0.0507923 0.0975712 0.0163827 -0.00119167 0.0164259 -0.0726119
0.010543 0.109494 -0.0298358 -0.0221821 0.0371782 -2.50228
-0.0312417 0.10547 0.0462285 0.10885 0.11826 1.16918
-0.0684766 0.0860869 -0.0773563 -0.300104 0.309913 -1.82307
-0.0957391 0.0541666 0.0794944 0.593348 0.598649 1.43761
-0.109059 0.0143579 0.00603965 -0.798927 0.79895 -1.56324
# x y Real Imaginary Modulus Phase <-> f = 0 s = 10
-0.0429804 -0.101256 0.897419 0.129128 0.906661 0.142907
-0.00191976 -0.109983 -0.350863 0.112617 0.368494 2.83101
0.0394205 -0.102694 0.0718162 -0.114619 0.135259 -1.01107
0.0750198 -0.0804489 0.0119978 0.0532794 0.0546136 1.3493
0.0996939 -0.046488 -0.0306066 -0.011603 0.0327322 -2.77923
0.109849 -0.00575696 0.0313029 -0.00409477 0.0315695 -0.130073
0.104007 0.0358125 -0.0265496 -0.00537665 0.0270886 -2.94178
0.0830181 0.0721665 0.0147217 0.0129322 0.0195952 0.720777
0.049939 0.0980107 -0.0111116 0.00472387 0.012074 2.73961
0.00958713 0.109581 0.0142294 0.0079025 0.0162765 0.506953
-0.0321609 0.105194 -0.00733826 -0.04434 0.0449431 -1.73481
-0.0692252 0.0854861 0.0251396 0.129074 0.131499 1.37843
-0.0962082 0.0533291 -0.0330568 -0.30925 0.311011 -1.67729
-0.10918 0.0134056 0.0462421 0.601612 0.603387 1.49408
-0.106252 -0.0284701 0.120434 -0.781175 0.790404 -1.41783
# x y Real Imaginary Modulus Phase <-> f = 0 s = 11
-0.000959919 -0.109996 0.765675 0.210725 0.794143 0.268567
0.0403151 -0.102346 -0.317991 0.0940154 0.331598 2.85413
0.075719 -0.0797912 0.0956086 -0.120589 0.153892 -0.900434
0.100096 -0.0456163 -0.00690797 0.0776903 0.0779968 1.65948
0.109895 -0.00479813 -0.0135157 -0.0343337 0.0368982 -1.94582
0.103691 0.0367188 0.00664313 0.0180012 0.0191879 1.21726
0.0823851 0.0728882 -0.00606483 -0.00447176 0.00753517 -2.50625
0.0490818 0.0984428 0.0111894 0.00356654 0.011744 0.308563
0.0086305 0.109661 -0.00760199 -0.000684916 0.00763278 -3.05174
-0.0330776 0.104909 0.00567916 0.00877439 0.0104519 0.996362
-0.0699686 0.0848787 -0.0101119 -0.0384073 0.0397161 -1.82823
-0.0966699 0.0524875 0.0235831 0.0966101 0.0994468 1.33137
-0.109293 0.0124524 -0.0488926 -0.230852 0.235973 -1.7795
-0.105999 -0.0293962 -0.000888749 0.423398 0.423399 1.5729
-0.0872689 -0.0669638 0.295 -0.681692 0.742784 -1.16238
# x y Real Imaginary Modulus Phase <-> f = 0 s = 12
0.0412067 -0.10199 0.820404 0.198746 0.844134 0.237675
0.0764124 -0.0791274 -0.421862 0.103634 0.434405 2.9007
0.10049 -0.044741 0.171647 -0.155511 0.231617 -0.736118
0.109933 -0.00383894 -0.072436 0.103762 0.126545 2.18024
0.103366 0.0376222 0.0347999 -0.0525148 0.0629987 -0.985567
0.0817459 0.0736044 -0.0182505 0.0114613 0.0215509 2.58084
0.0482208 0.0988673 -0.0024341 -0.00272756 0.00365574 -2.2994
0.00767321 0.109732 0.00403549 0.00268046 0.00484459 0.586308
-0.0339919 0.104616 -0.000230108 0.00220152 0.00221351 1.67494
-0.0707066 0.0842649 0.00928855 0.00628551 0.0112154 0.594912
-0.0971242 0.0516419 -0.0309201 -0.0152634 0.0344822 -2.68305
-0.109397 0.0114981 0.0617781 0.0398602 0.0735212 0.573005
-0.105739 -0.0303201 -0.0852237 -0.107693 0.137335 -2.24025
-0.0866812 -0.0677228 0.0253249 0.277485 0.278638 1.47978
-0.055 -0.0952628 0.27567 -0.513602 0.582907 -1.07819
# x y Real Imaginary Modulus Phase <-> f = 0 s = 13
0.0771 -0.0784575 0.95197 0.0374265 0.952705 0.0392946
0.100877 -0.0438624 -0.5783 0.24065 0.626373 2.74726
0.109962 -0.00287946 0.335611 -0.225785 0.404492 -0.592208
0.103034 0.0385228 -0.186886 0.108479 0.216088 2.61567
0.0811005 0.0743149 0.0836599 -0.0279399 0.0882021 -0.322324
0.0473562 0.0992844 -0.0282707 0.00355335 0.0284931 3.01656
0.00671534 0.109795 0.00553118 -0.00398012 0.00681435 -0.623746
-0.0349035 0.104316 0.00070409 0.00483961 0.00489056 1.42633
-0.0714393 0.0836447 -0.00170387 0.00914375 0.00930114 1.75503
-0.0975712 0.0507923 0.00534358 -0.00654701 0.00845087 -0.886263
-0.109494 0.010543 -0.0285002 0.0112276 0.030632 2.76632
-0.10547 -0.0312417 0.0514326 -0.00400956 0.0515887 -0.0778002
-0.0860869 -0.0684766 -0.0712186 -0.0666084 0.0975129 -2.38963
-0.0541666 -0.0957391 0.0235879 0.237001 0.238172 1.4716
-0.0143579 -0.109059 0.303738 -0.533436 0.613849 -1.05318
# x y Real Imaginary Modulus Phase <-> f = 0 s = 14
0.101256 -0.0429804 0.743059 -0.0915277 0.748675 -0.12256
0.109983 -0.00191976 -0.57553 0.447633 0.729116 2.48055
0.102694 0.0394205 0.413083 -0.304135 0.512967 -0.634646
0.0804489 0.0750198 -0.210117 0.124075 0.244016 2.60818
0.046488 0.0996939 0.0936755 -0.042461 0.10285 -0.425577
0.00575696 0.109849 -0.0198701 0.0193435 0.0277307 2.36962
-0.0358125 0.104007 -0.00105494 -0.0114576 0.0115061 -1.66261
-0.0721665 0.0830181 0.00119529 0.00920111 0.00927842 1.44161
-0.0980107 0.049939 -0.00892609 0.0149996 0.0174546 2.1076
-0.109581 0.00958713 0.00101735 -0.0281737 0.028192 -1.5347
-0.105194 -0.0321609 -0.0126758 0.021954 0.0253506 2.09442
-0.0854861 -0.0692252 0.0356055 -0.00788259 0.0364676 -0.217873
-0.0533291 -0.0962082 -0.0654192 -0.0769745 0.101019 -2.27522
-0.0134056 -0.10918 0.00162003 0.306739 0.306743 1.56551
0.0284701 -0.106252 0.313292 -0.729521 0.793948 -1.16516
# x y Real Imaginary Modulus Phase <-> f = 0 s = 15
0.109996 -0.000959919 0.656258 0.0129058 0.656385 0.0196632
0.102346 0.0403151 -0.530899 0.442662 0.691233 2.44658
0.0797912 0.075719 0.352351 -0.287707 0.454892 -0.684741
0.0456163 0.100096 -0.159266 0.138996 0.211389 2.42405
0.00479813 0.109895 0.0422373 -0.054815 0.0692003 -0.914277
-0.0367188 0.103691 -0.00144216 0.021917 0.0219644 1.6365
-0.0728882 0.0823851 -0.0135741 -0.00510073 0.0145008 -2.78215
-0.0984428 0.0490818 0.00480673 0.00825303 0.00955077 1.0434
-0.109661 0.0086305 -0.0187512 0.0178014 0.0258553 2.38217
-0.104909 -0.0330776 -0.000503081 -0.0349953 0.0349989 -1.58517
-0.0848787 -0.0699686 -0.019006 0.0231365 0.029942 2.25849
-0.0524875 -0.0966699 0.0490087 0.00973567 0.0499664 0.196099
-0.0124524 -0.109293 -0.0749033 -0.142593 0.161069 -2.05447
0.0293962 -0.105999 0.00211832 0.480077 0.480082 1.56638
0.0669638 -0.0872689 0.0728727 -0.785511 0.788884 -1.47829
