# x y Real Imaginary Modulus Phase <-> f = 0 s = 0
0.10199 0.0412067 0.741487 -0.0423611 0.742696 -0.057068
0.0791274 0.0764124 -0.579027 0.327787 0.66537 2.62647
0.044741 0.10049 0.297278 -0.228019 0.374655 -0.654308
0.00383894 0.109933 -0.0935645 0.104378 0.140175 2.30162
-0.0376222 0.103366 0.0269717 -0.0410578 0.0491245 -0.989572
-0.0736044 0.0817459 0.00261671 0.00453026 0.00523168 1.047
-0.0988673 0.0482208 -0.0298178 0.00419437 0.0301114 3.00184
-0.109732 0.00767321 0.0063235 0.00190003 0.00660278 0.291889
-0.104616 -0.0339919 -0.0232288 0.0133115 0.0267726 2.62122
-0.0842649 -0.0707066 0.0220436 -0.0154668 0.0269285 -0.611831
-0.0516419 -0.0971242 -0.0236683 -0.00521678 0.0242364 -2.92465
-0.0114981 -0.109397 0.0598043 0.0696591 0.0918093 0.861372
0.0303201 -0.105739 -0.0416468 -0.278828 0.281921 -1.71906
0.0677228 -0.0866812 0.130808 0.631448 0.644854 1.36653
0.0952628 -0.055 -0.00947953 -0.623445 0.623517 -1.586
# x y Real Imaginary Modulus Phase <-> f = 0 s = 1
0.0784575 0.0771 0.815064 -0.0660158 0.817733 -0.0808182
0.0438624 0.100877 -0.589101 0.270848 0.648381 2.71065
0.00287946 0.109962 0.23124 -0.171412 0.287844 -0.637891
-0.0385228 0.103034 -0.0556781 0.105814 0.119569 2.05517
-0.0743149 0.0811005 0.000100759 -0.0408529 0.040853 -1.56833
-0.0992844 0.0473562 0.00773214 0.0127726 0.0149307 1.02644
-0.109795 0.00671534 -0.024445 -0.00417346 0.0247987 -2.97249
-0.104316 -0.0349035 0.00624722 0.0130066 0.0144291 1.12302
-0.0836447 -0.0714393 -0.0181857 0.0310775 0.0360074 2.10024
-0.0507923 -0.0975712 0.0184618 -0.0145306 0.0234942 -0.666802
-0.010543 -0.109494 -0.0184192 -0.0261446 0.0319814 -2.18454
0.0312417 -0.10547 0.00997506 0.139229 0.139586 1.49927
0.0684766 -0.0860869 -0.0431892 -0.389128 0.391517 -1.68133
0.0957391 -0.0541666 0.198558 0.631182 0.661677 1.26602
0.109059 -0.0143579 0.0206842 -0.686511 0.686822 -1.54068
# x y Real Imaginary Modulus Phase <-> f = 0 s = 2
0.0429804 0.101256 0.873877 -0.0844968 0.877953 -0.0963922
0.00191976 0.109983 -0.526312 0.185395 0.558011 2.80291
-0.0394205 0.102694 0.182118 -0.18259 0.257888 -0.786692
-0.0750198 0.0804489 -0.0393174 0.0979406 0.105538 1.95254
-0.0996939 0.046488 0.0130284 -0.045544 0.0473709 -1.29217
-0.109849 0.00575696 0.0128318 0.00823978 0.0152496 0.570827
-0.104007 -0.0358125 -0.018725 -0.00559828 0.0195439 -2.85108
-0.0830181 -0.0721665 0.0133764 0.0118574 0.0178753 0.725272
-0.049939 -0.0980107 -0.0139676 0.00373726 0.0144589 2.88015
-0.00958713 -0.109581 -0.000496488 0.00766038 0.00767645 1.63552
0.0321609 -0.105194 0.0039506 -0.0504664 0.0506208 -1.49267
0.0692252 -0.0854861 0.00223358 0.17648 0.176494 1.55814
0.0962082 -0.0533291 -0.0875569 -0.353953 0.364622 -1.8133
0.10918 -0.0134056 0.10971 0.566673 0.577196 1.37956
0.106252 0.0284701 0.0920026 -0.768974 0.774458 -1.45172
# x y Real Imaginary Modulus Phase <-> f = 0 s = 3
0.000959919 0.109996 0.905134 0.0068483 0.90516 0.00756591
-0.0403151 0.102346 -0.480512 0.197343 0.519457 2.7519
-0.075719 0.0797912 0.174583 -0.167057 0.241634 -0.763373
-0.100096 0.0456163 -0.0464779 0.101516 0.11165 2.00015
-0.109895 0.00479813 0.00288318 -0.0404434 0.040546 -1.49963
-0.103691 -0.0367188 0.00693086 0.0188835 0.0201152 1.21903
-0.0823851 -0.0728882 -0.00667574 -0.00611017 0.00904985 -2.4004
-0.0490818 -0.0984428 0.0072478 0.0058186 0.00929445 0.676452
-0.0086305 -0.109661 -0.00613781 0.000587085 0.00616582 3.04623
0.0330776 -0.104909 0.0027536 0.0134952 0.0137733 1.36952
0.0699686 -0.0848787 0.00726589 -0.0683062 0.0686916 -1.46482
0.0966699 -0.0524875 0.0404281 0.152424 0.157694 1.31153
0.109293 -0.0124524 -0.0823425 -0.287349 0.298915 -1.84988
0.105999 0.0293962 0.0452047 0.528736 0.530665 1.48551
0.0872689 0.0669638 0.148002 -0.79128 0.805002 -1.38589
# x y Real Imaginary Modulus Phase <-> f = 0 s = 4
-0.0412067 0.10199 0.883035 -0.0154044 0.88317 -0.0174431
-0.0764124 0.0791274 -0.479669 0.176297 0.511041 2.78938
-0.10049 0.044741 0.199726 -0.16926 0.261801 -0.703018
-0.109933 0.00383894 -0.0627048 0.102477 0.120139 2.11991
-0.103366 -0.0376222 0.0223931 -0.0519708 0.0565899 -1.16396
-0.0817459 -0.0736044 -0.00500966 0.0171747 0.0178904 1.85461
-0.0482208 -0.0988673 -0.00217972 -0.0049327 0.00539284 -1.98689
-0.00767321 -0.109732 0.0130092 0.00484281 0.0138814 0.356366
0.0339919 -0.104616 -0.00766359 0.00224355 0.00798525 2.8568
0.0707066 -0.0842649 0.00602342 0.0167537 0.0178036 1.22566
0.0971242 -0.0516419 -0.0299835 -0.0432591 0.0526342 -2.17689
0.109397 -0.0114981 0.0522818 0.0937485 0.107341 1.06207
0.105739 0.0303201 -0.0684597 -0.215056 0.22569 -1.87899
0.0866812 0.0677228 0.00877892 0.44333 0.443417 1.551
0.055 0.0952628 0.22789 -0.740548 0.774819 -1.27226
# x y Real Imaginary Modulus Phase <-> f = 0 s = 5
-0.0771 0.0784575 0.907237 -0.0215708 0.907494 -0.0237718
-0.100877 0.0438624 -0.562594 0.22118 0.60451 2.76701
-0.109962 0.00287946 0.263333 -0.214715 0.339775 -0.684045
-0.103034 -0.0385228 -0.125721 0.118096 0.172489 2.38745
-0.0811005 -0.0743149 0.0571616 -0.0321907 0.0656025 -0.512885
-0.0473562 -0.0992844 -0.0116857 0.00711795 0.0136829 2.5945
-0.00671534 -0.109795 -0.00355359 -0.00346895 0.00496604 -2.36825
0.0349035 -0.104316 0.0110595 0.00523378 0.0122354 0.442011
0.0714393 -0.0836447 -0.0186246 -0.0091916 0.0207692 -2.68314
0.0975712 -0.0507923 0.0147562 0.00532622 0.0156881 0.346394
0.109494 -0.010543 -0.0306418 -0.0211288 0.0372203 -2.53792
0.10547 0.0312417 0.0587554 0.0655217 0.0880073 0.83979
0.0860869 0.0684766 -0.0849469 -0.173483 0.193164 -2.02613
0.0541666 0.0957391 0.0416708 0.403463 0.405609 1.46788
0.0143579 0.109059 0.203068 -0.725218 0.753112 -1.29778
# x y Real Imaginary Modulus Phase <-> f = 0 s = 6
-0.101256 0.0429804 0.853618 -0.0400232 0.854556 -0.0468523
-0.109983 0.00191976 -0.558692 0.294797 0.631697 2.65607
-0.102694 -0.0394205 0.317996 -0.240852 0.398913 -0.648225
-0.0804489 -0.0750198 -0.169072 0.103316 0.19814 2.59307
-0.046488 -0.0996939 0.0351307 -0.0352205 0.0497459 -0.786675
-0.00575696 -0.109849 -0.00580548 0.0310341 0.0315725 1.75573
0.0358125 -0.104007 -0.008399 0.00878148 0.0121514 2.33394
0.0721665 -0.0830181 0.0131046 0.0200379 0.0239426 0.991619
0.0980107 -0.049939 -0.0216505 0.00982751 0.0237765 2.71549
0.109581 -0.00958713 -0.0120792 -0.011066 0.0163818 -2.39994
0.105194 0.0321609 -0.0262958 -0.0123475 0.0290504 -2.70259
0.0854861 0.0692252 0.0515074 0.0438174 0.0676238 0.7049
0.0533291 0.0962082 -0.0888489 -0.145534 0.170511 -2.1189
0.0134056 0.10918 0.0389361 0.372963 0.37499 1.46678
-0.0284701 0.106252 0.225242 -0.737326 0.770963 -1.27432
# x y Real Imaginary Modulus Phase <-> f = 0 s = 7
-0.109996 0.000959919 0.770518 -0.0865266 0.775361 -0.111828
-0.102346 -0.0403151 -0.620173 0.374464 0.724457 2.59838
-0.0797912 -0.075719 0.354344 -0.203087 0.408416 -0.520432
-0.0456163 -0.100096 -0.114342 0.110679 0.159135 2.37247
-0.00479813 -0.109895 -0.00973746 -0.0438889 0.0449561 -1.78913
0.0367188 -0.103691 0.0114682 -0.00561226 0.0127678 -0.455112
0.0728882 -0.0823851 -0.0497082 0.0126263 0.0512868 2.89284
0.0984428 -0.0490818 0.0180278 0.0126426 0.022019 0.611584
0.109661 -0.0086305 -0.0325067 0.00634706 0.0331205 2.94876
0.104909 0.0330776 0.00175328 0.00170903 0.00244842 0.77262
0.0848787 0.0699686 -0.0156952 -0.0149143 0.0216512 -2.3817
0.0524875 0.0966699 0.0464593 0.0468373 0.0659711 0.78945
0.0124524 0.109293 -0.0732877 -0.191131 0.204701 -1.93695
-0.0293962 0.105999 0.011345 0.459886 0.460026 1.54613
-0.0669638 0.0872689 0.150197 -0.782487 0.796772 -1.38115
# x y Real Imaginary Modulus Phase <-> f = 0 s = 8
-0.10199 -0.0412067 0.737018 -0.147632 0.751659 -0.197694
-0.0791274 -0.0764124 -0.635887 0.335885 0.719146 2.65563
-0.044741 -0.10049 0.265914 -0.164138 0.312492 -0.553013
-0.00383894 -0.109933 -0.0217271 0.0933651 0.0958598 1.79944
0.0376222 -0.103366 -0.0230905 -0.0122447 0.0261362 -2.654
0.0736044 -0.0817459 0.0140589 -0.0128483 0.0190456 -0.740437
0.0988673 -0.0482208 -0.0442473 0.00512819 0.0445435 3.02621
0.109732 -0.00767321 0.0172135 -0.012932 0.02153 -0.644312
0.104616 0.0339919 -0.0292833 -0.00127729 0.0293111 -3.098
0.0842649 0.0707066 0.0111111 0.00211002 0.0113097 0.187667
0.0516419 0.0971242 -0.0388651 -0.0267588 0.0471861 -2.53862
0.0114981 0.109397 0.0649193 0.0731655 0.0978147 0.845046
-0.0303201 0.105739 -0.0999472 -0.230875 0.25158 -1.97934
-0.0677228 0.0866812 0.104263 0.529512 0.539679 1.37638
-0.0952628 0.055 0.0867482 -0.766189 0.771084 -1.45806
# x y Real Imaginary Modulus Phase <-> f = 0 s = 9
-0.0784575 -0.0771 0.857401 -0.07472 0.86065 -0.0869275
-0.0438624 -0.100877 -0.525742 0.154096 0.547859 2.85648
-0.00287946 -0.109962 0.133021 -0.138846 0.192283 -0.806821
0.0385228 -0.103034 0.0345982 0.0573288 0.0669599 1.0278
0.0743149 -0.0811005 -0.0384025 -0.0187405 0.0427312 -2.68759
0.0992844 -0.0473562 0.0234703 -0.0142255 0.0274449 -0.544898
0.109795 -0.00671534 -0.0400969 -0.00951474 0.0412104 -2.90861
0.104316 0.0349035 0.00204835 0.00785249 0.00811525 1.31563
0.0836447 0.0714393 -0.0353461 0.0102512 0.0368026 2.85931
0.0507923 0.0975712 0.0290235 0.0151784 0.0327528 0.481853
0.010543 0.109494 -0.0414024 -0.0117001 0.0430238 -2.86618
-0.0312417 0.10547 0.0552864 0.119431 0.131607 1.13725
-0.0684766 0.0860869 -0.0527178 -0.300135 0.30473 -1.74467
-0.0957391 0.0541666 0.0824058 0.595873 0.601544 1.43337
-0.109059 0.0143579 0.00618063 -0.80719 0.807214 -1.56314
# x y Real Imaginary Modulus Phase <-> f = 0 s = 10
-0.0429804 -0.101256 0.869931 0.158043 0.88417 0.179714
-0.00191976 -0.109983 -0.361038 0.0963393 0.373671 2.88083
0.0394205 -0.102694 0.0651254 -0.124865 0.140829 -1.09005
0.0750198 -0.0804489 0.0298924 0.0441818 0.053344 0.975964
0.0996939 -0.046488 -0.029986 -0.0112192 0.0320161 -2.78357
0.109849 -0.00575696 0.037207 0.00332038 0.0373549 0.0890048
0.104007 0.0358125 -0.0336363 0.000532455 0.0336406 3.12576
0.0830181 0.0721665 0.0264406 0.00388916 0.0267251 0.146043
0.049939 0.0980107 -0.0152419 0.00904925 0.0177258 2.60581
0.00958713 0.109581 0.0272202 0.0166913 0.0319302 0.550066
-0.0321609 0.105194 0.00849642 -0.042319 0.0431635 -1.37266
-0.0692252 0.0854861 0.0153646 0.125142 0.126082 1.44863
-0.0962082 0.0533291 -0.0302648 -0.309415 0.310892 -1.6683
-0.10918 0.0134056 0.0600593 0.59967 0.60267 1.47098
-0.106252 -0.0284701 0.0999231 -0.777127 0.783524 -1.44292
# x y Real Imaginary Modulus Phase <-> f = 0 s = 11
-0.000959919 -0.109996 0.769706 0.215568 0.799322 0.273069
0.0403151 -0.102346 -0.324264 0.0931392 0.337376 2.86189
0.075719 -0.0797912 0.085914 -0.128238 0.154357 -0.980518
0.100096 -0.0456163 -0.00293211 0.0795522 0.0796062 1.60764
0.109895 -0.00479813 -0.0034851 -0.0442444 0.0443815 -1.6494
0.103691 0.0367188 0.00122527 0.0234399 0.0234719 1.51857
0.0823851 0.0728882 -0.0111222 0.0161893 0.0196417 2.17275
0.0490818 0.0984428 0.000138455 5.165e-05 0.000147775 0.357057
0.0086305 0.109661 -0.0078531 -0.000495907 0.00786874 -3.07853
-0.0330776 0.104909 0.00207223 0.00202266 0.00289573 0.773293
-0.0699686 0.0848787 -0.0086359 -0.0409891 0.041889 -1.77845
-0.0966699 0.0524875 0.0534267 0.118515 0.130001 1.14728
-0.109293 0.0124524 -0.0490565 -0.220627 0.226015 -1.78959
-0.105999 -0.0293962 -0.00824633 0.409241 0.409324 1.59094
-0.0872689 -0.0669638 0.286935 -0.686149 0.743729 -1.17471
# x y Real Imaginary Modulus Phase <-> f = 0 s = 12
0.0412067 -0.10199 0.822329 0.205521 0.847623 0.244909
0.0764124 -0.0791274 -0.424816 0.0981097 0.435997 2.91463
0.10049 -0.044741 0.173049 -0.147947 0.227672 -0.707355
0.109933 -0.00383894 -0.0690165 0.09882 0.120535 2.18045
0.103366 0.0376222 0.0360775 -0.05416 0.065076 -0.983166
0.0817459 0.0736044 -0.00746015 0.00808394 0.0110002 2.31609
0.0482208 0.0988673 0.0099737 -0.0213503 0.0235651 -1.13378
0.00767321 0.109732 0.000762361 0.00311535 0.00320728 1.3308
-0.0339919 0.104616 0.00301098 -0.000247502 0.00302113 -0.0820155
-0.0707066 0.0842649 0.0241717 0.0174287 0.0297999 0.624707
-0.0971242 0.0516419 -0.0224748 -0.00882643 0.0241459 -2.76737
-0.109397 0.0114981 0.049502 0.0390623 0.063058 0.668062
-0.105739 -0.0303201 -0.0807705 -0.10345 0.131247 -2.2337
-0.0866812 -0.0677228 0.0316111 0.294369 0.296061 1.46382
-0.055 -0.0952628 0.265425 -0.519397 0.583287 -1.09837
# x y Real Imaginary Modulus Phase <-> f = 0 s = 13
0.0771 -0.0784575 0.970246 0.03968 0.971057 0.0408741
0.100877 -0.0438624 -0.56466 0.2282 0.609029 2.75753
0.109962 -0.00287946 0.337506 -0.228796 0.407748 -0.59574
0.103034 0.0385228 -0.193585 0.0941586 0.21527 2.68889
0.0811005 0.0743149 0.0878274 -0.0303509 0.0929238 -0.332726
0.0473562 0.0992844 -0.0224479 -0.0112902 0.0251272 -2.67559
0.00671534 0.109795 0.00138339 -0.0152912 0.0153537 -1.48057
-0.0349035 0.104316 -0.0121676 0.00581476 0.0134856 2.69579
-0.0714393 0.0836447 -0.0030113 0.0130998 0.0134415 1.79674
-0.0975712 0.0507923 0.00172711 -0.0096035 0.00975757 -1.39286
-0.109494 0.010543 -0.0333068 0.000574872 0.0333117 3.12433
-0.10547 -0.0312417 0.0451635 -0.00745777 0.0457751 -0.163651
-0.0860869 -0.0684766 -0.0710957 -0.0553109 0.0900771 -2.48043
-0.0541666 -0.0957391 0.0157791 0.237139 0.237664 1.50435
-0.0143579 -0.109059 0.302541 -0.534608 0.614277 -1.05582
# x y Real Imaginary Modulus Phase <-> f = 0 s = 14
0.101256 -0.0429804 0.746292 -0.0901298 0.751715 -0.120188
0.109983 -0.00191976 -0.56884 0.453764 0.727654 2.46825
0.102694 0.0394205 0.412871 -0.307812 0.514987 -0.640641
0.0804489 0.0750198 -0.220669 0.133462 0.257889 2.59765
0.046488 0.0996939 0.106457 -0.0437306 0.115089 -0.389765
0.00575696 0.109849 -0.0335824 0.0249429 0.0418321 2.50276
-0.0358125 0.104007 -0.00302254 0.000915451 0.00315813 2.8475
-0.0721665 0.0830181 -0.00592067 0.00960423 0.0112825 2.12323
-0.0980107 0.049939 -0.0129042 0.0302485 0.032886 1.97403
-0.109581 0.00958713 -0.00626177 -0.0067995 0.00924353 -2.31505
-0.105194 -0.0321609 -0.0150529 0.0186288 0.0239504 2.25042
-0.0854861 -0.0692252 0.0415977 0.00778572 0.04232 0.185027
-0.0533291 -0.0962082 -0.0653736 -0.0649527 0.0921551 -2.35942
-0.0134056 -0.10918 0.000407348 0.297094 0.297095 1.56943
0.0284701 -0.106252 0.310584 -0.732496 0.795621 -1.16977
# x y Real Imaginary Modulus Phase <-> f = 0 s = 15
0.109996 -0.000959919 0.669067 0.0261439 0.669577 0.0390553
0.102346 0.0403151 -0.525639 0.441956 0.686747 2.44246
0.0797912 0.075719 0.355885 -0.285239 0.456087 -0.67565
0.0456163 0.100096 -0.161797 0.12702 0.2057 2.47603
0.00479813 0.109895 0.0415679 -0.06367 0.0760379 -0.992409
-0.0367188 0.103691 -0.00134664 0.0244236 0.0244607 1.62588
-0.0728882 0.0823851 -0.00920401 -0.0109567 0.0143095 -2.26948
-0.0984428 0.0490818 0.0100096 0.0171589 0.0198651 1.04271
-0.109661 0.0086305 -0.0298518 0.0171865 0.0344457 2.61921
-0.104909 -0.0330776 0.00563473 -0.0376577 0.0380769 -1.42227
-0.0848787 -0.0699686 -0.00910251 0.0275242 0.0289903 1.89018
-0.0524875 -0.0966699 0.0367673 0.038123 0.0529641 0.803498
-0.0124524 -0.109293 -0.0700226 -0.151268 0.166689 -2.00433
0.0293962 -0.105999 -0.00739131 0.470972 0.47103 1.58649
0.0669638 -0.0872689 0.0737621 -0.782265 0.785735 -1.47678
