# x y Real Imaginary Modulus Phase <-> f = 0 s = 0
0.10199 0.0412067 0.732882 -0.035858 0.733758 -0.0488885
0.0791274 0.0764124 -0.568891 0.329675 0.657512 2.61638
0.044741 0.10049 0.296531 -0.227626 0.373824 -0.65469
0.00383894 0.109933 -0.0953831 0.107065 0.14339 2.29856
-0.0376222 0.103366 0.0152088 -0.0487163 0.0510351 -1.26819
-0.0736044 0.0817459 0.00304585 0.0139884 0.0143162 1.3564
-0.0988673 0.0482208 -0.0237623 0.000631339 0.0237707 3.11503
-0.109732 0.00767321 0.00255377 0.00502356 0.00563541 1.10048
-0.104616 -0.0339919 -0.0189509 0.0205787 0.0279753 2.31504
-0.0842649 -0.0707066 0.00905653 -0.0279881 0.0294169 -1.25785
-0.0516419 -0.0971242 -0.0261424 0.00953026 0.0278254 2.79201
-0.0114981 -0.109397 0.0569018 0.0668695 0.0878029 0.865758
0.0303201 -0.105739 -0.0499108 -0.281536 0.285926 -1.74625
0.0677228 -0.0866812 0.128848 0.641506 0.654317 1.37258
0.0952628 -0.055 -0.0163854 -0.637491 0.637701 -1.59649
# x y Real Imaginary Modulus Phase <-> f = 0 s = 1
0.0784575 0.0771 0.818224 -0.0827342 0.822396 -0.100772
0.0438624 0.100877 -0.576636 0.270043 0.636735 2.70362
0.00287946 0.109962 0.236506 -0.174667 0.294013 -0.63612
-0.0385228 0.103034 -0.0570768 0.103548 0.118237 2.07457
-0.0743149 0.0811005 0.00260611 -0.0434085 0.0434867 -1.51083
-0.0992844 0.0473562 0.0029796 0.00984314 0.0102842 1.27686
-0.109795 0.00671534 -0.0233466 0.00127437 0.0233813 3.08706
-0.104316 -0.0349035 0.00713163 0.0109878 0.0130993 0.995088
-0.0836447 -0.0714393 -0.016921 0.0178052 0.0245631 2.33074
-0.0507923 -0.0975712 0.0136386 -0.00605283 0.0149214 -0.417688
-0.010543 -0.109494 -0.0241432 -0.0343067 0.0419505 -2.18403
0.0312417 -0.10547 0.0126583 0.140444 0.141014 1.48091
0.0684766 -0.0860869 -0.0553891 -0.392627 0.396515 -1.71094
0.0957391 -0.0541666 0.190317 0.632097 0.660127 1.27834
0.109059 -0.0143579 0.0352062 -0.6861 0.687003 -1.51953
# x y Real Imaginary Modulus Phase <-> f = 0 s = 2
0.0429804 0.101256 0.874951 -0.0809639 0.878689 -0.0922726
0.00191976 0.109983 -0.527302 0.185417 0.558952 2.80346
-0.0394205 0.102694 0.188089 -0.17685 0.258173 -0.754611
-0.0750198 0.0804489 -0.0406621 0.0994205 0.107414 1.95903
-0.0996939 0.046488 0.00196803 -0.0456758 0.0457181 -1.52774
-0.109849 0.00575696 0.00837801 0.0107749 0.0136488 0.909894
-0.104007 -0.0358125 -0.0150532 -0.00416464 0.0156187 -2.87168
-0.0830181 -0.0721665 0.013262 0.0109088 0.0171722 0.688347
-0.049939 -0.0980107 -0.00748542 0.00630939 0.00978979 2.44124
-0.00958713 -0.109581 0.00530518 0.00890113 0.0103622 1.03331
0.0321609 -0.105194 0.00680713 -0.0541926 0.0546185 -1.44584
0.0692252 -0.0854861 0.00832433 0.178647 0.178841 1.52423
0.0962082 -0.0533291 -0.0877675 -0.360718 0.371242 -1.80947
0.10918 -0.0134056 0.103367 0.568326 0.577649 1.39088
0.106252 0.0284701 0.100599 -0.774347 0.780855 -1.4416
# x y Real Imaginary Modulus Phase <-> f = 0 s = 3
0.000959919 0.109996 0.904455 0.00703334 0.904482 0.00777618
-0.0403151 0.102346 -0.482672 0.198616 0.521939 2.75122
-0.075719 0.0797912 0.174593 -0.167164 0.241716 -0.763662
-0.100096 0.0456163 -0.0469178 0.0997421 0.110226 2.01048
-0.109895 0.00479813 0.000757387 -0.0454862 0.0454925 -1.55415
-0.103691 -0.0367188 0.00610855 0.0195407 0.0204732 1.26781
-0.0823851 -0.0728882 -0.00672796 -0.00852078 0.0108568 -2.23916
-0.0490818 -0.0984428 0.0112299 0.00345708 0.01175 0.298639
-0.0086305 -0.109661 -0.00603345 -0.000488323 0.00605318 -3.06083
0.0330776 -0.104909 -0.00331591 0.0108024 0.0112999 1.86863
0.0699686 -0.0848787 0.00631923 -0.0679561 0.0682493 -1.47807
0.0966699 -0.0524875 0.0409629 0.15479 0.160118 1.31209
0.109293 -0.0124524 -0.0808039 -0.287652 0.298786 -1.84465
0.105999 0.0293962 0.046434 0.52771 0.529749 1.48303
0.0872689 0.0669638 0.147501 -0.792165 0.80578 -1.3867
# x y Real Imaginary Modulus Phase <-> f = 0 s = 4
-0.0412067 0.10199 0.881891 -0.0136031 0.881996 -0.0154237
-0.0764124 0.0791274 -0.479497 0.176012 0.510782 2.78979
-0.10049 0.044741 0.200938 -0.169671 0.262991 -0.701232
-0.109933 0.00383894 -0.0642038 0.103368 0.121684 2.1266
-0.103366 -0.0376222 0.0229058 -0.0493112 0.0543716 -1.13594
-0.0817459 -0.0736044 -0.00690632 0.0160888 0.0175085 1.97627
-0.0482208 -0.0988673 -0.000679163 -0.00356854 0.0036326 -1.75887
-0.00767321 -0.109732 0.0097823 -0.000193796 0.00978422 -0.0198083
0.0339919 -0.104616 -0.00555328 -0.0014682 0.00574409 -2.88312
0.0707066 -0.0842649 0.00761967 0.019502 0.0209377 1.19832
0.0971242 -0.0516419 -0.0274052 -0.042082 0.0502189 -2.14804
0.109397 -0.0114981 0.0496172 0.093276 0.105652 1.08192
0.105739 0.0303201 -0.0673805 -0.213107 0.223505 -1.87703
0.0866812 0.0677228 0.0109248 0.442403 0.442538 1.54611
0.055 0.0952628 0.228768 -0.741475 0.775964 -1.27153
# x y Real Imaginary Modulus Phase <-> f = 0 s = 5
-0.0771 0.0784575 0.906803 -0.0232258 0.907101 -0.0256072
-0.100877 0.0438624 -0.557856 0.222113 0.600448 2.76268
-0.109962 0.00287946 0.265588 -0.209921 0.338532 -0.66886
-0.103034 -0.0385228 -0.12891 0.118413 0.175041 2.39861
-0.0811005 -0.0743149 0.057096 -0.0384552 0.0688386 -0.592731
-0.0473562 -0.0992844 -0.0125574 0.00948351 0.0157361 2.49476
-0.00671534 -0.109795 -0.00155929 -0.00309743 0.00346778 -2.03717
0.0349035 -0.104316 0.0114213 0.00438956 0.0122358 0.366925
0.0714393 -0.0836447 -0.0143084 -0.00283148 0.0145859 -2.94623
0.0975712 -0.0507923 0.0191199 0.00485003 0.0197254 0.248424
0.109494 -0.010543 -0.0298842 -0.0199788 0.0359475 -2.55229
0.10547 0.0312417 0.0598914 0.0634897 0.0872807 0.814554
0.0860869 0.0684766 -0.0853594 -0.17565 0.195293 -2.02315
0.0541666 0.0957391 0.0388053 0.406913 0.40876 1.47572
0.0143579 0.109059 0.197037 -0.727372 0.753587 -1.30626
# x y Real Imaginary Modulus Phase <-> f = 0 s = 6
-0.101256 0.0429804 0.845913 -0.0461695 0.847172 -0.0545254
-0.109983 0.00191976 -0.554899 0.31027 0.635751 2.63175
-0.102694 -0.0394205 0.323328 -0.238547 0.401803 -0.635639
-0.0804489 -0.0750198 -0.153766 0.103243 0.185211 2.5503
-0.046488 -0.0996939 0.044801 -0.0385908 0.0591302 -0.711066
-0.00575696 -0.109849 3.40745e-05 0.0178584 0.0178584 1.56889
0.0358125 -0.104007 -0.0094209 0.00204826 0.00964099 2.92751
0.0721665 -0.0830181 0.0148335 0.0109129 0.0184153 0.634284
0.0980107 -0.049939 -0.0221474 0.00839951 0.0236866 2.7791
0.109581 -0.00958713 0.00915234 -0.00439773 0.0101541 -0.447929
0.105194 0.0321609 -0.0317238 -0.0108443 0.033526 -2.81221
0.0854861 0.0692252 0.0616368 0.0515661 0.0803627 0.69667
0.0533291 0.0962082 -0.0858262 -0.158045 0.179845 -2.06829
0.0134056 0.10918 0.0304752 0.394813 0.395987 1.49376
-0.0284701 0.106252 0.234267 -0.751472 0.787141 -1.2686
# x y Real Imaginary Modulus Phase <-> f = 0 s = 7
-0.109996 0.000959919 0.765454 -0.0803837 0.769664 -0.104631
-0.102346 -0.0403151 -0.613486 0.356094 0.709343 2.61568
-0.0797912 -0.075719 0.354602 -0.206506 0.410351 -0.527348
-0.0456163 -0.100096 -0.117654 0.0886151 0.147292 2.49606
-0.00479813 -0.109895 0.00485971 -0.0433613 0.0436327 -1.45919
0.0367188 -0.103691 0.00817381 0.00954694 0.012568 0.862731
0.0728882 -0.0823851 -0.0256278 0.00464362 0.0260451 2.96234
0.0984428 -0.0490818 0.0116712 0.00619426 0.0132131 0.487927
0.109661 -0.0086305 -0.0233489 0.0122204 0.0263535 2.65942
0.104909 0.0330776 0.00437676 -0.00806466 0.00917577 -1.07357
0.0848787 0.0699686 -0.0301397 -0.0116601 0.0323166 -2.77246
0.0524875 0.0966699 0.0603096 0.0511534 0.0790817 0.703437
0.0124524 0.109293 -0.0799749 -0.176753 0.194004 -1.9957
-0.0293962 0.105999 0.0111674 0.465141 0.465275 1.54679
-0.0669638 0.0872689 0.152405 -0.76959 0.784535 -1.37529
# x y Real Imaginary Modulus Phase <-> f = 0 s = 8
-0.10199 -0.0412067 0.72748 -0.145734 0.741933 -0.19771
-0.0791274 -0.0764124 -0.621954 0.327119 0.702733 2.6574
-0.044741 -0.10049 0.259992 -0.174082 0.31289 -0.590008
-0.00383894 -0.109933 -0.026072 0.0926976 0.0962943 1.84497
0.0376222 -0.103366 -0.024351 -0.031465 0.0397872 -2.22942
0.0736044 -0.0817459 0.0243873 -0.00592051 0.0250957 -0.238163
0.0988673 -0.0482208 -0.0352774 0.00654515 0.0358794 2.95814
0.109732 -0.00767321 0.00869537 0.00477475 0.00992007 0.502162
0.104616 0.0339919 -0.021983 0.0145245 0.0263479 2.55772
0.0842649 0.0707066 0.0105688 -0.00836108 0.0134762 -0.669296
0.0516419 0.0971242 -0.0333799 -0.00882323 0.0345263 -2.88318
0.0114981 0.109397 0.0608675 0.0646523 0.0887963 0.815542
-0.0303201 0.105739 -0.0747171 -0.235816 0.24737 -1.87763
-0.0677228 0.0866812 0.0810688 0.52712 0.533318 1.4182
-0.0952628 0.055 0.069297 -0.747212 0.750419 -1.47832
# x y Real Imaginary Modulus Phase <-> f = 0 s = 9
-0.0784575 -0.0771 0.862777 -0.0588299 0.86478 -0.0680813
-0.0438624 -0.100877 -0.507442 0.150959 0.529421 2.85244
-0.00287946 -0.109962 0.113587 -0.136353 0.177466 -0.876231
0.0385228 -0.103034 0.0157837 0.0599015 0.061946 1.31316
0.0743149 -0.0811005 -0.0308779 -0.0123854 0.0332693 -2.76013
0.0992844 -0.0473562 0.0286093 -0.0158206 0.0326923 -0.505135
0.109795 -0.00671534 -0.0335346 0.00461903 0.0338512 3.00471
0.104316 0.0349035 0.0111371 0.012428 0.016688 0.840127
0.0836447 0.0714393 -0.0154223 0.00954036 0.0181347 2.5876
0.0507923 0.0975712 0.0167582 -0.000998614 0.016788 -0.0595191
0.010543 0.109494 -0.0308233 -0.0246109 0.0394433 -2.4678
-0.0312417 0.10547 0.0427756 0.112492 0.12035 1.20743
-0.0684766 0.0860869 -0.075789 -0.299938 0.309365 -1.8183
-0.0957391 0.0541666 0.0799485 0.595278 0.600623 1.43729
-0.109059 0.0143579 0.00488123 -0.794825 0.79484 -1.56466
# x y Real Imaginary Modulus Phase <-> f = 0 s = 10
-0.0429804 -0.101256 0.896882 0.129345 0.906161 0.143229
-0.00191976 -0.109983 -0.349009 0.114332 0.367259 2.82502
0.0394205 -0.102694 0.073357 -0.116059 0.137299 -1.00713
0.0750198 -0.0804489 0.00881329 0.0537178 0.054436 1.40818
0.0996939 -0.046488 -0.0289029 -0.0119836 0.0312887 -2.74855
0.109849 -0.00575696 0.029226 -0.00328887 0.0294104 -0.112061
0.104007 0.0358125 -0.0263516 -0.000370564 0.0263542 -3.12753
0.0830181 0.0721665 0.01542 0.01456 0.0212078 0.756718
0.049939 0.0980107 -0.0100383 -0.000167721 0.0100397 -3.12489
0.00958713 0.109581 0.0119307 0.00739354 0.0140359 0.554782
-0.0321609 0.105194 -0.00956201 -0.0418771 0.0429549 -1.79528
-0.0692252 0.0854861 0.0247936 0.13105 0.133374 1.38381
-0.0962082 0.0533291 -0.0355033 -0.307584 0.309626 -1.68571
-0.10918 0.0134056 0.0456994 0.602633 0.604363 1.49511
-0.106252 -0.0284701 0.120792 -0.782185 0.791457 -1.41758
# x y Real Imaginary Modulus Phase <-> f = 0 s = 11
-0.000959919 -0.109996 0.766108 0.210362 0.794464 0.26798
0.0403151 -0.102346 -0.318952 0.0972341 0.333444 2.84569
0.075719 -0.0797912 0.0982389 -0.118611 0.154011 -0.87907
0.100096 -0.0456163 -0.00693838 0.0729066 0.073236 1.66568
0.109895 -0.00479813 -0.0122667 -0.0339174 0.0360675 -1.91782
0.103691 0.0367188 0.00832962 0.0171735 0.0190869 1.1192
0.0823851 0.0728882 -0.00749486 -0.0048931 0.00895072 -2.56321
0.0490818 0.0984428 0.0116192 0.00488968 0.0126061 0.398333
0.0086305 0.109661 -0.00372657 -0.00152435 0.00402629 -2.75331
-0.0330776 0.104909 0.00703522 0.00903294 0.0114494 0.909091
-0.0699686 0.0848787 -0.0130307 -0.0385752 0.0407167 -1.89656
-0.0966699 0.0524875 0.0265051 0.0981347 0.101651 1.307
-0.109293 0.0124524 -0.0490374 -0.231817 0.236947 -1.77926
-0.105999 -0.0293962 0.000526766 0.42388 0.42388 1.56955
-0.0872689 -0.0669638 0.296324 -0.680703 0.742404 -1.16022
# x y Real Imaginary Modulus Phase <-> f = 0 s = 12
0.0412067 -0.10199 0.821218 0.199175 0.845027 0.237941
0.0764124 -0.0791274 -0.423161 0.103609 0.43566 2.90147
0.10049 -0.044741 0.172274 -0.153624 0.230822 -0.728233
0.109933 -0.00383894 -0.0712249 0.104316 0.126313 2.16987
0.103366 0.0376222 0.036386 -0.0512418 0.0628464 -0.953335
0.0817459 0.0736044 -0.0162285 0.0133921 0.0210408 2.45166
0.0482208 0.0988673 -8.41205e-05 -0.00323356 0.00323465 -1.59681
0.00767321 0.109732 0.0050784 0.00171493 0.00536015 0.325667
-0.0339919 0.104616 -0.000884733 -0.000490728 0.00101171 -2.63518
-0.0707066 0.0842649 0.0108365 0.00666661 0.012723 0.551521
-0.0971242 0.0516419 -0.0306175 -0.0142857 0.0337863 -2.70503
-0.109397 0.0114981 0.0613027 0.0391681 0.0727473 0.568554
-0.105739 -0.0303201 -0.0841328 -0.107542 0.136542 -2.23467
-0.0866812 -0.0677228 0.026476 0.278705 0.27996 1.47608
-0.055 -0.0952628 0.276277 -0.51238 0.582119 -1.07628
# x y Real Imaginary Modulus Phase <-> f = 0 s = 13
0.0771 -0.0784575 0.948936 0.0348866 0.949577 0.0367473
0.100877 -0.0438624 -0.577604 0.239591 0.625324 2.74839
0.109962 -0.00287946 0.337124 -0.224907 0.40526 -0.588327
0.103034 0.0385228 -0.183846 0.105316 0.211875 2.62137
0.0811005 0.0743149 0.0841495 -0.0282887 0.0887772 -0.324303
0.0473562 0.0992844 -0.0281938 -0.000258972 0.028195 -3.13241
0.00671534 0.109795 0.0049053 -0.00262929 0.00556553 -0.492039
-0.0349035 0.104316 0.00173804 0.00446117 0.00478778 1.19929
-0.0714393 0.0836447 -0.000764787 0.00984562 0.00987528 1.64832
-0.0975712 0.0507923 0.00515581 -0.00718778 0.00884571 -0.948552
-0.109494 0.010543 -0.0293582 0.00939593 0.0308252 2.83185
-0.10547 -0.0312417 0.0527833 -0.00520368 0.0530392 -0.0982681
-0.0860869 -0.0684766 -0.0729998 -0.0664538 0.0987172 -2.4031
-0.0541666 -0.0957391 0.0241448 0.235495 0.236729 1.46863
-0.0143579 -0.109059 0.305103 -0.532718 0.613902 -1.05067
# x y Real Imaginary Modulus Phase <-> f = 0 s = 14
0.101256 -0.0429804 0.743593 -0.0910851 0.749151 -0.121886
0.109983 -0.00191976 -0.574905 0.447298 0.728417 2.48039
0.102694 0.0394205 0.412944 -0.302966 0.512163 -0.63297
0.0804489 0.0750198 -0.210431 0.125877 0.245207 2.60251
0.046488 0.0996939 0.0921583 -0.0450535 0.102581 -0.454705
0.00575696 0.109849 -0.022046 0.02069 0.0302341 2.38791
-0.0358125 0.104007 -0.0023718 -0.0105658 0.0108287 -1.79162
-0.0721665 0.0830181 0.0042651 0.0108677 0.0116747 1.19681
-0.0980107 0.049939 -0.0117673 0.0166583 0.0203953 2.1858
-0.109581 0.00958713 0.0010352 -0.025052 0.0250734 -1.5295
-0.105194 -0.0321609 -0.014755 0.0236055 0.0278375 2.12944
-0.0854861 -0.0692252 0.038588 -0.00788005 0.0393844 -0.20144
-0.0533291 -0.0962082 -0.0695832 -0.0771235 0.103874 -2.30484
-0.0134056 -0.10918 0.00237793 0.308261 0.30827 1.56308
0.0284701 -0.106252 0.313432 -0.728616 0.793171 -1.16455
# x y Real Imaginary Modulus Phase <-> f = 0 s = 15
0.109996 -0.000959919 0.659323 0.0143751 0.65948 0.0217994
0.102346 0.0403151 -0.529819 0.439322 0.688267 2.4493
0.0797912 0.075719 0.351059 -0.284789 0.452047 -0.68155
0.0456163 0.100096 -0.156758 0.136022 0.207546 2.4269
0.00479813 0.109895 0.039359 -0.0537617 0.0666292 -0.938849
-0.0367188 0.103691 0.000157488 0.0230932 0.0230938 1.56398
-0.0728882 0.0823851 -0.0155771 -0.00524464 0.0164363 -2.81682
-0.0984428 0.0490818 0.0039123 0.00817301 0.00906113 1.12435
-0.109661 0.0086305 -0.0187845 0.0187797 0.0265619 2.35632
-0.104909 -0.0330776 -0.000611702 -0.0346811 0.0346865 -1.58843
-0.0848787 -0.0699686 -0.0126841 0.0246476 0.0277199 2.04607
-0.0524875 -0.0966699 0.0492398 0.0103208 0.0503098 0.206611
-0.0124524 -0.109293 -0.0796797 -0.14449 0.165004 -2.07476
0.0293962 -0.105999 0.00295051 0.479368 0.479377 1.56464
0.0669638 -0.0872689 0.0743952 -0.784729 0.788248 -1.47628
