# x y Real Imaginary Modulus Phase <-> f = 0 s = 0
0.10199 0.0412067 0.732592 -0.0364521 0.733498 -0.0497167
0.0791274 0.0764124 -0.568569 0.329401 0.657096 2.61649
0.044741 0.10049 0.298067 -0.2291 0.375939 -0.655311
0.00383894 0.109933 -0.0950618 0.107387 0.143418 2.29539
-0.0376222 0.103366 0.014999 -0.0481377 0.0504203 -1.26875
-0.0736044 0.0817459 0.00251903 0.0121253 0.0123842 1.36596
-0.0988673 0.0482208 -0.0247179 2.85757e-05 0.0247179 3.14044
-0.109732 0.00767321 0.00303141 0.00425425 0.0052238 0.951691
-0.104616 -0.0339919 -0.0176731 0.0207126 0.0272277 2.27718
-0.0842649 -0.0707066 0.00753324 -0.0281736 0.0291633 -1.30952
-0.0516419 -0.0971242 -0.0263288 0.00915482 0.027875 2.80696
-0.0114981 -0.109397 0.0561623 0.0679772 0.0881765 0.880287
0.0303201 -0.105739 -0.050526 -0.282413 0.286897 -1.74783
0.0677228 -0.0866812 0.128337 0.640118 0.652856 1.37293
0.0952628 -0.055 -0.0154504 -0.637002 0.63719 -1.59505
# x y Real Imaginary Modulus Phase <-> f = 0 s = 1
0.0784575 0.0771 0.818012 -0.0820066 0.822113 -0.0999172
0.0438624 0.100877 -0.577128 0.269914 0.637127 2.70413
0.00287946 0.109962 0.236856 -0.174122 0.293971 -0.633923
-0.0385228 0.103034 -0.056057 0.104078 0.118215 2.06485
-0.0743149 0.0811005 0.00156279 -0.0433556 0.0433838 -1.53477
-0.0992844 0.0473562 0.00317359 0.0105428 0.0110101 1.2784
-0.109795 0.00671534 -0.0256166 0.00145554 0.0256579 3.08483
-0.104316 -0.0349035 0.0058395 0.0106497 0.0121456 1.06924
-0.0836447 -0.0714393 -0.017466 0.016852 0.0242704 2.37408
-0.0507923 -0.0975712 0.0135572 -0.0053402 0.0145711 -0.375238
-0.010543 -0.109494 -0.0238156 -0.0344138 0.0418508 -2.17616
0.0312417 -0.10547 0.0129525 0.140551 0.141146 1.4789
0.0684766 -0.0860869 -0.0547998 -0.392306 0.396115 -1.70958
0.0957391 -0.0541666 0.189216 0.632656 0.660346 1.28018
0.109059 -0.0143579 0.0362525 -0.687998 0.688952 -1.51815
# x y Real Imaginary Modulus Phase <-> f = 0 s = 2
0.0429804 0.101256 0.875657 -0.0815828 0.879449 -0.0928994
0.00191976 0.109983 -0.527031 0.185189 0.55862 2.80369
-0.0394205 0.102694 0.187554 -0.176633 0.257635 -0.755418
-0.0750198 0.0804489 -0.041137 0.0992391 0.107427 1.96376
-0.0996939 0.046488 0.00120935 -0.0466635 0.0466791 -1.54489
-0.109849 0.00575696 0.00805018 0.0115129 0.0140482 0.960585
-0.104007 -0.0358125 -0.0150847 -0.00284235 0.0153501 -2.95535
-0.0830181 -0.0721665 0.0125405 0.0114952 0.0170118 0.741935
-0.049939 -0.0980107 -0.00754162 0.00686239 0.0101965 2.40332
-0.00958713 -0.109581 0.00636905 0.00768393 0.00998036 0.878692
0.0321609 -0.105194 0.00670248 -0.0541474 0.0545606 -1.44764
0.0692252 -0.0854861 0.00798562 0.178292 0.178471 1.52604
0.0962082 -0.0533291 -0.0870374 -0.360653 0.371006 -1.8076
0.10918 -0.0134056 0.102732 0.568397 0.577607 1.39199
0.106252 0.0284701 0.101021 -0.77402 0.780585 -1.44101
# x y Real Imaginary Modulus Phase <-> f = 0 s = 3
0.000959919 0.109996 0.904566 0.00668168 0.90459 0.00738649
-0.0403151 0.102346 -0.482597 0.198414 0.521793 2.75152
-0.075719 0.0797912 0.174741 -0.166915 0.241651 -0.762495
-0.100096 0.0456163 -0.0465973 0.099725 0.110074 2.00791
-0.109895 0.00479813 0.000979188 -0.0450985 0.0451092 -1.54909
-0.103691 -0.0367188 0.00569965 0.0198139 0.0206174 1.2907
-0.0823851 -0.0728882 -0.00680415 -0.00851055 0.0108961 -2.24523
-0.0490818 -0.0984428 0.0115433 0.00360453 0.0120929 0.302669
-0.0086305 -0.109661 -0.0059033 -0.000347931 0.00591354 -3.08272
0.0330776 -0.104909 -0.00295342 0.0107106 0.0111104 1.83986
0.0699686 -0.0848787 0.00644809 -0.0676212 0.067928 -1.47573
0.0966699 -0.0524875 0.0414691 0.15486 0.160316 1.30915
0.109293 -0.0124524 -0.0805451 -0.287454 0.298526 -1.84399
0.105999 0.0293962 0.0466039 0.527762 0.529816 1.48272
0.0872689 0.0669638 0.147521 -0.792209 0.805828 -1.38669
# x y Real Imaginary Modulus Phase <-> f = 0 s = 4
-0.0412067 0.10199 0.881709 -0.0141086 0.881822 -0.016
-0.0764124 0.0791274 -0.479383 0.175874 0.510627 2.78996
-0.10049 0.044741 0.200744 -0.169942 0.263018 -0.702494
-0.109933 0.00383894 -0.0643462 0.103063 0.1215 2.12892
-0.103366 -0.0376222 0.0231149 -0.0492833 0.0544348 -1.13224
-0.0817459 -0.0736044 -0.00663317 0.0162442 0.0175463 1.95847
-0.0482208 -0.0988673 -0.000166687 -0.00385211 0.00385571 -1.61404
-0.00767321 -0.109732 0.00971032 -0.000306022 0.00971514 -0.0315046
0.0339919 -0.104616 -0.00569224 -0.00144103 0.00587181 -2.89364
0.0707066 -0.0842649 0.00767786 0.019658 0.0211042 1.19844
0.0971242 -0.0516419 -0.026984 -0.0425266 0.0503651 -2.13621
0.109397 -0.0114981 0.0497535 0.093386 0.105813 1.08128
0.105739 0.0303201 -0.0672907 -0.212837 0.223221 -1.87701
0.0866812 0.0677228 0.011058 0.442396 0.442535 1.54581
0.055 0.0952628 0.228354 -0.741962 0.776307 -1.27223
# x y Real Imaginary Modulus Phase <-> f = 0 s = 5
-0.0771 0.0784575 0.906295 -0.0226852 0.906578 -0.0250255
-0.100877 0.0438624 -0.557844 0.22232 0.600513 2.76235
-0.109962 0.00287946 0.266375 -0.209221 0.338717 -0.665797
-0.103034 -0.0385228 -0.12909 0.118485 0.175223 2.399
-0.0811005 -0.0743149 0.0568308 -0.0388634 0.0688484 -0.599801
-0.0473562 -0.0992844 -0.012268 0.00907378 0.015259 2.50476
-0.00671534 -0.109795 -0.00161398 -0.00338463 0.00374975 -2.01576
0.0349035 -0.104316 0.0116045 0.00445563 0.0124305 0.366601
0.0714393 -0.0836447 -0.0143204 -0.00250001 0.014537 -2.96876
0.0975712 -0.0507923 0.0201433 0.00501685 0.0207587 0.244092
0.109494 -0.010543 -0.0300882 -0.0192178 0.0357019 -2.57319
0.10547 0.0312417 0.0593918 0.0626642 0.0863376 0.812202
0.0860869 0.0684766 -0.085025 -0.176069 0.195524 -2.02068
0.0541666 0.0957391 0.0388227 0.407405 0.409251 1.47579
0.0143579 0.109059 0.198011 -0.727737 0.754195 -1.30514
# x y Real Imaginary Modulus Phase <-> f = 0 s = 6
-0.101256 0.0429804 0.844927 -0.0457968 0.846168 -0.0541491
-0.109983 0.00191976 -0.554252 0.310918 0.635504 2.63037
-0.102694 -0.0394205 0.322998 -0.23925 0.401955 -0.637533
-0.0804489 -0.0750198 -0.152094 0.102633 0.183483 2.54798
-0.046488 -0.0996939 0.0451189 -0.0381154 0.0590635 -0.701455
-0.00575696 -0.109849 0.000102598 0.0174283 0.0174286 1.56491
0.0358125 -0.104007 -0.00818783 0.00197949 0.00842371 2.90438
0.0721665 -0.0830181 0.0165035 0.00963359 0.0191095 0.52837
0.0980107 -0.049939 -0.0223151 0.00860222 0.0239158 2.77366
0.109581 -0.00958713 0.00938405 -0.005341 0.0107975 -0.517432
0.105194 0.0321609 -0.0321385 -0.0103299 0.0337578 -2.8306
0.0854861 0.0692252 0.0626562 0.0516363 0.0811918 0.689277
0.0533291 0.0962082 -0.0851011 -0.157006 0.178586 -2.0675
0.0134056 0.10918 0.0311522 0.393907 0.395137 1.49188
-0.0284701 0.106252 0.232038 -0.751761 0.786757 -1.27141
# x y Real Imaginary Modulus Phase <-> f = 0 s = 7
-0.109996 0.000959919 0.76426 -0.081775 0.768622 -0.106593
-0.102346 -0.0403151 -0.613794 0.356131 0.709628 2.61585
-0.0797912 -0.075719 0.354643 -0.207239 0.410755 -0.528839
-0.0456163 -0.100096 -0.117819 0.087766 0.146915 2.50135
-0.00479813 -0.109895 0.00576718 -0.0438551 0.0442327 -1.44004
0.0367188 -0.103691 0.00794165 0.00828959 0.0114799 0.806831
0.0728882 -0.0823851 -0.0281879 0.00501932 0.0286313 2.96537
0.0984428 -0.0490818 0.0123155 0.005231 0.0133804 0.401658
0.109661 -0.0086305 -0.0229809 0.0114482 0.0256745 2.67942
0.104909 0.0330776 0.00500939 -0.0108594 0.0119591 -1.13859
0.0848787 0.0699686 -0.0305681 -0.0122283 0.0329232 -2.76106
0.0524875 0.0966699 0.0582323 0.0521927 0.078199 0.730758
0.0124524 0.109293 -0.0809198 -0.175288 0.193064 -2.00329
-0.0293962 0.105999 0.0113919 0.469599 0.469737 1.54654
-0.0669638 0.0872689 0.154337 -0.766644 0.782025 -1.37214
# x y Real Imaginary Modulus Phase <-> f = 0 s = 8
-0.10199 -0.0412067 0.726464 -0.149213 0.74163 -0.202579
-0.0791274 -0.0764124 -0.620196 0.325288 0.700325 2.65854
-0.044741 -0.10049 0.25901 -0.175048 0.312615 -0.594324
-0.00383894 -0.109933 -0.0282337 0.0905302 0.0948307 1.87311
0.0376222 -0.103366 -0.0241498 -0.0329833 0.0408792 -2.2028
0.0736044 -0.0817459 0.0236899 -0.00467878 0.0241475 -0.194992
0.0988673 -0.0482208 -0.0346192 0.00422987 0.0348766 3.02001
0.109732 -0.00767321 0.00769141 0.00645233 0.0100394 0.698015
0.104616 0.0339919 -0.0187365 0.0127546 0.0226657 2.54391
0.0842649 0.0707066 0.0117475 -0.00796879 0.0141953 -0.59604
0.0516419 0.0971242 -0.0339492 -0.00859773 0.035021 -2.89355
0.0114981 0.109397 0.0608412 0.0624647 0.087198 0.798564
-0.0303201 0.105739 -0.07536 -0.234702 0.246504 -1.88149
-0.0677228 0.0866812 0.0791873 0.528428 0.534328 1.42205
-0.0952628 0.055 0.0687793 -0.747681 0.750837 -1.47906
# x y Real Imaginary Modulus Phase <-> f = 0 s = 9
-0.0784575 -0.0771 0.860507 -0.0590004 0.862528 -0.0684575
-0.0438624 -0.100877 -0.504441 0.151676 0.526751 2.84951
-0.00287946 -0.109962 0.115222 -0.13598 0.178232 -0.867842
0.0385228 -0.103034 0.0156885 0.0583967 0.0604674 1.30834
0.0743149 -0.0811005 -0.0307594 -0.0121863 0.0330855 -2.76438
0.0992844 -0.0473562 0.0301236 -0.0127253 0.0327011 -0.399697
0.109795 -0.00671534 -0.0354752 0.0053202 0.0358719 2.99273
0.104316 0.0349035 0.00918686 0.0127693 0.0157307 0.947138
0.0836447 0.0714393 -0.0148602 0.0108703 0.0184117 2.51003
0.0507923 0.0975712 0.0171866 -0.000522094 0.0171946 -0.0303686
0.010543 0.109494 -0.0314623 -0.0246979 0.0399983 -2.47607
-0.0312417 0.10547 0.0431225 0.114935 0.122758 1.21186
-0.0684766 0.0860869 -0.0757759 -0.304255 0.313549 -1.81488
-0.0957391 0.0541666 0.0790736 0.595804 0.601029 1.43885
-0.109059 0.0143579 0.00483647 -0.793763 0.793777 -1.5647
# x y Real Imaginary Modulus Phase <-> f = 0 s = 10
-0.0429804 -0.101256 0.894869 0.130653 0.904357 0.144978
-0.00191976 -0.109983 -0.350894 0.116171 0.369624 2.82188
0.0394205 -0.102694 0.0727954 -0.115119 0.136204 -1.00693
0.0750198 -0.0804489 0.00831471 0.0561499 0.0567622 1.42378
0.0996939 -0.046488 -0.0320493 -0.0120137 0.034227 -2.78295
0.109849 -0.00575696 0.029702 -0.00235244 0.029795 -0.0790365
0.104007 0.0358125 -0.0265881 -0.00125661 0.0266178 -3.09437
0.0830181 0.0721665 0.0177815 0.0159419 0.0238815 0.730901
0.049939 0.0980107 -0.00940053 0.000853484 0.0094392 3.05105
0.00958713 0.109581 0.0102175 0.00544851 0.0115795 0.489893
-0.0321609 0.105194 -0.0126726 -0.0414387 0.0433332 -1.86758
-0.0692252 0.0854861 0.0229254 0.130303 0.132304 1.39664
-0.0962082 0.0533291 -0.0371969 -0.30832 0.310556 -1.69086
-0.10918 0.0134056 0.0456388 0.60157 0.603299 1.49508
-0.106252 -0.0284701 0.120674 -0.782205 0.791458 -1.41773
# x y Real Imaginary Modulus Phase <-> f = 0 s = 11
-0.000959919 -0.109996 0.766539 0.210771 0.794989 0.268333
0.0403151 -0.102346 -0.318538 0.0944303 0.332241 2.8534
0.075719 -0.0797912 0.100558 -0.118386 0.155329 -0.866647
0.100096 -0.0456163 -0.00721135 0.0738513 0.0742026 1.66813
0.109895 -0.00479813 -0.0110877 -0.0342183 0.0359698 -1.88415
0.103691 0.0367188 0.00702794 0.0169281 0.0183291 1.17729
0.0823851 0.0728882 -0.00586104 -0.00506704 0.00774768 -2.42872
0.0490818 0.0984428 0.0113269 0.00435149 0.012134 0.366788
0.0086305 0.109661 -0.00137367 -0.0014375 0.00198831 -2.33349
-0.0330776 0.104909 0.0072644 0.00691009 0.010026 0.760407
-0.0699686 0.0848787 -0.010937 -0.0393774 0.040868 -1.84172
-0.0966699 0.0524875 0.0263515 0.0972447 0.100752 1.30617
-0.109293 0.0124524 -0.050374 -0.232028 0.237433 -1.78458
-0.105999 -0.0293962 -0.000437299 0.422834 0.422834 1.57183
-0.0872689 -0.0669638 0.294576 -0.682717 0.743557 -1.16345
# x y Real Imaginary Modulus Phase <-> f = 0 s = 12
0.0412067 -0.10199 0.821803 0.199426 0.845654 0.238067
0.0764124 -0.0791274 -0.424093 0.103671 0.43658 2.90184
0.10049 -0.044741 0.173491 -0.154765 0.232489 -0.728413
0.109933 -0.00383894 -0.071838 0.102681 0.125316 2.18127
0.103366 0.0376222 0.0365961 -0.0507387 0.0625595 -0.94594
0.0817459 0.0736044 -0.0161585 0.014086 0.0214363 2.42461
0.0482208 0.0988673 -0.000583301 -0.00440668 0.00444511 -1.7024
0.00767321 0.109732 0.00653066 0.0018539 0.0067887 0.2766
-0.0339919 0.104616 -0.00181162 0.000925663 0.00203441 2.66922
-0.0707066 0.0842649 0.0116707 0.00797866 0.0141373 0.599669
-0.0971242 0.0516419 -0.0307706 -0.0137684 0.0337105 -2.72086
-0.109397 0.0114981 0.0616316 0.0388192 0.0728381 0.562086
-0.105739 -0.0303201 -0.083506 -0.107843 0.136394 -2.22969
-0.0866812 -0.0677228 0.026726 0.278081 0.279363 1.47498
-0.055 -0.0952628 0.277221 -0.512642 0.582798 -1.07507
# x y Real Imaginary Modulus Phase <-> f = 0 s = 13
0.0771 -0.0784575 0.95046 0.0343508 0.951081 0.0361255
0.100877 -0.0438624 -0.577332 0.239214 0.624929 2.74878
0.109962 -0.00287946 0.336342 -0.224405 0.404331 -0.588367
0.103034 0.0385228 -0.183205 0.10285 0.2101 2.63004
0.0811005 0.0743149 0.0833858 -0.0269959 0.0876469 -0.313099
0.0473562 0.0992844 -0.0279548 0.00169751 0.0280063 3.08094
0.00671534 0.109795 0.00568313 -0.00181042 0.00596453 -0.308397
-0.0349035 0.104316 0.00161985 0.00408289 0.00439248 1.1931
-0.0714393 0.0836447 2.76941e-05 0.00911171 0.00911175 1.56776
-0.0975712 0.0507923 0.00494898 -0.00627052 0.00798823 -0.902648
-0.109494 0.010543 -0.0269258 0.0117734 0.0293873 2.72939
-0.10547 -0.0312417 0.0535742 -0.00689386 0.0540159 -0.127976
-0.0860869 -0.0684766 -0.0720771 -0.0674005 0.098681 -2.38971
-0.0541666 -0.0957391 0.0239892 0.234037 0.235263 1.46865
-0.0143579 -0.109059 0.304668 -0.53254 0.613532 -1.05114
# x y Real Imaginary Modulus Phase <-> f = 0 s = 14
0.101256 -0.0429804 0.744761 -0.0914879 0.750359 -0.12223
0.109983 -0.00191976 -0.575428 0.447742 0.729102 2.48035
0.102694 0.0394205 0.412506 -0.303439 0.51209 -0.634222
0.0804489 0.0750198 -0.210389 0.124611 0.244522 2.60686
0.046488 0.0996939 0.0927994 -0.046406 0.103756 -0.463702
0.00575696 0.109849 -0.0214983 0.0196072 0.0290967 2.40217
-0.0358125 0.104007 0.000327011 -0.0106719 0.0106769 -1.54016
-0.0721665 0.0830181 0.0031693 0.0104025 0.0108746 1.27506
-0.0980107 0.049939 -0.00955896 0.0160449 0.0186765 2.10809
-0.109581 0.00958713 -0.00150509 -0.0264169 0.0264597 -1.62771
-0.105194 -0.0321609 -0.0140596 0.0220569 0.0261568 2.13828
-0.0854861 -0.0692252 0.0380016 -0.00761882 0.0387578 -0.197864
-0.0533291 -0.0962082 -0.0690991 -0.0791512 0.105069 -2.28849
-0.0134056 -0.10918 0.00239779 0.306663 0.306672 1.56298
0.0284701 -0.106252 0.314136 -0.725076 0.7902 -1.16196
# x y Real Imaginary Modulus Phase <-> f = 0 s = 15
0.109996 -0.000959919 0.659366 0.0140545 0.659516 0.0213119
0.102346 0.0403151 -0.529822 0.439168 0.688171 2.44948
0.0797912 0.075719 0.352991 -0.285306 0.453874 -0.679754
0.0456163 0.100096 -0.157008 0.135835 0.207612 2.42837
0.00479813 0.109895 0.0402917 -0.0545136 0.0677876 -0.934299
-0.0367188 0.103691 0.000542429 0.0236646 0.0236708 1.54788
-0.0728882 0.0823851 -0.0167394 -0.00584015 0.0177289 -2.80591
-0.0984428 0.0490818 0.00562316 0.00818827 0.00993316 0.969029
-0.109661 0.0086305 -0.0176134 0.0175795 0.0248852 2.35716
-0.104909 -0.0330776 0.000627898 -0.0351543 0.0351599 -1.55294
-0.0848787 -0.0699686 -0.0115673 0.0239319 0.0265807 2.02103
-0.0524875 -0.0966699 0.0497958 0.0110732 0.0510122 0.218812
-0.0124524 -0.109293 -0.0800295 -0.144346 0.165047 -2.07703
0.0293962 -0.105999 0.00409388 0.478261 0.478279 1.56224
0.0669638 -0.0872689 0.0761017 -0.785909 0.789585 -1.47426
