# x y Real Imaginary Modulus Phase <-> f = 0 s = 0
0.10199 0.0412067 0.732904 -0.0359914 0.733787 -0.0490685
0.0791274 0.0764124 -0.568938 0.329748 0.65759 2.61632
0.044741 0.10049 0.296075 -0.227164 0.373181 -0.654452
0.00383894 0.109933 -0.0952647 0.107364 0.143536 2.29655
-0.0376222 0.103366 0.0140893 -0.0489956 0.0509811 -1.29079
-0.0736044 0.0817459 0.00334178 0.0141491 0.0145384 1.33886
-0.0988673 0.0482208 -0.0242006 -0.000216195 0.0242015 -3.13266
-0.109732 0.00767321 0.00268058 0.00485592 0.00554666 1.0664
-0.104616 -0.0339919 -0.0195907 0.0209241 0.0286638 2.32329
-0.0842649 -0.0707066 0.00887081 -0.0278825 0.0292596 -1.26277
-0.0516419 -0.0971242 -0.0268736 0.00904307 0.0283543 2.81699
-0.0114981 -0.109397 0.056665 0.0663044 0.0872193 0.863627
0.0303201 -0.105739 -0.0501706 -0.281856 0.286287 -1.74695
0.0677228 -0.0866812 0.128821 0.641474 0.654281 1.37261
0.0952628 -0.055 -0.01551 -0.637286 0.637474 -1.59513
# x y Real Imaginary Modulus Phase <-> f = 0 s = 1
0.0784575 0.0771 0.817757 -0.0817714 0.821835 -0.0996635
0.0438624 0.100877 -0.576504 0.269717 0.636478 2.704
0.00287946 0.109962 0.236637 -0.174378 0.293947 -0.635065
-0.0385228 0.103034 -0.0562784 0.102829 0.117222 2.07157
-0.0743149 0.0811005 0.00183623 -0.0436301 0.0436687 -1.52873
-0.0992844 0.0473562 0.00267135 0.009646 0.0100091 1.30063
-0.109795 0.00671534 -0.022944 0.00153404 0.0229952 3.07483
-0.104316 -0.0349035 0.0068792 0.0102207 0.0123201 0.978377
-0.0836447 -0.0714393 -0.0168743 0.0176165 0.0243944 2.33468
-0.0507923 -0.0975712 0.0141565 -0.00558979 0.0152201 -0.376065
-0.010543 -0.109494 -0.0242743 -0.0333843 0.0412766 -2.19949
0.0312417 -0.10547 0.0122303 0.140784 0.141314 1.48414
0.0684766 -0.0860869 -0.0563382 -0.392722 0.396742 -1.71328
0.0957391 -0.0541666 0.190567 0.632632 0.660711 1.27821
0.109059 -0.0143579 0.0352999 -0.686314 0.687221 -1.51941
# x y Real Imaginary Modulus Phase <-> f = 0 s = 2
0.0429804 0.101256 0.874515 -0.0816286 0.878317 -0.0930718
0.00191976 0.109983 -0.526983 0.185588 0.558708 2.80299
-0.0394205 0.102694 0.187975 -0.176414 0.257791 -0.753683
-0.0750198 0.0804489 -0.0412664 0.0994082 0.107633 1.96427
-0.0996939 0.046488 0.00144503 -0.0454437 0.0454667 -1.53901
-0.109849 0.00575696 0.00853631 0.0107987 0.0137652 0.901876
-0.104007 -0.0358125 -0.0148499 -0.00386548 0.0153447 -2.88694
-0.0830181 -0.0721665 0.0129723 0.0113015 0.0172048 0.716676
-0.049939 -0.0980107 -0.00777054 0.00629078 0.00999776 2.46104
-0.00958713 -0.109581 0.00545088 0.00944652 0.0109064 1.04744
0.0321609 -0.105194 0.00626844 -0.0539737 0.0543365 -1.45518
0.0692252 -0.0854861 0.00787363 0.178556 0.17873 1.52673
0.0962082 -0.0533291 -0.0876717 -0.360484 0.370992 -1.80937
0.10918 -0.0134056 0.103421 0.567935 0.577275 1.39067
0.106252 0.0284701 0.100511 -0.773923 0.780422 -1.44165
# x y Real Imaginary Modulus Phase <-> f = 0 s = 3
0.000959919 0.109996 0.904504 0.00700604 0.904531 0.00774558
-0.0403151 0.102346 -0.482597 0.198745 0.521919 2.75094
-0.075719 0.0797912 0.174271 -0.16681 0.241239 -0.763527
-0.100096 0.0456163 -0.0468899 0.0999156 0.110371 2.00958
-0.109895 0.00479813 0.000836073 -0.0454546 0.0454623 -1.5524
-0.103691 -0.0367188 0.00607956 0.0194502 0.0203782 1.26785
-0.0823851 -0.0728882 -0.00683546 -0.00873742 0.0110935 -2.23466
-0.0490818 -0.0984428 0.0110921 0.00391277 0.011762 0.339126
-0.0086305 -0.109661 -0.00638629 -0.000578681 0.00641246 -3.05123
0.0330776 -0.104909 -0.00333466 0.0105113 0.0110276 1.878
0.0699686 -0.0848787 0.00577288 -0.0678512 0.0680963 -1.48592
0.0966699 -0.0524875 0.0413213 0.154803 0.160223 1.30995
0.109293 -0.0124524 -0.0807295 -0.28765 0.298763 -1.84441
0.105999 0.0293962 0.0466064 0.527862 0.529915 1.48273
0.0872689 0.0669638 0.147621 -0.792015 0.805654 -1.38652
# x y Real Imaginary Modulus Phase <-> f = 0 s = 4
-0.0412067 0.10199 0.882108 -0.0138081 0.882216 -0.0156522
-0.0764124 0.0791274 -0.479718 0.176034 0.510996 2.7899
-0.10049 0.044741 0.200725 -0.169526 0.262735 -0.701331
-0.109933 0.00383894 -0.0642712 0.10364 0.121951 2.12589
-0.103366 -0.0376222 0.0226757 -0.0494595 0.0544099 -1.14092
-0.0817459 -0.0736044 -0.00667767 0.015874 0.0172213 1.96899
-0.0482208 -0.0988673 -0.000928628 -0.00345117 0.00357392 -1.83365
-0.00767321 -0.109732 0.00994262 -1.14068e-05 0.00994262 -0.00114727
0.0339919 -0.104616 -0.00561809 -0.0013605 0.00578048 -2.904
0.0707066 -0.0842649 0.00776835 0.0196406 0.0211211 1.19415
0.0971242 -0.0516419 -0.0272918 -0.0422538 0.0503014 -2.14428
0.109397 -0.0114981 0.0494271 0.0931984 0.105494 1.08317
0.105739 0.0303201 -0.0675043 -0.213012 0.223452 -1.87769
0.0866812 0.0677228 0.0109741 0.44235 0.442486 1.54599
0.055 0.0952628 0.228641 -0.741566 0.776013 -1.27172
# x y Real Imaginary Modulus Phase <-> f = 0 s = 5
-0.0771 0.0784575 0.906697 -0.023181 0.906994 -0.0255608
-0.100877 0.0438624 -0.558146 0.222332 0.600798 2.76252
-0.109962 0.00287946 0.265746 -0.209963 0.338682 -0.668669
-0.103034 -0.0385228 -0.12905 0.118176 0.174984 2.40015
-0.0811005 -0.0743149 0.0569081 -0.0384736 0.0686932 -0.594481
-0.0473562 -0.0992844 -0.0127616 0.00978135 0.016079 2.48764
-0.00671534 -0.109795 -0.00165946 -0.00338837 0.00377291 -2.02621
0.0349035 -0.104316 0.0116089 0.00491864 0.0126079 0.400765
0.0714393 -0.0836447 -0.0145299 -0.00250157 0.0147437 -2.9711
0.0975712 -0.0507923 0.0194173 0.00560336 0.0202096 0.280943
0.109494 -0.010543 -0.0301954 -0.0199032 0.0361649 -2.55881
0.10547 0.0312417 0.0597543 0.0632741 0.0870298 0.814
0.0860869 0.0684766 -0.0849314 -0.17587 0.195304 -2.02069
0.0541666 0.0957391 0.038993 0.407186 0.409049 1.47533
0.0143579 0.109059 0.197001 -0.727194 0.753406 -1.30624
# x y Real Imaginary Modulus Phase <-> f = 0 s = 6
-0.101256 0.0429804 0.846005 -0.0462464 0.847268 -0.0546102
-0.109983 0.00191976 -0.554582 0.310058 0.635372 2.6318
-0.102694 -0.0394205 0.324114 -0.239033 0.402724 -0.635451
-0.0804489 -0.0750198 -0.154699 0.103083 0.185897 2.55381
-0.046488 -0.0996939 0.044164 -0.0376933 0.0580624 -0.706514
-0.00575696 -0.109849 1.53229e-05 0.0179777 0.0179777 1.56994
0.0358125 -0.104007 -0.0095612 0.00190918 0.00974995 2.9445
0.0721665 -0.0830181 0.0147425 0.0111849 0.0185052 0.649036
0.0980107 -0.049939 -0.0212438 0.00826977 0.0227967 2.77036
0.109581 -0.00958713 0.00920597 -0.00474761 0.0103581 -0.476136
0.105194 0.0321609 -0.0317001 -0.0105671 0.0334149 -2.81983
0.0854861 0.0692252 0.0611694 0.051169 0.0797494 0.696612
0.0533291 0.0962082 -0.085032 -0.15746 0.178953 -2.06595
0.0134056 0.10918 0.0297478 0.394024 0.395145 1.49544
-0.0284701 0.106252 0.234309 -0.751494 0.787175 -1.26856
# x y Real Imaginary Modulus Phase <-> f = 0 s = 7
-0.109996 0.000959919 0.764883 -0.0806323 0.769122 -0.10503
-0.102346 -0.0403151 -0.612809 0.356361 0.708892 2.61487
-0.0797912 -0.075719 0.355406 -0.207386 0.411488 -0.528212
-0.0456163 -0.100096 -0.117091 0.0881067 0.146537 2.49652
-0.00479813 -0.109895 0.00533357 -0.0441521 0.0444731 -1.45058
0.0367188 -0.103691 0.00841751 0.0103334 0.0133279 0.887219
0.0728882 -0.0823851 -0.0256755 0.00445224 0.0260587 2.9699
0.0984428 -0.0490818 0.010914 0.00665314 0.012782 0.547446
0.109661 -0.0086305 -0.023206 0.0127576 0.0264816 2.63894
0.104909 0.0330776 0.00275851 -0.00806119 0.0085201 -1.24109
0.0848787 0.0699686 -0.0303048 -0.012598 0.0328191 -2.74762
0.0524875 0.0966699 0.0606317 0.0519084 0.0798165 0.70804
0.0124524 0.109293 -0.080765 -0.177837 0.195318 -1.9971
-0.0293962 0.105999 0.0122506 0.467418 0.467578 1.54459
-0.0669638 0.0872689 0.154039 -0.769336 0.784606 -1.37319
# x y Real Imaginary Modulus Phase <-> f = 0 s = 8
-0.10199 -0.0412067 0.727366 -0.146648 0.742002 -0.198948
-0.0791274 -0.0764124 -0.622982 0.326845 0.703515 2.65842
-0.044741 -0.10049 0.260259 -0.174858 0.313544 -0.591592
-0.00383894 -0.109933 -0.0259828 0.0910457 0.0946806 1.84879
0.0376222 -0.103366 -0.025097 -0.0314913 0.0402687 -2.24368
0.0736044 -0.0817459 0.024036 -0.00765323 0.025225 -0.308257
0.0988673 -0.0482208 -0.035914 0.00557964 0.0363449 2.98746
0.109732 -0.00767321 0.00855641 0.00627889 0.010613 0.633067
0.104616 0.0339919 -0.0220273 0.01359 0.0258822 2.58879
0.0842649 0.0707066 0.011315 -0.00854602 0.0141797 -0.646875
0.0516419 0.0971242 -0.0338379 -0.00993452 0.0352661 -2.85603
0.0114981 0.109397 0.0612208 0.0639219 0.0885099 0.806979
-0.0303201 0.105739 -0.0747764 -0.23571 0.247287 -1.87799
-0.0677228 0.0866812 0.0799148 0.527066 0.53309 1.42032
-0.0952628 0.055 0.0690754 -0.746028 0.749219 -1.47847
# x y Real Imaginary Modulus Phase <-> f = 0 s = 9
-0.0784575 -0.0771 0.862911 -0.0596989 0.864973 -0.0690731
-0.0438624 -0.100877 -0.506519 0.1504 0.528377 2.85296
-0.00287946 -0.109962 0.113473 -0.137058 0.177935 -0.879264
0.0385228 -0.103034 0.0161861 0.0588668 0.0610515 1.30247
0.0743149 -0.0811005 -0.0308416 -0.0113752 0.0328724 -2.78825
0.0992844 -0.0473562 0.0294025 -0.0165777 0.0337539 -0.513392
0.109795 -0.00671534 -0.0331483 0.00545203 0.0335936 2.97858
0.104316 0.0349035 0.0106862 0.0135032 0.0172201 0.901333
0.0836447 0.0714393 -0.0148702 0.0105628 0.0182399 2.52397
0.0507923 0.0975712 0.0171083 0.000716049 0.0171233 0.0418294
0.010543 0.109494 -0.0299234 -0.024604 0.0387397 -2.45344
-0.0312417 0.10547 0.0430446 0.113587 0.12147 1.20856
-0.0684766 0.0860869 -0.076359 -0.300854 0.310393 -1.81935
-0.0957391 0.0541666 0.078431 0.594964 0.600112 1.43973
-0.109059 0.0143579 0.00580832 -0.794952 0.794973 -1.56349
# x y Real Imaginary Modulus Phase <-> f = 0 s = 10
-0.0429804 -0.101256 0.895677 0.1287 0.904876 0.142714
-0.00191976 -0.109983 -0.348705 0.113493 0.36671 2.82694
0.0394205 -0.102694 0.0733657 -0.11524 0.136611 -1.00387
0.0750198 -0.0804489 0.00829033 0.0530286 0.0536728 1.41571
0.0996939 -0.046488 -0.0282129 -0.0106529 0.0301571 -2.78055
0.109849 -0.00575696 0.0298858 -0.0025967 0.0299984 -0.0866698
0.104007 0.0358125 -0.0265781 -0.0013988 0.0266149 -3.08901
0.0830181 0.0721665 0.0148656 0.014961 0.0210907 0.788595
0.049939 0.0980107 -0.00964022 -0.00092745 0.00968473 -3.04568
0.00958713 0.109581 0.011798 0.00814633 0.0143372 0.604309
-0.0321609 0.105194 -0.00906033 -0.0405136 0.0415143 -1.79081
-0.0692252 0.0854861 0.0259474 0.132084 0.134609 1.37682
-0.0962082 0.0533291 -0.0342742 -0.307351 0.309256 -1.68185
-0.10918 0.0134056 0.0455773 0.602213 0.603935 1.49526
-0.106252 -0.0284701 0.120754 -0.780708 0.789991 -1.41734
# x y Real Imaginary Modulus Phase <-> f = 0 s = 11
-0.000959919 -0.109996 0.767253 0.20991 0.795449 0.267052
0.0403151 -0.102346 -0.318915 0.0956839 0.33296 2.85011
0.075719 -0.0797912 0.0986678 -0.118316 0.154059 -0.875705
0.100096 -0.0456163 -0.00625271 0.0729662 0.0732336 1.65628
0.109895 -0.00479813 -0.0119946 -0.0333462 0.0354378 -1.91609
0.103691 0.0367188 0.00890504 0.0175708 0.0196985 1.10172
0.0823851 0.0728882 -0.00811364 -0.00499016 0.00952538 -2.59019
0.0490818 0.0984428 0.0122946 0.0057856 0.0135879 0.439836
0.0086305 0.109661 -0.00464513 -0.00165488 0.00493112 -2.79935
-0.0330776 0.104909 0.00527064 0.00760595 0.00925365 0.964809
-0.0699686 0.0848787 -0.0118953 -0.0394811 0.0412342 -1.86344
-0.0966699 0.0524875 0.0262745 0.0991488 0.102571 1.31175
-0.109293 0.0124524 -0.0483581 -0.230894 0.235903 -1.77725
-0.105999 -0.0293962 5.02175e-05 0.423397 0.423397 1.57068
-0.0872689 -0.0669638 0.295632 -0.68192 0.743245 -1.16172
# x y Real Imaginary Modulus Phase <-> f = 0 s = 12
0.0412067 -0.10199 0.821346 0.199609 0.845254 0.238405
0.0764124 -0.0791274 -0.423021 0.103952 0.435607 2.90063
0.10049 -0.044741 0.172341 -0.154337 0.231347 -0.730342
0.109933 -0.00383894 -0.0717474 0.104041 0.126381 2.17451
0.103366 0.0376222 0.035958 -0.0512127 0.0625757 -0.958643
0.0817459 0.0736044 -0.0168752 0.0129942 0.0212984 2.4854
0.0482208 0.0988673 -0.000575503 -0.00335202 0.00340106 -1.74083
0.00767321 0.109732 0.0053609 0.00148545 0.0055629 0.270308
-0.0339919 0.104616 -0.000829694 -0.000537541 0.000988606 -2.56671
-0.0707066 0.0842649 0.0108072 0.00678801 0.0127621 0.560827
-0.0971242 0.0516419 -0.0301752 -0.0152944 0.0338299 -2.67248
-0.109397 0.0114981 0.06156 0.0380959 0.0723943 0.554158
-0.105739 -0.0303201 -0.0850171 -0.108493 0.137835 -2.23547
-0.0866812 -0.0677228 0.0261028 0.277939 0.279162 1.47716
-0.055 -0.0952628 0.275993 -0.512435 0.582032 -1.07675
# x y Real Imaginary Modulus Phase <-> f = 0 s = 13
0.0771 -0.0784575 0.949969 0.0352656 0.950623 0.0371059
0.100877 -0.0438624 -0.577899 0.239804 0.625679 2.74826
0.109962 -0.00287946 0.336428 -0.224742 0.40459 -0.588942
0.103034 0.0385228 -0.183017 0.105271 0.211133 2.61961
0.0811005 0.0743149 0.0842193 -0.0280464 0.0887665 -0.321465
0.0473562 0.0992844 -0.0290854 0.000138941 0.0290857 3.13682
0.00671534 0.109795 0.00492677 -0.00235294 0.0054598 -0.445553
-0.0349035 0.104316 0.00279218 0.00433568 0.00515697 0.998651
-0.0714393 0.0836447 -0.0010646 0.0105496 0.0106032 1.67137
-0.0975712 0.0507923 0.00580934 -0.00646916 0.00869474 -0.839084
-0.109494 0.010543 -0.0293403 0.00850001 0.0305467 2.85961
-0.10547 -0.0312417 0.0526039 -0.00524879 0.0528651 -0.0994504
-0.0860869 -0.0684766 -0.0737408 -0.0665731 0.0993463 -2.40723
-0.0541666 -0.0957391 0.0244134 0.235816 0.237077 1.46764
-0.0143579 -0.109059 0.30489 -0.533705 0.614653 -1.05177
# x y Real Imaginary Modulus Phase <-> f = 0 s = 14
0.101256 -0.0429804 0.743417 -0.0911019 0.748978 -0.121937
0.109983 -0.00191976 -0.574906 0.44763 0.728622 2.48003
0.102694 0.0394205 0.413284 -0.303435 0.512715 -0.633315
0.0804489 0.0750198 -0.211885 0.125267 0.246144 2.60767
0.046488 0.0996939 0.091532 -0.0446851 0.101857 -0.454156
0.00575696 0.109849 -0.0214071 0.020636 0.029734 2.37453
-0.0358125 0.104007 -0.00276097 -0.010971 0.0113131 -1.81734
-0.0721665 0.0830181 0.00533491 0.0111572 0.0123671 1.12477
-0.0980107 0.049939 -0.0118497 0.0161312 0.0200158 2.20436
-0.109581 0.00958713 0.00163095 -0.0256142 0.0256661 -1.50721
-0.105194 -0.0321609 -0.0150537 0.0231838 0.0276425 2.14669
-0.0854861 -0.0692252 0.0387385 -0.00846169 0.0396519 -0.215053
-0.0533291 -0.0962082 -0.0703168 -0.0774034 0.104574 -2.30826
-0.0134056 -0.10918 0.00240902 0.309183 0.309192 1.563
0.0284701 -0.106252 0.313902 -0.727035 0.791906 -1.16322
# x y Real Imaginary Modulus Phase <-> f = 0 s = 15
0.109996 -0.000959919 0.658615 0.0156888 0.658802 0.0238164
0.102346 0.0403151 -0.528967 0.440568 0.688409 2.44712
0.0797912 0.075719 0.351846 -0.286458 0.453711 -0.683313
0.0456163 0.100096 -0.156556 0.135971 0.207359 2.42645
0.00479813 0.109895 0.0404612 -0.054842 0.0681524 -0.935164
-0.0367188 0.103691 0.000250917 0.0232754 0.0232767 1.56002
-0.0728882 0.0823851 -0.0154902 -0.00576509 0.0165282 -2.7853
-0.0984428 0.0490818 0.00440423 0.00867057 0.00972502 1.10081
-0.109661 0.0086305 -0.0194892 0.0191803 0.0273444 2.36418
-0.104909 -0.0330776 -0.000922838 -0.0353277 0.0353397 -1.59691
-0.0848787 -0.0699686 -0.0133636 0.0246632 0.0280511 2.06736
-0.0524875 -0.0966699 0.0498578 0.0103472 0.0509202 0.204629
-0.0124524 -0.109293 -0.0797855 -0.144082 0.164698 -2.07652
0.0293962 -0.105999 0.00406878 0.478847 0.478864 1.5623
0.0669638 -0.0872689 0.0744467 -0.784344 0.787869 -1.47616
