# x y Real Imaginary Modulus Phase <-> f = 0 s = 0
0.10199 0.0412067 0.733319 -0.0357949 0.734192 -0.0487735
0.0791274 0.0764124 -0.568781 0.330506 0.657834 2.6152
0.044741 0.10049 0.296665 -0.227061 0.373587 -0.65327
0.00383894 0.109933 -0.0957408 0.106968 0.143556 2.30087
-0.0376222 0.103366 0.0148771 -0.0492893 0.0514856 -1.27766
-0.0736044 0.0817459 0.00327593 0.0135928 0.013982 1.3343
-0.0988673 0.0482208 -0.0239148 0.000602884 0.0239224 3.11639
-0.109732 0.00767321 0.0027802 0.00486496 0.00560334 1.05162
-0.104616 -0.0339919 -0.0189269 0.0206169 0.0279873 2.31348
-0.0842649 -0.0707066 0.00902525 -0.0282941 0.0296987 -1.26202
-0.0516419 -0.0971242 -0.025947 0.00946422 0.0276191 2.79184
-0.0114981 -0.109397 0.05698 0.0671885 0.0880966 0.867428
0.0303201 -0.105739 -0.0494143 -0.28191 0.286208 -1.74432
0.0677228 -0.0866812 0.12805 0.641351 0.654009 1.37373
0.0952628 -0.055 -0.0159814 -0.636463 0.636664 -1.5959
# x y Real Imaginary Modulus Phase <-> f = 0 s = 1
0.0784575 0.0771 0.817715 -0.082946 0.821912 -0.101091
0.0438624 0.100877 -0.576507 0.270142 0.63666 2.70339
0.00287946 0.109962 0.236361 -0.174326 0.293694 -0.635479
-0.0385228 0.103034 -0.0571054 0.10352 0.118226 2.07489
-0.0743149 0.0811005 0.00261228 -0.0436819 0.0437599 -1.51107
-0.0992844 0.0473562 0.003394 0.00983569 0.0104048 1.23852
-0.109795 0.00671534 -0.0236283 0.00132875 0.0236656 3.08542
-0.104316 -0.0349035 0.0070023 0.0104371 0.0125684 0.979865
-0.0836447 -0.0714393 -0.0173939 0.0170801 0.0243778 2.36529
-0.0507923 -0.0975712 0.0132469 -0.0057906 0.0144572 -0.412098
-0.010543 -0.109494 -0.0239953 -0.0344766 0.0420048 -2.17882
0.0312417 -0.10547 0.0124093 0.140689 0.141235 1.48282
0.0684766 -0.0860869 -0.0556784 -0.392291 0.396223 -1.71179
0.0957391 -0.0541666 0.190446 0.632316 0.660373 1.27825
0.109059 -0.0143579 0.0352733 -0.685896 0.686802 -1.51941
# x y Real Imaginary Modulus Phase <-> f = 0 s = 2
0.0429804 0.101256 0.874913 -0.0810869 0.878662 -0.092416
0.00191976 0.109983 -0.527166 0.185161 0.558738 2.80382
-0.0394205 0.102694 0.188596 -0.176915 0.258587 -0.753451
-0.0750198 0.0804489 -0.0408765 0.0990518 0.107155 1.96218
-0.0996939 0.046488 0.0016066 -0.0452843 0.0453128 -1.53533
-0.109849 0.00575696 0.00839307 0.0108349 0.0137054 0.911715
-0.104007 -0.0358125 -0.0153666 -0.00382814 0.0158362 -2.89744
-0.0830181 -0.0721665 0.0134912 0.0111651 0.0175121 0.691335
-0.049939 -0.0980107 -0.00731868 0.00657757 0.00984009 2.40948
-0.00958713 -0.109581 0.0052282 0.00898613 0.0103964 1.04386
0.0321609 -0.105194 0.00665598 -0.0542719 0.0546785 -1.44876
0.0692252 -0.0854861 0.00816447 0.178407 0.178594 1.52507
0.0962082 -0.0533291 -0.0874527 -0.360855 0.371301 -1.80856
0.10918 -0.0134056 0.103248 0.568038 0.577345 1.391
0.106252 0.0284701 0.100816 -0.774303 0.780839 -1.44132
# x y Real Imaginary Modulus Phase <-> f = 0 s = 3
0.000959919 0.109996 0.904535 0.00724074 0.904564 0.00800476
-0.0403151 0.102346 -0.48266 0.198591 0.521919 2.75125
-0.075719 0.0797912 0.17472 -0.167026 0.241712 -0.762888
-0.100096 0.0456163 -0.0470627 0.099897 0.110428 2.01107
-0.109895 0.00479813 0.000884397 -0.0451564 0.0451651 -1.55121
-0.103691 -0.0367188 0.00620851 0.0194758 0.0204414 1.2622
-0.0823851 -0.0728882 -0.00672191 -0.00844009 0.0107898 -2.24335
-0.0490818 -0.0984428 0.0111218 0.00340716 0.011632 0.297271
-0.0086305 -0.109661 -0.00623228 -0.000408467 0.00624565 -3.07615
0.0330776 -0.104909 -0.00337592 0.0108411 0.0113546 1.87268
0.0699686 -0.0848787 0.00611579 -0.0677727 0.0680481 -1.4808
0.0966699 -0.0524875 0.0410828 0.154876 0.160233 1.31151
0.109293 -0.0124524 -0.0806651 -0.287628 0.298725 -1.84422
0.105999 0.0293962 0.0465258 0.527754 0.529801 1.48287
0.0872689 0.0669638 0.14745 -0.792146 0.805752 -1.38676
# x y Real Imaginary Modulus Phase <-> f = 0 s = 4
-0.0412067 0.10199 0.882009 -0.0136719 0.882115 -0.0154996
-0.0764124 0.0791274 -0.479378 0.17597 0.510655 2.78978
-0.10049 0.044741 0.200826 -0.169607 0.262865 -0.701321
-0.109933 0.00383894 -0.0641852 0.103481 0.12177 2.12598
-0.103366 -0.0376222 0.0229538 -0.0494156 0.0544865 -1.13594
-0.0817459 -0.0736044 -0.00715123 0.0161461 0.0176589 1.98774
-0.0482208 -0.0988673 -0.000837155 -0.00354286 0.00364042 -1.80283
-0.00767321 -0.109732 0.0096838 -8.03002e-05 0.00968413 -0.00829203
0.0339919 -0.104616 -0.00555672 -0.00123613 0.00569255 -2.9227
0.0707066 -0.0842649 0.00770227 0.0195972 0.0210565 1.19631
0.0971242 -0.0516419 -0.027081 -0.0422375 0.0501736 -2.14093
0.109397 -0.0114981 0.0494372 0.0932403 0.105536 1.08327
0.105739 0.0303201 -0.0673711 -0.21289 0.223296 -1.87728
0.0866812 0.0677228 0.0108076 0.442408 0.44254 1.54637
0.055 0.0952628 0.228797 -0.741629 0.77612 -1.27155
# x y Real Imaginary Modulus Phase <-> f = 0 s = 5
-0.0771 0.0784575 0.906778 -0.023398 0.90708 -0.0257977
-0.100877 0.0438624 -0.558016 0.221963 0.600541 2.76301
-0.109962 0.00287946 0.265701 -0.21007 0.338713 -0.669
-0.103034 -0.0385228 -0.129256 0.11845 0.175322 2.39979
-0.0811005 -0.0743149 0.0571712 -0.0389401 0.0691728 -0.597938
-0.0473562 -0.0992844 -0.0128154 0.00942493 0.015908 2.50748
-0.00671534 -0.109795 -0.00174707 -0.00340805 0.00382976 -2.0445
0.0349035 -0.104316 0.0114981 0.00462764 0.0123944 0.382634
0.0714393 -0.0836447 -0.0145444 -0.00273806 0.0147999 -2.95551
0.0975712 -0.0507923 0.0193182 0.00550468 0.0200871 0.277592
0.109494 -0.010543 -0.0299766 -0.0199099 0.0359861 -2.55531
0.10547 0.0312417 0.059908 0.0633201 0.0871688 0.813081
0.0860869 0.0684766 -0.0848004 -0.175783 0.195169 -2.02028
0.0541666 0.0957391 0.0389288 0.406991 0.408848 1.47544
0.0143579 0.109059 0.196936 -0.727342 0.753532 -1.30637
# x y Real Imaginary Modulus Phase <-> f = 0 s = 6
-0.101256 0.0429804 0.845482 -0.0457092 0.846717 -0.0540103
-0.109983 0.00191976 -0.554402 0.310322 0.635343 2.6313
-0.102694 -0.0394205 0.323557 -0.23887 0.402179 -0.635946
-0.0804489 -0.0750198 -0.153476 0.103997 0.185392 2.54605
-0.046488 -0.0996939 0.0447907 -0.0386593 0.0591671 -0.712056
-0.00575696 -0.109849 -0.000203296 0.0174076 0.0174088 1.58247
0.0358125 -0.104007 -0.00931671 0.00269316 0.00969816 2.8602
0.0721665 -0.0830181 0.0147455 0.0112206 0.0185292 0.650473
0.0980107 -0.049939 -0.0216439 0.00807769 0.0231021 2.78439
0.109581 -0.00958713 0.00952871 -0.00449186 0.0105344 -0.440509
0.105194 0.0321609 -0.031752 -0.0110041 0.0336048 -2.80798
0.0854861 0.0692252 0.0612027 0.0513015 0.07986 0.697617
0.0533291 0.0962082 -0.0854455 -0.157594 0.179267 -2.06762
0.0134056 0.10918 0.0303351 0.395462 0.396624 1.49424
-0.0284701 0.106252 0.234069 -0.750638 0.786286 -1.26853
# x y Real Imaginary Modulus Phase <-> f = 0 s = 7
-0.109996 0.000959919 0.76525 -0.07993 0.769413 -0.104072
-0.102346 -0.0403151 -0.613804 0.35558 0.70936 2.61653
-0.0797912 -0.075719 0.354456 -0.206468 0.410205 -0.527447
-0.0456163 -0.100096 -0.118472 0.0889071 0.148122 2.49781
-0.00479813 -0.109895 0.00532953 -0.043472 0.0437975 -1.44881
0.0367188 -0.103691 0.00900137 0.00927639 0.0129258 0.800443
0.0728882 -0.0823851 -0.0259263 0.00388436 0.0262157 2.99288
0.0984428 -0.0490818 0.0120059 0.0068052 0.0138005 0.515665
0.109661 -0.0086305 -0.023444 0.0127946 0.0267081 2.64202
0.104909 0.0330776 0.00421083 -0.00769819 0.00877458 -1.07027
0.0848787 0.0699686 -0.0291472 -0.0114307 0.0313084 -2.76785
0.0524875 0.0966699 0.0596302 0.0510207 0.0784785 0.707747
0.0124524 0.109293 -0.0799293 -0.176029 0.193326 -1.99703
-0.0293962 0.105999 0.0114374 0.466037 0.466177 1.54626
-0.0669638 0.0872689 0.153208 -0.769462 0.784566 -1.37426
# x y Real Imaginary Modulus Phase <-> f = 0 s = 8
-0.10199 -0.0412067 0.727539 -0.145532 0.741952 -0.197428
-0.0791274 -0.0764124 -0.62199 0.32736 0.702877 2.65712
-0.044741 -0.10049 0.260341 -0.173813 0.313031 -0.588674
-0.00383894 -0.109933 -0.0257241 0.0926161 0.0961221 1.84172
0.0376222 -0.103366 -0.0249793 -0.0308039 0.0396591 -2.25216
0.0736044 -0.0817459 0.0237849 -0.00668679 0.024707 -0.274062
0.0988673 -0.0482208 -0.03566 0.00561864 0.0360999 2.98532
0.109732 -0.00767321 0.00812803 0.00538702 0.00975114 0.5853
0.104616 0.0339919 -0.0224343 0.0134192 0.0261414 2.60253
0.0842649 0.0707066 0.0112139 -0.0083262 0.013967 -0.638678
0.0516419 0.0971242 -0.0338223 -0.00853509 0.0348826 -2.8944
0.0114981 0.109397 0.0605484 0.0653048 0.0890552 0.823174
-0.0303201 0.105739 -0.0742618 -0.235909 0.247322 -1.87577
-0.0677228 0.0866812 0.0806239 0.527441 0.533568 1.41911
-0.0952628 0.055 0.0689902 -0.747942 0.751117 -1.47882
# x y Real Imaginary Modulus Phase <-> f = 0 s = 9
-0.0784575 -0.0771 0.862584 -0.0595347 0.864636 -0.0689098
-0.0438624 -0.100877 -0.507068 0.150842 0.529028 2.85245
-0.00287946 -0.109962 0.113764 -0.137326 0.178327 -0.878964
0.0385228 -0.103034 0.0152711 0.0596796 0.0616025 1.32029
0.0743149 -0.0811005 -0.0312471 -0.0116479 0.0333475 -2.78478
0.0992844 -0.0473562 0.0280419 -0.0154405 0.0320118 -0.503322
0.109795 -0.00671534 -0.0336311 0.00507615 0.034012 2.99179
0.104316 0.0349035 0.00985958 0.0119987 0.01553 0.882952
0.0836447 0.0714393 -0.0148516 0.0101105 0.0179664 2.54389
0.0507923 0.0975712 0.0171327 -5.73314e-05 0.0171328 -0.0033463
0.010543 0.109494 -0.0301357 -0.0240268 0.0385415 -2.46851
-0.0312417 0.10547 0.0426239 0.112723 0.120512 1.20928
-0.0684766 0.0860869 -0.0759674 -0.300174 0.309637 -1.81867
-0.0957391 0.0541666 0.0797058 0.595116 0.60043 1.43766
-0.109059 0.0143579 0.00556786 -0.795825 0.795844 -1.5638
# x y Real Imaginary Modulus Phase <-> f = 0 s = 10
-0.0429804 -0.101256 0.896841 0.128855 0.906051 0.142699
-0.00191976 -0.109983 -0.34947 0.115341 0.368012 2.8228
0.0394205 -0.102694 0.0723186 -0.115659 0.136407 -1.012
0.0750198 -0.0804489 0.00972648 0.0544821 0.0553435 1.39413
0.0996939 -0.046488 -0.0291435 -0.0124314 0.0316841 -2.7384
0.109849 -0.00575696 0.029748 -0.00421321 0.0300449 -0.140694
0.104007 0.0358125 -0.0252159 -0.00125891 0.0252473 -3.09171
0.0830181 0.0721665 0.0149071 0.0142402 0.0206157 0.762524
0.049939 0.0980107 -0.0103214 0.000392164 0.0103288 3.10362
0.00958713 0.109581 0.0112925 0.00668621 0.0131235 0.534585
-0.0321609 0.105194 -0.0104758 -0.0411193 0.0424327 -1.82026
-0.0692252 0.0854861 0.0246706 0.131334 0.133631 1.38511
-0.0962082 0.0533291 -0.0353824 -0.307671 0.309699 -1.68529
-0.10918 0.0134056 0.0450841 0.602756 0.604439 1.49614
-0.106252 -0.0284701 0.120462 -0.782069 0.791292 -1.41797
# x y Real Imaginary Modulus Phase <-> f = 0 s = 11
-0.000959919 -0.109996 0.766404 0.210738 0.794849 0.268338
0.0403151 -0.102346 -0.319333 0.0968329 0.333692 2.84717
0.075719 -0.0797912 0.0984583 -0.119063 0.1545 -0.879843
0.100096 -0.0456163 -0.00696536 0.0723967 0.072731 1.66671
0.109895 -0.00479813 -0.0115968 -0.0334006 0.0353565 -1.90498
0.103691 0.0367188 0.00911873 0.0166068 0.0189456 1.06865
0.0823851 0.0728882 -0.00761799 -0.00523499 0.00924331 -2.53952
0.0490818 0.0984428 0.0115188 0.00652343 0.0132377 0.515294
0.0086305 0.109661 -0.00394919 -0.00077001 0.00402356 -2.94903
-0.0330776 0.104909 0.00678706 0.00724419 0.00992685 0.817966
-0.0699686 0.0848787 -0.0127025 -0.0390366 0.0410513 -1.88539
-0.0966699 0.0524875 0.0266651 0.0987899 0.102325 1.30716
-0.109293 0.0124524 -0.0488773 -0.232338 0.237424 -1.77814
-0.105999 -0.0293962 0.000868947 0.423433 0.423434 1.56874
-0.0872689 -0.0669638 0.295868 -0.680446 0.741987 -1.16064
# x y Real Imaginary Modulus Phase <-> f = 0 s = 12
0.0412067 -0.10199 0.821454 0.199607 0.845358 0.238373
0.0764124 -0.0791274 -0.423608 0.103309 0.436024 2.90238
0.10049 -0.044741 0.172622 -0.154311 0.231539 -0.729447
0.109933 -0.00383894 -0.0716591 0.104598 0.12679 2.17145
0.103366 0.0376222 0.0367042 -0.0510355 0.0628635 -0.947307
0.0817459 0.0736044 -0.0159991 0.0133478 0.0208359 2.4463
0.0482208 0.0988673 -0.000128274 -0.00320954 0.0032121 -1.61074
0.00767321 0.109732 0.00521668 0.00184525 0.00553341 0.339985
-0.0339919 0.104616 -0.00146081 -0.000361706 0.00150492 -2.89887
-0.0707066 0.0842649 0.010829 0.00651492 0.0126377 0.541607
-0.0971242 0.0516419 -0.0304074 -0.0143576 0.0336266 -2.70045
-0.109397 0.0114981 0.0614828 0.0390117 0.0728152 0.565412
-0.105739 -0.0303201 -0.0846415 -0.107981 0.137201 -2.23562
-0.0866812 -0.0677228 0.026684 0.277981 0.279258 1.4751
-0.055 -0.0952628 0.275837 -0.512243 0.58179 -1.07683
# x y Real Imaginary Modulus Phase <-> f = 0 s = 13
0.0771 -0.0784575 0.949107 0.0347683 0.949744 0.0366163
0.100877 -0.0438624 -0.578027 0.23923 0.625577 2.74918
0.109962 -0.00287946 0.337252 -0.224721 0.405264 -0.587769
0.103034 0.0385228 -0.183812 0.105302 0.211838 2.62135
0.0811005 0.0743149 0.0840092 -0.0285248 0.0887199 -0.32733
0.0473562 0.0992844 -0.0281935 4.96956e-05 0.0281935 3.13983
0.00671534 0.109795 0.0045746 -0.00247714 0.00520222 -0.496293
-0.0349035 0.104316 0.00243206 0.00413984 0.00480138 1.03964
-0.0714393 0.0836447 -0.000983499 0.0103035 0.0103503 1.66596
-0.0975712 0.0507923 0.00466402 -0.00642131 0.00793639 -0.942614
-0.109494 0.010543 -0.0302405 0.00993433 0.0318305 2.82419
-0.10547 -0.0312417 0.0522419 -0.00520794 0.0525009 -0.0993605
-0.0860869 -0.0684766 -0.0719518 -0.0657778 0.0974873 -2.40099
-0.0541666 -0.0957391 0.0245045 0.23615 0.237418 1.4674
-0.0143579 -0.109059 0.304854 -0.533244 0.614235 -1.05145
# x y Real Imaginary Modulus Phase <-> f = 0 s = 14
0.101256 -0.0429804 0.742423 -0.0906769 0.74794 -0.121535
0.109983 -0.00191976 -0.574582 0.447226 0.728118 2.48019
0.102694 0.0394205 0.413341 -0.303516 0.512809 -0.633377
0.0804489 0.0750198 -0.21114 0.125477 0.245611 2.60539
0.046488 0.0996939 0.0928258 -0.0440666 0.102755 -0.443223
0.00575696 0.109849 -0.021704 0.0211184 0.0302828 2.36987
-0.0358125 0.104007 -0.00141113 -0.0101165 0.0102144 -1.70939
-0.0721665 0.0830181 0.00449874 0.0104087 0.0113393 1.16284
-0.0980107 0.049939 -0.0110942 0.0161709 0.0196107 2.1721
-0.109581 0.00958713 0.00105401 -0.025263 0.025285 -1.5291
-0.105194 -0.0321609 -0.014959 0.0231607 0.0275715 2.14427
-0.0854861 -0.0692252 0.0391126 -0.0078909 0.0399007 -0.199076
-0.0533291 -0.0962082 -0.0704916 -0.077069 0.104445 -2.31165
-0.0134056 -0.10918 0.00191557 0.308708 0.308713 1.56459
0.0284701 -0.106252 0.312938 -0.728325 0.792709 -1.16498
# x y Real Imaginary Modulus Phase <-> f = 0 s = 15
0.109996 -0.000959919 0.659769 0.0147835 0.659934 0.0224034
0.102346 0.0403151 -0.529183 0.440704 0.688661 2.44717
0.0797912 0.075719 0.351025 -0.284944 0.452119 -0.681863
0.0456163 0.100096 -0.157133 0.136061 0.207854 2.42794
0.00479813 0.109895 0.0404789 -0.054638 0.0679989 -0.933173
-0.0367188 0.103691 0.00145268 0.0229564 0.0230023 1.5076
-0.0728882 0.0823851 -0.0169327 -0.00558033 0.0178285 -2.82324
-0.0984428 0.0490818 0.00414283 0.00768431 0.00872993 1.07634
-0.109661 0.0086305 -0.0184852 0.0193726 0.0267768 2.33276
-0.104909 -0.0330776 -0.000417897 -0.0354561 0.0354585 -1.58258
-0.0848787 -0.0699686 -0.0131262 0.0248005 0.02806 2.05759
-0.0524875 -0.0966699 0.0494117 0.0100233 0.050418 0.200137
-0.0124524 -0.109293 -0.080025 -0.144968 0.165589 -2.07519
0.0293962 -0.105999 0.00297525 0.479046 0.479055 1.56459
0.0669638 -0.0872689 0.0748963 -0.784329 0.787897 -1.47559
