# x y Real Imaginary Modulus Phase <-> f = 0 s = 0
0.10199 0.0412067 0.732659 -0.035268 0.733508 -0.0480999
0.0791274 0.0764124 -0.569109 0.329897 0.657812 2.61625
0.044741 0.10049 0.296103 -0.227334 0.373307 -0.654767
0.00383894 0.109933 -0.0951234 0.107108 0.14325 2.297
-0.0376222 0.103366 0.0151584 -0.0490291 0.0513189 -1.27095
-0.0736044 0.0817459 0.00382274 0.0139075 0.0144233 1.30255
-0.0988673 0.0482208 -0.0240177 0.000590475 0.024025 3.11701
-0.109732 0.00767321 0.00277088 0.00475696 0.00550513 1.04335
-0.104616 -0.0339919 -0.0189844 0.0208068 0.0281661 2.31043
-0.0842649 -0.0707066 0.00928889 -0.0274692 0.0289973 -1.24471
-0.0516419 -0.0971242 -0.026288 0.00907667 0.0278109 2.80913
-0.0114981 -0.109397 0.0572576 0.0664328 0.0877026 0.859441
0.0303201 -0.105739 -0.0494212 -0.282138 0.286434 -1.7442
0.0677228 -0.0866812 0.128332 0.641442 0.654154 1.37334
0.0952628 -0.055 -0.0157074 -0.636613 0.636807 -1.59546
# x y Real Imaginary Modulus Phase <-> f = 0 s = 1
0.0784575 0.0771 0.81765 -0.0825213 0.821803 -0.100584
0.0438624 0.100877 -0.576197 0.269796 0.636233 2.70368
0.00287946 0.109962 0.236903 -0.174285 0.294106 -0.634272
-0.0385228 0.103034 -0.0569109 0.103253 0.117899 2.07454
-0.0743149 0.0811005 0.00266384 -0.0433989 0.0434805 -1.50949
-0.0992844 0.0473562 0.00336769 0.0100954 0.0106423 1.24882
-0.109795 0.00671534 -0.0239214 0.00146345 0.0239661 3.08049
-0.104316 -0.0349035 0.00695052 0.0104913 0.0125848 0.985682
-0.0836447 -0.0714393 -0.0172985 0.0177392 0.0247774 2.34361
-0.0507923 -0.0975712 0.0134318 -0.0064151 0.0148851 -0.445572
-0.010543 -0.109494 -0.023414 -0.0343687 0.0415863 -2.16883
0.0312417 -0.10547 0.0129325 0.140107 0.140703 1.47875
0.0684766 -0.0860869 -0.055955 -0.392509 0.396478 -1.7124
0.0957391 -0.0541666 0.190833 0.632335 0.660503 1.2777
0.109059 -0.0143579 0.0350486 -0.686146 0.687041 -1.51976
# x y Real Imaginary Modulus Phase <-> f = 0 s = 2
0.0429804 0.101256 0.875334 -0.0816043 0.879129 -0.0929578
0.00191976 0.109983 -0.527259 0.185391 0.558902 2.80348
-0.0394205 0.102694 0.188576 -0.176574 0.25834 -0.752542
-0.0750198 0.0804489 -0.0411417 0.0991303 0.107329 1.96419
-0.0996939 0.046488 0.00174447 -0.0453919 0.0454254 -1.53238
-0.109849 0.00575696 0.00854754 0.0110625 0.01398 0.91295
-0.104007 -0.0358125 -0.0150933 -0.00408241 0.0156356 -2.87743
-0.0830181 -0.0721665 0.0130778 0.0114618 0.0173897 0.719637
-0.049939 -0.0980107 -0.00788128 0.00637974 0.0101398 2.4611
-0.00958713 -0.109581 0.00490866 0.00895971 0.0102162 1.0696
0.0321609 -0.105194 0.00671261 -0.0538759 0.0542925 -1.44684
0.0692252 -0.0854861 0.00840695 0.178239 0.178437 1.52366
0.0962082 -0.0533291 -0.0877885 -0.360444 0.37098 -1.8097
0.10918 -0.0134056 0.103201 0.568257 0.577552 1.39114
0.106252 0.0284701 0.100657 -0.774005 0.780523 -1.44147
# x y Real Imaginary Modulus Phase <-> f = 0 s = 3
0.000959919 0.109996 0.904362 0.0072199 0.904391 0.00798325
-0.0403151 0.102346 -0.482757 0.198711 0.522054 2.75111
-0.075719 0.0797912 0.174549 -0.167145 0.241671 -0.763731
-0.100096 0.0456163 -0.0470432 0.0998788 0.110403 2.01098
-0.109895 0.00479813 0.000801469 -0.0451122 0.0451193 -1.55303
-0.103691 -0.0367188 0.00610005 0.019554 0.0204834 1.2684
-0.0823851 -0.0728882 -0.00664872 -0.0086977 0.0109478 -2.22346
-0.0490818 -0.0984428 0.0111768 0.00343114 0.0116916 0.297854
-0.0086305 -0.109661 -0.00643159 -0.000393738 0.00644363 -3.08045
0.0330776 -0.104909 -0.00326052 0.0105906 0.0110812 1.86946
0.0699686 -0.0848787 0.00604031 -0.0677714 0.0680401 -1.4819
0.0966699 -0.0524875 0.0409085 0.15488 0.160192 1.31256
0.109293 -0.0124524 -0.0806367 -0.287482 0.298577 -1.84426
0.105999 0.0293962 0.0467421 0.527767 0.529833 1.48246
0.0872689 0.0669638 0.147437 -0.79228 0.805881 -1.38681
# x y Real Imaginary Modulus Phase <-> f = 0 s = 4
-0.0412067 0.10199 0.881911 -0.0137891 0.882019 -0.0156341
-0.0764124 0.0791274 -0.479617 0.17607 0.510914 2.78976
-0.10049 0.044741 0.20105 -0.169729 0.263114 -0.701126
-0.109933 0.00383894 -0.0642596 0.103443 0.121777 2.12667
-0.103366 -0.0376222 0.022914 -0.0493554 0.0544151 -1.13614
-0.0817459 -0.0736044 -0.00687875 0.0161072 0.0175145 1.97441
-0.0482208 -0.0988673 -0.000758579 -0.00356251 0.00364238 -1.7806
-0.00767321 -0.109732 0.0098047 -1.09802e-05 0.00980471 -0.00111989
0.0339919 -0.104616 -0.00546761 -0.00120619 0.00559908 -2.92446
0.0707066 -0.0842649 0.00796663 0.0194251 0.0209953 1.1816
0.0971242 -0.0516419 -0.027066 -0.0422384 0.0501662 -2.14067
0.109397 -0.0114981 0.0495694 0.0934276 0.105763 1.083
0.105739 0.0303201 -0.0672613 -0.212948 0.223318 -1.87674
0.0866812 0.0677228 0.010806 0.442488 0.44262 1.54638
0.055 0.0952628 0.22866 -0.741504 0.77596 -1.27168
# x y Real Imaginary Modulus Phase <-> f = 0 s = 5
-0.0771 0.0784575 0.906497 -0.0232693 0.906796 -0.0256639
-0.100877 0.0438624 -0.558032 0.222193 0.600641 2.76266
-0.109962 0.00287946 0.26556 -0.209718 0.338384 -0.66844
-0.103034 -0.0385228 -0.129011 0.11845 0.175141 2.39884
-0.0811005 -0.0743149 0.0571149 -0.0386106 0.0689412 -0.594448
-0.0473562 -0.0992844 -0.012538 0.00935374 0.0156427 2.50063
-0.00671534 -0.109795 -0.00154769 -0.00289681 0.00328433 -2.06149
0.0349035 -0.104316 0.011562 0.00458678 0.0124386 0.377667
0.0714393 -0.0836447 -0.0146138 -0.00272626 0.0148659 -2.95716
0.0975712 -0.0507923 0.0192379 0.00533153 0.019963 0.270351
0.109494 -0.010543 -0.0301089 -0.0196576 0.0359578 -2.56319
0.10547 0.0312417 0.0601286 0.0632883 0.0872976 0.810994
0.0860869 0.0684766 -0.0847701 -0.175639 0.195026 -2.02046
0.0541666 0.0957391 0.038593 0.406764 0.408591 1.4762
0.0143579 0.109059 0.19708 -0.727267 0.753497 -1.30617
# x y Real Imaginary Modulus Phase <-> f = 0 s = 6
-0.101256 0.0429804 0.845364 -0.045329 0.846579 -0.0535693
-0.109983 0.00191976 -0.555612 0.310878 0.636671 2.63147
-0.102694 -0.0394205 0.323084 -0.238265 0.401439 -0.635436
-0.0804489 -0.0750198 -0.153972 0.104002 0.185806 2.54753
-0.046488 -0.0996939 0.0446889 -0.0385237 0.0590015 -0.711443
-0.00575696 -0.109849 -0.000430336 0.017623 0.0176283 1.59521
0.0358125 -0.104007 -0.0097229 0.00254161 0.0100496 2.88591
0.0721665 -0.0830181 0.0152533 0.0110815 0.0188537 0.628291
0.0980107 -0.049939 -0.0214474 0.00844368 0.0230496 2.76654
0.109581 -0.00958713 0.00933187 -0.00461937 0.0104126 -0.459648
0.105194 0.0321609 -0.0318716 -0.0107612 0.0336393 -2.81597
0.0854861 0.0692252 0.0611536 0.0509744 0.0796125 0.694865
0.0533291 0.0962082 -0.0853744 -0.157329 0.179001 -2.06798
0.0134056 0.10918 0.0300447 0.394497 0.395639 1.49478
-0.0284701 0.106252 0.23446 -0.750784 0.786542 -1.26811
# x y Real Imaginary Modulus Phase <-> f = 0 s = 7
-0.109996 0.000959919 0.765498 -0.0804796 0.769717 -0.104749
-0.102346 -0.0403151 -0.613102 0.355681 0.708804 2.61591
-0.0797912 -0.075719 0.354349 -0.206381 0.410069 -0.527396
-0.0456163 -0.100096 -0.118874 0.0879892 0.147896 2.5044
-0.00479813 -0.109895 0.00510614 -0.0429946 0.0432967 -1.45259
0.0367188 -0.103691 0.00814261 0.00990572 0.0128229 0.882778
0.0728882 -0.0823851 -0.0267389 0.00477832 0.0271625 2.96476
0.0984428 -0.0490818 0.0108852 0.0072995 0.0131061 0.590713
0.109661 -0.0086305 -0.0239625 0.0135056 0.0275064 2.62836
0.104909 0.0330776 0.00499562 -0.00855062 0.00990299 -1.04205
0.0848787 0.0699686 -0.0292765 -0.0123245 0.0317649 -2.74314
0.0524875 0.0966699 0.0601056 0.0507575 0.0786703 0.701275
0.0124524 0.109293 -0.0799393 -0.177385 0.194565 -1.9942
-0.0293962 0.105999 0.0120708 0.466355 0.466511 1.54492
-0.0669638 0.0872689 0.153615 -0.769482 0.784666 -1.37375
# x y Real Imaginary Modulus Phase <-> f = 0 s = 8
-0.10199 -0.0412067 0.726782 -0.145928 0.741287 -0.198152
-0.0791274 -0.0764124 -0.621975 0.326833 0.702618 2.65777
-0.044741 -0.10049 0.260676 -0.173328 0.313041 -0.586791
-0.00383894 -0.109933 -0.024521 0.0920611 0.0952708 1.83111
0.0376222 -0.103366 -0.0255619 -0.0315616 0.0406146 -2.25155
0.0736044 -0.0817459 0.0246534 -0.00615946 0.0254112 -0.24483
0.0988673 -0.0482208 -0.0359147 0.00586861 0.036391 2.97962
0.109732 -0.00767321 0.00895212 0.00585391 0.0106962 0.579122
0.104616 0.0339919 -0.0224388 0.0133955 0.0261331 2.6034
0.0842649 0.0707066 0.0102609 -0.00810302 0.0130746 -0.668427
0.0516419 0.0971242 -0.0340039 -0.00864154 0.0350848 -2.89273
0.0114981 0.109397 0.0602833 0.0649523 0.0886165 0.822663
-0.0303201 0.105739 -0.0752111 -0.236165 0.247852 -1.87911
-0.0677228 0.0866812 0.0804347 0.527367 0.533466 1.41944
-0.0952628 0.055 0.0692708 -0.746718 0.749924 -1.47829
# x y Real Imaginary Modulus Phase <-> f = 0 s = 9
-0.0784575 -0.0771 0.862942 -0.0579754 0.864887 -0.0670826
-0.0438624 -0.100877 -0.507105 0.150997 0.529108 2.85219
-0.00287946 -0.109962 0.113634 -0.136703 0.177765 -0.877294
0.0385228 -0.103034 0.0162428 0.0599366 0.0620985 1.30615
0.0743149 -0.0811005 -0.030973 -0.0125571 0.0334217 -2.75642
0.0992844 -0.0473562 0.0303981 -0.0152042 0.0339884 -0.463783
0.109795 -0.00671534 -0.0340333 0.00431642 0.0343059 3.01544
0.104316 0.0349035 0.0114325 0.0122178 0.0167325 0.818589
0.0836447 0.0714393 -0.0163152 0.00916492 0.0187131 2.62978
0.0507923 0.0975712 0.0173065 -0.000973958 0.0173339 -0.0562178
0.010543 0.109494 -0.0298597 -0.0249125 0.0388875 -2.44627
-0.0312417 0.10547 0.0427345 0.113792 0.121552 1.21154
-0.0684766 0.0860869 -0.0765831 -0.300908 0.3105 -1.82001
-0.0957391 0.0541666 0.0783129 0.596526 0.601645 1.44026
-0.109059 0.0143579 0.00563099 -0.794517 0.794537 -1.56371
# x y Real Imaginary Modulus Phase <-> f = 0 s = 10
-0.0429804 -0.101256 0.896488 0.128466 0.905646 0.14233
-0.00191976 -0.109983 -0.349812 0.114069 0.367941 2.82638
0.0394205 -0.102694 0.0743677 -0.114812 0.136793 -0.996015
0.0750198 -0.0804489 0.0093293 0.0531287 0.0539416 1.39697
0.0996939 -0.046488 -0.0288719 -0.011858 0.0312121 -2.75189
0.109849 -0.00575696 0.0294849 -0.00293878 0.029631 -0.0993426
0.104007 0.0358125 -0.0254672 -0.00154375 0.025514 -3.08105
0.0830181 0.0721665 0.0148847 0.0144988 0.020779 0.772267
0.049939 0.0980107 -0.0108312 0.000925426 0.0108707 3.05636
0.00958713 0.109581 0.0111539 0.00749054 0.0134357 0.591385
-0.0321609 0.105194 -0.00976158 -0.0420935 0.0432105 -1.79867
-0.0692252 0.0854861 0.024504 0.132079 0.134333 1.38736
-0.0962082 0.0533291 -0.0347188 -0.307824 0.309776 -1.68311
-0.10918 0.0134056 0.0456194 0.601321 0.603049 1.49508
-0.106252 -0.0284701 0.122025 -0.782606 0.792062 -1.41612
# x y Real Imaginary Modulus Phase <-> f = 0 s = 11
-0.000959919 -0.109996 0.76583 0.20989 0.794071 0.2675
0.0403151 -0.102346 -0.318392 0.0968528 0.332797 2.84629
0.075719 -0.0797912 0.0986491 -0.119256 0.154769 -0.879685
0.100096 -0.0456163 -0.00763544 0.0722591 0.0726613 1.67607
0.109895 -0.00479813 -0.0127146 -0.0345053 0.0367733 -1.92384
0.103691 0.0367188 0.0077363 0.017241 0.0188972 1.14901
0.0823851 0.0728882 -0.00730737 -0.00503285 0.00887284 -2.53847
0.0490818 0.0984428 0.0117363 0.00503764 0.0127718 0.405453
0.0086305 0.109661 -0.00384525 -0.0014773 0.00411927 -2.77479
-0.0330776 0.104909 0.00661281 0.00758033 0.0100594 0.853461
-0.0699686 0.0848787 -0.01327 -0.0392217 0.0414057 -1.89704
-0.0966699 0.0524875 0.0275923 0.0994206 0.103178 1.30008
-0.109293 0.0124524 -0.0479739 -0.232917 0.237806 -1.77393
-0.105999 -0.0293962 2.71466e-05 0.423169 0.423169 1.57073
-0.0872689 -0.0669638 0.295942 -0.681531 0.743011 -1.16113
# x y Real Imaginary Modulus Phase <-> f = 0 s = 12
0.0412067 -0.10199 0.821548 0.19903 0.845313 0.237683
0.0764124 -0.0791274 -0.42327 0.103288 0.43569 2.90225
0.10049 -0.044741 0.17301 -0.15445 0.23192 -0.72878
0.109933 -0.00383894 -0.0714384 0.103964 0.126142 2.17284
0.103366 0.0376222 0.036964 -0.0517381 0.063586 -0.950442
0.0817459 0.0736044 -0.0169792 0.0133712 0.0216121 2.47452
0.0482208 0.0988673 -0.000676924 -0.00370161 0.003763 -1.75167
0.00767321 0.109732 0.00570227 0.00128498 0.00584526 0.221644
-0.0339919 0.104616 -0.000559267 -0.000231219 0.000605179 -2.74956
-0.0707066 0.0842649 0.0109659 0.0070274 0.0130244 0.569908
-0.0971242 0.0516419 -0.030374 -0.0145213 0.0336667 -2.69563
-0.109397 0.0114981 0.0611936 0.0389324 0.0725285 0.566625
-0.105739 -0.0303201 -0.0842183 -0.108117 0.137047 -2.23257
-0.0866812 -0.0677228 0.0259692 0.278467 0.279675 1.47781
-0.055 -0.0952628 0.276119 -0.512097 0.581795 -1.07629
# x y Real Imaginary Modulus Phase <-> f = 0 s = 13
0.0771 -0.0784575 0.949461 0.0355714 0.950127 0.0374473
0.100877 -0.0438624 -0.577146 0.239504 0.624867 2.74824
0.109962 -0.00287946 0.337788 -0.225712 0.406259 -0.589068
0.103034 0.0385228 -0.184296 0.105816 0.212514 2.62039
0.0811005 0.0743149 0.0845946 -0.0280759 0.089132 -0.320448
0.0473562 0.0992844 -0.028511 0.000165878 0.0285115 3.13577
0.00671534 0.109795 0.00454526 -0.00281496 0.00534634 -0.554503
-0.0349035 0.104316 0.00296461 0.00471394 0.00556867 1.0094
-0.0714393 0.0836447 -0.000708852 0.0104589 0.0104829 1.63847
-0.0975712 0.0507923 0.0051112 -0.00647423 0.00824864 -0.90251
-0.109494 0.010543 -0.0297604 0.00833866 0.0309066 2.86841
-0.10547 -0.0312417 0.0532757 -0.00565039 0.0535746 -0.105664
-0.0860869 -0.0684766 -0.0724355 -0.0665332 0.0983543 -2.39864
-0.0541666 -0.0957391 0.0237645 0.23605 0.237243 1.47046
-0.0143579 -0.109059 0.304439 -0.532861 0.613697 -1.05173
# x y Real Imaginary Modulus Phase <-> f = 0 s = 14
0.101256 -0.0429804 0.744237 -0.0909399 0.749773 -0.121589
0.109983 -0.00191976 -0.574474 0.448099 0.728569 2.47916
0.102694 0.0394205 0.413318 -0.303484 0.512771 -0.633352
0.0804489 0.0750198 -0.211598 0.125099 0.245812 2.60766
0.046488 0.0996939 0.0924788 -0.045229 0.102947 -0.454869
0.00575696 0.109849 -0.0218589 0.0202411 0.0297912 2.3946
-0.0358125 0.104007 -0.00150275 -0.0104789 0.0105861 -1.71323
-0.0721665 0.0830181 0.00437638 0.0105946 0.0114629 1.17907
-0.0980107 0.049939 -0.0118827 0.0159178 0.0198639 2.21206
-0.109581 0.00958713 0.00124178 -0.0252428 0.0252733 -1.52164
-0.105194 -0.0321609 -0.0143335 0.0238367 0.0278143 2.11219
-0.0854861 -0.0692252 0.0386812 -0.007604 0.0394215 -0.194106
-0.0533291 -0.0962082 -0.0707118 -0.0764888 0.104167 -2.31697
-0.0134056 -0.10918 0.00347345 0.307845 0.307865 1.55951
0.0284701 -0.106252 0.313086 -0.727767 0.792255 -1.16453
# x y Real Imaginary Modulus Phase <-> f = 0 s = 15
0.109996 -0.000959919 0.659533 0.0139071 0.659679 0.0210831
0.102346 0.0403151 -0.530259 0.440501 0.689359 2.44839
0.0797912 0.075719 0.352093 -0.284891 0.452916 -0.680286
0.0456163 0.100096 -0.157152 0.137048 0.208516 2.42442
0.00479813 0.109895 0.041122 -0.0542257 0.0680548 -0.921973
-0.0367188 0.103691 0.000544605 0.0233463 0.0233527 1.54747
-0.0728882 0.0823851 -0.0162487 -0.00519984 0.0170605 -2.83188
-0.0984428 0.0490818 0.00440711 0.00869704 0.00974993 1.10177
-0.109661 0.0086305 -0.0178687 0.0198313 0.026694 2.30418
-0.104909 -0.0330776 -0.000335679 -0.0342102 0.0342118 -1.58061
-0.0848787 -0.0699686 -0.0138049 0.0250099 0.0285669 2.07516
-0.0524875 -0.0966699 0.0491789 0.00983586 0.0501529 0.197397
-0.0124524 -0.109293 -0.0804549 -0.144556 0.165437 -2.07867
0.0293962 -0.105999 0.00269693 0.478873 0.478881 1.56516
0.0669638 -0.0872689 0.0751061 -0.784548 0.788135 -1.47536
