# x y Real Imaginary Modulus Phase <-> f = 0 s = 0
0.10199 0.0412067 0.743338 -0.0382842 0.744324 -0.0514577
0.0791274 0.0764124 -0.572585 0.324096 0.657945 2.62653
0.044741 0.10049 0.298952 -0.228806 0.376463 -0.65326
0.00383894 0.109933 -0.091684 0.105884 0.140062 2.28444
-0.0376222 0.103366 0.00721403 -0.0514643 0.0519674 -1.43153
-0.0736044 0.0817459 0.00568703 0.0155639 0.0165703 1.22047
-0.0988673 0.0482208 -0.0273126 0.0035668 0.0275445 3.01174
-0.109732 0.00767321 -0.0017783 -0.00223956 0.00285972 -2.24189
-0.104616 -0.0339919 -0.00957043 0.0275941 0.0292066 1.90464
-0.0842649 -0.0707066 -0.00342991 -0.0307517 0.0309424 -1.68187
-0.0516419 -0.0971242 -0.0173715 0.00762802 0.0189725 2.72783
-0.0114981 -0.109397 0.0558712 0.0655416 0.0861237 0.864879
0.0303201 -0.105739 -0.0400681 -0.278958 0.281821 -1.71346
0.0677228 -0.0866812 0.120797 0.645578 0.656783 1.38582
0.0952628 -0.055 -0.0183902 -0.63371 0.633977 -1.59981
# x y Real Imaginary Modulus Phase <-> f = 0 s = 1
0.0784575 0.0771 0.816691 -0.0866238 0.821272 -0.105672
0.0438624 0.100877 -0.568743 0.269798 0.629492 2.69865
0.00287946 0.109962 0.233464 -0.166255 0.286611 -0.618814
-0.0385228 0.103034 -0.0492044 0.109977 0.120482 1.99149
-0.0743149 0.0811005 0.00428796 -0.041973 0.0421915 -1.46899
-0.0992844 0.0473562 -0.00809865 0.0086536 0.0118521 2.32308
-0.109795 0.00671534 -0.0305324 0.00968099 0.0320305 2.83455
-0.104316 -0.0349035 0.00154656 0.010645 0.0107568 1.42652
-0.0836447 -0.0714393 -0.015359 0.0147208 0.0212745 2.37741
-0.0507923 -0.0975712 0.0158867 -0.00938972 0.0184541 -0.533807
-0.010543 -0.109494 -0.0269917 -0.0373195 0.0460576 -2.19696
0.0312417 -0.10547 0.012082 0.140323 0.140842 1.48491
0.0684766 -0.0860869 -0.0592821 -0.386685 0.391203 -1.72292
0.0957391 -0.0541666 0.185487 0.625279 0.652211 1.28242
0.109059 -0.0143579 0.0352111 -0.689945 0.690843 -1.51981
# x y Real Imaginary Modulus Phase <-> f = 0 s = 2
0.0429804 0.101256 0.870153 -0.0830591 0.874108 -0.0951651
0.00191976 0.109983 -0.522514 0.183692 0.553863 2.80353
-0.0394205 0.102694 0.18961 -0.162364 0.249628 -0.708142
-0.0750198 0.0804489 -0.0330819 0.101734 0.106978 1.88519
-0.0996939 0.046488 0.00320324 -0.0453028 0.0454159 -1.50021
-0.109849 0.00575696 0.00812537 0.0037459 0.00894726 0.431974
-0.104007 -0.0358125 -0.00843636 0.00204154 0.00867987 2.90416
-0.0830181 -0.0721665 0.0178587 -0.00463082 0.0184493 -0.253715
-0.049939 -0.0980107 -0.00491582 -0.00125977 0.00507467 -2.89072
-0.00958713 -0.109581 0.00724218 0.0172385 0.018698 1.17307
0.0321609 -0.105194 0.0127289 -0.0500154 0.0516097 -1.32159
0.0692252 -0.0854861 0.00766537 0.182107 0.182268 1.52873
0.0962082 -0.0533291 -0.0866926 -0.365765 0.375899 -1.80352
0.10918 -0.0134056 0.110117 0.574296 0.584758 1.38135
0.106252 0.0284701 0.105577 -0.78034 0.78745 -1.43632
# x y Real Imaginary Modulus Phase <-> f = 0 s = 3
0.000959919 0.109996 0.90219 0.0108224 0.902255 0.0119952
-0.0403151 0.102346 -0.479927 0.195794 0.51833 2.75424
-0.075719 0.0797912 0.173184 -0.163939 0.238471 -0.757983
-0.100096 0.0456163 -0.0447998 0.0994769 0.109099 1.99394
-0.109895 0.00479813 0.00395466 -0.0456207 0.0457918 -1.48433
-0.103691 -0.0367188 0.00527227 0.0210399 0.0216904 1.32527
-0.0823851 -0.0728882 -0.00832776 -0.00933224 0.0125077 -2.29938
-0.0490818 -0.0984428 0.00956231 -0.000544601 0.00957781 -0.0568914
-0.0086305 -0.109661 -0.00155188 0.0015377 0.00218469 2.36079
0.0330776 -0.104909 -0.00539852 0.0102388 0.0115748 2.05602
0.0699686 -0.0848787 -0.00197774 -0.0678329 0.0678617 -1.59994
0.0966699 -0.0524875 0.0452329 0.152851 0.159404 1.28308
0.109293 -0.0124524 -0.0833354 -0.289426 0.301185 -1.85115
0.105999 0.0293962 0.0443285 0.527688 0.529547 1.48699
0.0872689 0.0669638 0.143163 -0.79199 0.804825 -1.39196
# x y Real Imaginary Modulus Phase <-> f = 0 s = 4
-0.0412067 0.10199 0.882139 -0.0121202 0.882222 -0.0137387
-0.0764124 0.0791274 -0.477764 0.174418 0.508606 2.79156
-0.10049 0.044741 0.201114 -0.169054 0.262728 -0.699005
-0.109933 0.00383894 -0.0596726 0.102292 0.118425 2.09889
-0.103366 -0.0376222 0.0228251 -0.0519874 0.0567774 -1.15708
-0.0817459 -0.0736044 -0.00715429 0.0203234 0.0215459 1.90927
-0.0482208 -0.0988673 0.00132126 -0.00424305 0.00444401 -1.26892
-0.00767321 -0.109732 0.0118953 0.00570667 0.0131933 0.44731
0.0339919 -0.104616 -0.00452696 -0.00354285 0.00574848 -2.47755
0.0707066 -0.0842649 0.012405 0.0187071 0.0224463 0.985256
0.0971242 -0.0516419 -0.0318754 -0.0440301 0.0543571 -2.19741
0.109397 -0.0114981 0.0450141 0.0945454 0.104714 1.12644
0.105739 0.0303201 -0.0657563 -0.209763 0.219828 -1.87457
0.0866812 0.0677228 0.0117041 0.450727 0.450879 1.54483
0.055 0.0952628 0.231163 -0.740202 0.775458 -1.2681
# x y Real Imaginary Modulus Phase <-> f = 0 s = 5
-0.0771 0.0784575 0.899718 -0.0221476 0.89999 -0.0246112
-0.100877 0.0438624 -0.557466 0.223695 0.600673 2.75999
-0.109962 0.00287946 0.266608 -0.212799 0.34112 -0.673626
-0.103034 -0.0385228 -0.131576 0.1138 0.173962 2.42851
-0.0811005 -0.0743149 0.0550984 -0.040895 0.0686166 -0.638503
-0.0473562 -0.0992844 -0.0164088 0.00474018 0.0170798 2.86037
-0.00671534 -0.109795 -0.001219 0.00190638 0.0022628 2.13971
0.0349035 -0.104316 0.0090253 0.00876302 0.0125796 0.770654
0.0714393 -0.0836447 -0.0186672 -0.0105391 0.0214368 -2.62763
0.0975712 -0.0507923 0.0191337 0.00397707 0.0195426 0.204939
0.109494 -0.010543 -0.0287349 -0.0152552 0.0325333 -2.65354
0.10547 0.0312417 0.0607012 0.0685759 0.0915821 0.846237
0.0860869 0.0684766 -0.0875688 -0.178713 0.199014 -2.02641
0.0541666 0.0957391 0.0366314 0.410386 0.412018 1.48177
0.0143579 0.109059 0.19731 -0.727426 0.75371 -1.30593
# x y Real Imaginary Modulus Phase <-> f = 0 s = 6
-0.101256 0.0429804 0.842825 -0.0621992 0.845117 -0.073665
-0.109983 0.00191976 -0.546553 0.308254 0.627487 2.62807
-0.102694 -0.0394205 0.324264 -0.233744 0.399729 -0.624578
-0.0804489 -0.0750198 -0.144646 0.0892734 0.169977 2.58863
-0.046488 -0.0996939 0.0418742 -0.0384261 0.0568332 -0.742485
-0.00575696 -0.109849 -0.00500415 0.010464 0.011599 2.01687
0.0358125 -0.104007 -0.014644 0.0109909 0.0183097 2.49774
0.0721665 -0.0830181 0.0117134 0.00829902 0.0143554 0.616414
0.0980107 -0.049939 -0.0238261 0.0107355 0.026133 2.71826
0.109581 -0.00958713 -0.00349997 0.0074215 0.00820539 2.01147
0.105194 0.0321609 -0.0270099 -0.00890699 0.0284407 -2.82306
0.0854861 0.0692252 0.0652542 0.05422 0.0848405 0.693303
0.0533291 0.0962082 -0.0737859 -0.16561 0.181304 -1.98993
0.0134056 0.10918 0.0419312 0.401398 0.403582 1.46671
-0.0284701 0.106252 0.230201 -0.73854 0.773585 -1.26864
# x y Real Imaginary Modulus Phase <-> f = 0 s = 7
-0.109996 0.000959919 0.772621 -0.0891004 0.777742 -0.114815
-0.102346 -0.0403151 -0.617646 0.33298 0.701686 2.64715
-0.0797912 -0.075719 0.33606 -0.205627 0.393978 -0.549107
-0.0456163 -0.100096 -0.12326 0.0941019 0.155075 2.48954
-0.00479813 -0.109895 -0.00485276 -0.0491687 0.0494076 -1.66917
0.0367188 -0.103691 -0.000293175 0.0149086 0.0149115 1.59046
0.0728882 -0.0823851 -0.0220775 0.0268863 0.0347892 2.2583
0.0984428 -0.0490818 0.0122511 0.0284197 0.0309478 1.16379
0.109661 -0.0086305 -0.0254911 0.0089514 0.0270171 2.80389
0.104909 0.0330776 -0.0169325 0.00773063 0.0186138 2.7133
0.0848787 0.0699686 -0.0187703 -0.0276015 0.0333791 -2.16801
0.0524875 0.0966699 0.0748595 0.051875 0.0910767 0.605989
0.0124524 0.109293 -0.0581343 -0.166146 0.176023 -1.90738
-0.0293962 0.105999 0.0161553 0.478426 0.478699 1.53704
-0.0669638 0.0872689 0.133476 -0.773243 0.784679 -1.39986
# x y Real Imaginary Modulus Phase <-> f = 0 s = 8
-0.10199 -0.0412067 0.716893 -0.154832 0.733422 -0.21271
-0.0791274 -0.0764124 -0.641473 0.341578 0.726748 2.65229
-0.044741 -0.10049 0.268795 -0.168889 0.317449 -0.560982
-0.00383894 -0.109933 -0.0200459 0.108529 0.110364 1.75344
0.0376222 -0.103366 -0.0351803 -0.0159648 0.0386333 -2.71558
0.0736044 -0.0817459 0.00411212 -0.00916263 0.0100431 -1.14895
0.0988673 -0.0482208 -0.0349962 0.0311853 0.0468749 2.41371
0.109732 -0.00767321 0.00810677 -0.0094985 0.0124876 -0.864286
0.104616 0.0339919 -0.0352956 0.0128127 0.0375492 2.79337
0.0842649 0.0707066 0.00290806 -0.00704053 0.00761747 -1.17909
0.0516419 0.0971242 -0.0338241 -0.0112768 0.0356544 -2.81979
0.0114981 0.109397 0.0606465 0.0553678 0.0821194 0.739929
-0.0303201 0.105739 -0.0820443 -0.250942 0.264014 -1.88679
-0.0677228 0.0866812 0.061894 0.521891 0.525548 1.45275
-0.0952628 0.055 0.0796642 -0.751489 0.7557 -1.46518
# x y Real Imaginary Modulus Phase <-> f = 0 s = 9
-0.0784575 -0.0771 0.855512 -0.0601462 0.857624 -0.0701888
-0.0438624 -0.100877 -0.491475 0.149346 0.513666 2.84659
-0.00287946 -0.109962 0.113991 -0.13416 0.176048 -0.866497
0.0385228 -0.103034 0.00609076 0.0422427 0.0426795 1.4276
0.0743149 -0.0811005 -0.0470058 -0.012733 0.0486998 -2.87706
0.0992844 -0.0473562 0.0370195 -0.0391823 0.0539045 -0.813772
0.109795 -0.00671534 -0.0383854 0.0211149 0.0438096 2.63869
0.104316 0.0349035 0.0373074 0.0433106 0.0571634 0.859726
0.0836447 0.0714393 -0.0128301 0.0262717 0.0292372 2.02509
0.0507923 0.0975712 0.0163118 -0.000239149 0.0163136 -0.01466
0.010543 0.109494 -0.0302523 -0.0240258 0.0386322 -2.47041
-0.0312417 0.10547 0.0479688 0.106005 0.116354 1.14585
-0.0684766 0.0860869 -0.0721861 -0.295224 0.303921 -1.8106
-0.0957391 0.0541666 0.0671349 0.601731 0.605464 1.45969
-0.109059 0.0143579 0.00932448 -0.772291 0.772347 -1.55872
# x y Real Imaginary Modulus Phase <-> f = 0 s = 10
-0.0429804 -0.101256 0.903715 0.123819 0.912158 0.136163
-0.00191976 -0.109983 -0.327428 0.120143 0.348774 2.78992
0.0394205 -0.102694 0.071597 -0.0976564 0.121091 -0.938165
0.0750198 -0.0804489 0.014528 0.0640283 0.0656559 1.34767
0.0996939 -0.046488 -0.0373426 0.00786216 0.0381613 2.93408
0.109849 -0.00575696 0.00608089 -0.0136949 0.0149842 -1.15292
0.104007 0.0358125 -0.0253112 0.020819 0.0327733 2.45327
0.0830181 0.0721665 0.0165314 0.00460768 0.0171615 0.271825
0.049939 0.0980107 -0.0114603 0.00546758 0.0126978 2.69644
0.00958713 0.109581 0.00469681 -0.00434673 0.00639954 -0.746707
-0.0321609 0.105194 0.00228853 -0.0360086 0.0360812 -1.50733
-0.0692252 0.0854861 0.0217041 0.154182 0.155702 1.43095
-0.0962082 0.0533291 -0.052616 -0.321307 0.325586 -1.73311
-0.10918 0.0134056 0.0391771 0.595416 0.596704 1.50509
-0.106252 -0.0284701 0.110215 -0.787642 0.795316 -1.43177
# x y Real Imaginary Modulus Phase <-> f = 0 s = 11
-0.000959919 -0.109996 0.764875 0.205571 0.792018 0.262559
0.0403151 -0.102346 -0.321842 0.100627 0.337206 2.83856
0.075719 -0.0797912 0.101544 -0.121176 0.158098 -0.873321
0.100096 -0.0456163 0.0171866 0.0756933 0.07762 1.34753
0.109895 -0.00479813 -0.023171 -0.0442175 0.0499208 -2.05348
0.103691 0.0367188 0.0124524 0.0210782 0.0244817 1.03719
0.0823851 0.0728882 -0.0077511 -0.000950544 0.00780917 -3.01957
0.0490818 0.0984428 0.00620092 0.00211742 0.00655248 0.329055
0.0086305 0.109661 -0.0188988 -0.00471309 0.0194776 -2.89719
-0.0330776 0.104909 0.00605649 -0.00336633 0.00692916 -0.507301
-0.0699686 0.0848787 -0.0271943 -0.0478195 0.0550112 -2.08787
-0.0966699 0.0524875 0.0248582 0.0937444 0.0969843 1.31159
-0.109293 0.0124524 -0.0320228 -0.249763 0.251808 -1.69831
-0.105999 -0.0293962 0.00788625 0.438379 0.43845 1.55281
-0.0872689 -0.0669638 0.286086 -0.676909 0.734881 -1.17093
# x y Real Imaginary Modulus Phase <-> f = 0 s = 12
0.0412067 -0.10199 0.832744 0.205213 0.857656 0.241615
0.0764124 -0.0791274 -0.426638 0.104385 0.439222 2.90164
0.10049 -0.044741 0.164148 -0.153869 0.22499 -0.753089
0.109933 -0.00383894 -0.0662958 0.107569 0.126357 2.12312
0.103366 0.0376222 0.0313787 -0.0588962 0.0667337 -1.08127
0.0817459 0.0736044 -0.0171518 0.0220509 0.0279361 2.23187
0.0482208 0.0988673 0.000313455 -3.20351e-05 0.000315088 -0.101846
0.00767321 0.109732 0.00839741 0.00626237 0.0104754 0.640776
-0.0339919 0.104616 -0.00681769 -0.000576531 0.00684203 -3.05723
-0.0707066 0.0842649 0.0113384 0.0140668 0.0180675 0.89238
-0.0971242 0.0516419 -0.0222382 -0.0227346 0.0318025 -2.34516
-0.109397 0.0114981 0.075822 0.0384864 0.0850305 0.4697
-0.105739 -0.0303201 -0.0850671 -0.115281 0.14327 -2.20651
-0.0866812 -0.0677228 0.0330466 0.275373 0.277349 1.45136
-0.055 -0.0952628 0.280251 -0.509778 0.581733 -1.06814
# x y Real Imaginary Modulus Phase <-> f = 0 s = 13
0.0771 -0.0784575 0.959195 0.0331022 0.959766 0.0344968
0.100877 -0.0438624 -0.568892 0.23385 0.61508 2.75159
0.109962 -0.00287946 0.340818 -0.22557 0.408704 -0.584659
0.103034 0.0385228 -0.199373 0.0969635 0.221701 2.68893
0.0811005 0.0743149 0.0769219 -0.0306103 0.0827887 -0.378729
0.0473562 0.0992844 -0.0209239 -8.54293e-05 0.0209241 -3.13751
0.00671534 0.109795 0.0027924 -0.0150771 0.0153335 -1.38766
-0.0349035 0.104316 0.000694398 0.0225902 0.0226008 1.54007
-0.0714393 0.0836447 -0.0155226 0.00341678 0.0158942 2.92493
-0.0975712 0.0507923 0.0077987 -0.0102841 0.0129067 -0.921986
-0.109494 0.010543 -0.0288495 0.00901153 0.0302242 2.83883
-0.10547 -0.0312417 0.0428344 -0.0200734 0.0473046 -0.438237
-0.0860869 -0.0684766 -0.0731323 -0.072625 0.103067 -2.35968
-0.0541666 -0.0957391 0.021644 0.248768 0.249708 1.48401
-0.0143579 -0.109059 0.309864 -0.531088 0.614874 -1.04263
# x y Real Imaginary Modulus Phase <-> f = 0 s = 14
0.101256 -0.0429804 0.745381 -0.107295 0.753064 -0.142965
0.109983 -0.00191976 -0.591848 0.44772 0.742117 2.49396
0.102694 0.0394205 0.410331 -0.306269 0.512027 -0.641191
0.0804489 0.0750198 -0.218398 0.107721 0.243519 2.68337
0.046488 0.0996939 0.0972113 -0.0361568 0.103718 -0.356086
0.00575696 0.109849 -0.00484321 0.0270118 0.0274425 1.74821
-0.0358125 0.104007 -0.00508521 -0.00448781 0.00678232 -2.41852
-0.0721665 0.0830181 0.0159047 0.00995919 0.0187655 0.559448
-0.0980107 0.049939 -0.0082798 0.0398818 0.0407322 1.7755
-0.109581 0.00958713 -0.0118443 -0.0295819 0.031865 -1.95164
-0.105194 -0.0321609 -0.021714 0.0101727 0.0239788 2.70347
-0.0854861 -0.0692252 0.0401892 -0.00155374 0.0402192 -0.0386415
-0.0533291 -0.0962082 -0.0682988 -0.066958 0.0956456 -2.36611
-0.0134056 -0.10918 0.000492509 0.307302 0.307302 1.56919
0.0284701 -0.106252 0.310084 -0.729585 0.792746 -1.16891
# x y Real Imaginary Modulus Phase <-> f = 0 s = 15
0.109996 -0.000959919 0.645146 0.0242275 0.645601 0.0375358
0.102346 0.0403151 -0.535463 0.449492 0.699116 2.44326
0.0797912 0.075719 0.344811 -0.280783 0.444673 -0.683406
0.0456163 0.100096 -0.16989 0.126435 0.211775 2.5018
0.00479813 0.109895 0.0356687 -0.0480607 0.0598505 -0.932333
-0.0367188 0.103691 0.0102273 0.0285887 0.030363 1.22724
-0.0728882 0.0823851 -0.0161291 0.0132598 0.0208799 2.45352
-0.0984428 0.0490818 0.00976472 0.00591596 0.011417 0.54471
-0.109661 0.0086305 -0.0360164 0.0269314 0.044972 2.49953
-0.104909 -0.0330776 -0.000746113 -0.0491688 0.0491744 -1.58597
-0.0848787 -0.0699686 -0.0174873 0.0174743 0.0247216 2.35657
-0.0524875 -0.0966699 0.0471227 0.00470704 0.0473573 0.0995586
-0.0124524 -0.109293 -0.0756631 -0.130672 0.150997 -2.09565
0.0293962 -0.105999 0.00547208 0.462505 0.462537 1.55897
0.0669638 -0.0872689 0.0804173 -0.788369 0.79246 -1.46914
