# x y Real Imaginary Modulus Phase <-> f = 0 s = 0
0.10199 0.0412067 0.732604 -0.0356888 0.733472 -0.0486765
0.0791274 0.0764124 -0.569197 0.32939 0.657634 2.61699
0.044741 0.10049 0.296351 -0.227718 0.373737 -0.655177
0.00383894 0.109933 -0.0953082 0.107107 0.143372 2.29797
-0.0376222 0.103366 0.0145818 -0.0493371 0.0514469 -1.28342
-0.0736044 0.0817459 0.00282682 0.0137524 0.0140399 1.36807
-0.0988673 0.0482208 -0.0237011 0.000296957 0.0237029 3.12906
-0.109732 0.00767321 0.00253106 0.00490538 0.00551987 1.09445
-0.104616 -0.0339919 -0.0191986 0.0208989 0.0283787 2.31382
-0.0842649 -0.0707066 0.00910943 -0.0285076 0.0299276 -1.26151
-0.0516419 -0.0971242 -0.0265972 0.00939898 0.028209 2.80191
-0.0114981 -0.109397 0.0562032 0.0669568 0.0874186 0.872491
0.0303201 -0.105739 -0.0498361 -0.282678 0.287037 -1.7453
0.0677228 -0.0866812 0.129029 0.64107 0.653926 1.37218
0.0952628 -0.055 -0.0157185 -0.637386 0.637579 -1.59545
# x y Real Imaginary Modulus Phase <-> f = 0 s = 1
0.0784575 0.0771 0.818082 -0.0827698 0.822259 -0.100832
0.0438624 0.100877 -0.576693 0.269307 0.636476 2.7047
0.00287946 0.109962 0.236989 -0.174948 0.294568 -0.635914
-0.0385228 0.103034 -0.0573569 0.103293 0.11815 2.07769
-0.0743149 0.0811005 0.00245088 -0.0435457 0.0436146 -1.51457
-0.0992844 0.0473562 0.00267854 0.00938539 0.00976013 1.29279
-0.109795 0.00671534 -0.0229179 0.00162745 0.0229757 3.0707
-0.104316 -0.0349035 0.00692432 0.0107921 0.0128225 1.00034
-0.0836447 -0.0714393 -0.0167866 0.0169182 0.0238331 2.35229
-0.0507923 -0.0975712 0.0140023 -0.00579118 0.0151527 -0.392164
-0.010543 -0.109494 -0.0244913 -0.0345939 0.0423859 -2.18685
0.0312417 -0.10547 0.0128191 0.139844 0.14043 1.47938
0.0684766 -0.0860869 -0.0556874 -0.392605 0.396535 -1.7117
0.0957391 -0.0541666 0.190803 0.632855 0.660993 1.27797
0.109059 -0.0143579 0.0357463 -0.686202 0.687133 -1.51875
# x y Real Imaginary Modulus Phase <-> f = 0 s = 2
0.0429804 0.101256 0.875011 -0.0809409 0.878747 -0.0922403
0.00191976 0.109983 -0.527583 0.185584 0.559272 2.80335
-0.0394205 0.102694 0.188504 -0.17663 0.258325 -0.75289
-0.0750198 0.0804489 -0.0408941 0.0995254 0.107599 1.96066
-0.0996939 0.046488 0.00128507 -0.0458998 0.0459178 -1.54281
-0.109849 0.00575696 0.00855445 0.0104152 0.013478 0.883176
-0.104007 -0.0358125 -0.0152091 -0.0038517 0.0156892 -2.89356
-0.0830181 -0.0721665 0.0131824 0.0113081 0.0173681 0.709016
-0.049939 -0.0980107 -0.00737225 0.00722043 0.0103191 2.3666
-0.00958713 -0.109581 0.00528499 0.00934785 0.0107384 1.05623
0.0321609 -0.105194 0.00659346 -0.0544934 0.0548908 -1.45039
0.0692252 -0.0854861 0.0078327 0.178828 0.179 1.52702
0.0962082 -0.0533291 -0.0876881 -0.360643 0.371151 -1.80931
0.10918 -0.0134056 0.103474 0.568249 0.577593 1.39068
0.106252 0.0284701 0.100774 -0.774263 0.780793 -1.44137
# x y Real Imaginary Modulus Phase <-> f = 0 s = 3
0.000959919 0.109996 0.904372 0.0069841 0.904399 0.00772244
-0.0403151 0.102346 -0.482539 0.19868 0.521841 2.75101
-0.075719 0.0797912 0.174724 -0.16729 0.241898 -0.763665
-0.100096 0.0456163 -0.0467978 0.0998923 0.110311 2.00891
-0.109895 0.00479813 0.000879546 -0.0450563 0.0450649 -1.55128
-0.103691 -0.0367188 0.00615819 0.0194444 0.0203962 1.26408
-0.0823851 -0.0728882 -0.00676823 -0.00848524 0.0108539 -2.2441
-0.0490818 -0.0984428 0.0111763 0.00338157 0.0116767 0.293809
-0.0086305 -0.109661 -0.00617138 -0.000440388 0.00618708 -3.07035
0.0330776 -0.104909 -0.00340247 0.0104541 0.0109938 1.88545
0.0699686 -0.0848787 0.00634158 -0.0678723 0.0681679 -1.47763
0.0966699 -0.0524875 0.0411518 0.154945 0.160317 1.3112
0.109293 -0.0124524 -0.0807964 -0.287554 0.298689 -1.84471
0.105999 0.0293962 0.0466458 0.527756 0.529813 1.48264
0.0872689 0.0669638 0.147388 -0.792104 0.805699 -1.38683
# x y Real Imaginary Modulus Phase <-> f = 0 s = 4
-0.0412067 0.10199 0.882076 -0.013518 0.882179 -0.0153241
-0.0764124 0.0791274 -0.479468 0.176193 0.510816 2.78944
-0.10049 0.044741 0.200963 -0.169681 0.263016 -0.7012
-0.109933 0.00383894 -0.0639977 0.103446 0.121642 2.12482
-0.103366 -0.0376222 0.0230477 -0.0492263 0.0543546 -1.13291
-0.0817459 -0.0736044 -0.00735897 0.0159402 0.0175569 2.00331
-0.0482208 -0.0988673 -0.000799729 -0.00369418 0.00377975 -1.78399
-0.00767321 -0.109732 0.00945884 -0.000158713 0.00946017 -0.0167778
0.0339919 -0.104616 -0.00544258 -0.00138759 0.00561668 -2.89196
0.0707066 -0.0842649 0.00762645 0.0195778 0.0210108 1.19933
0.0971242 -0.0516419 -0.027151 -0.0423705 0.0503233 -2.14068
0.109397 -0.0114981 0.0495472 0.0933227 0.10566 1.08272
0.105739 0.0303201 -0.067344 -0.21293 0.223325 -1.87712
0.0866812 0.0677228 0.0109035 0.442544 0.442679 1.54616
0.055 0.0952628 0.22859 -0.741526 0.77596 -1.27177
# x y Real Imaginary Modulus Phase <-> f = 0 s = 5
-0.0771 0.0784575 0.906518 -0.0231367 0.906814 -0.0255171
-0.100877 0.0438624 -0.558006 0.22228 0.600649 2.76251
-0.109962 0.00287946 0.265395 -0.210073 0.338475 -0.669567
-0.103034 -0.0385228 -0.129302 0.118073 0.1751 2.40155
-0.0811005 -0.0743149 0.0571334 -0.038645 0.0689758 -0.594711
-0.0473562 -0.0992844 -0.012734 0.00939197 0.0158229 2.50611
-0.00671534 -0.109795 -0.00137417 -0.00327097 0.0035479 -1.96852
0.0349035 -0.104316 0.011143 0.0046056 0.0120573 0.391935
0.0714393 -0.0836447 -0.0145417 -0.00254609 0.0147629 -2.96826
0.0975712 -0.0507923 0.0194955 0.00532693 0.0202101 0.266729
0.109494 -0.010543 -0.029816 -0.0196784 0.0357244 -2.55822
0.10547 0.0312417 0.0596545 0.0633989 0.0870522 0.815818
0.0860869 0.0684766 -0.084741 -0.175683 0.195053 -2.02023
0.0541666 0.0957391 0.0390687 0.407033 0.408903 1.47511
0.0143579 0.109059 0.197414 -0.727354 0.753668 -1.30577
# x y Real Imaginary Modulus Phase <-> f = 0 s = 6
-0.101256 0.0429804 0.845712 -0.0465091 0.84699 -0.0549386
-0.109983 0.00191976 -0.554716 0.309841 0.635382 2.6322
-0.102694 -0.0394205 0.323962 -0.23907 0.402623 -0.635748
-0.0804489 -0.0750198 -0.154104 0.103193 0.185464 2.55154
-0.046488 -0.0996939 0.0448237 -0.0386355 0.0591765 -0.711387
-0.00575696 -0.109849 -0.000172157 0.0184066 0.0184074 1.58015
0.0358125 -0.104007 -0.0101797 0.00282582 0.0105646 2.87082
0.0721665 -0.0830181 0.0155455 0.0111199 0.0191133 0.62093
0.0980107 -0.049939 -0.0208021 0.00792416 0.0222603 2.77763
0.109581 -0.00958713 0.00929417 -0.00347557 0.00992276 -0.357851
0.105194 0.0321609 -0.0321448 -0.01077 0.0339011 -2.8183
0.0854861 0.0692252 0.0618735 0.0502567 0.0797124 0.682166
0.0533291 0.0962082 -0.0854795 -0.157545 0.17924 -2.06792
0.0134056 0.10918 0.0296823 0.394157 0.395274 1.49563
-0.0284701 0.106252 0.233744 -0.751299 0.786821 -1.26917
# x y Real Imaginary Modulus Phase <-> f = 0 s = 7
-0.109996 0.000959919 0.764943 -0.0808284 0.769202 -0.105275
-0.102346 -0.0403151 -0.613187 0.354566 0.708319 2.61733
-0.0797912 -0.075719 0.354425 -0.206929 0.41041 -0.528456
-0.0456163 -0.100096 -0.117932 0.0889531 0.147718 2.49536
-0.00479813 -0.109895 0.00433905 -0.0440691 0.0442822 -1.47265
0.0367188 -0.103691 0.00915659 0.00999733 0.0135569 0.829264
0.0728882 -0.0823851 -0.0253558 0.00414153 0.0256918 2.97969
0.0984428 -0.0490818 0.0125552 0.00699893 0.0143742 0.508546
0.109661 -0.0086305 -0.0236371 0.0133939 0.0271681 2.62606
0.104909 0.0330776 0.00445386 -0.00749191 0.00871582 -1.03444
0.0848787 0.0699686 -0.0300316 -0.0115561 0.0321783 -2.77426
0.0524875 0.0966699 0.0597066 0.0508079 0.0783985 0.705051
0.0124524 0.109293 -0.0808387 -0.177605 0.195137 -1.99793
-0.0293962 0.105999 0.010894 0.466275 0.466402 1.54744
-0.0669638 0.0872689 0.152353 -0.769948 0.784877 -1.37544
# x y Real Imaginary Modulus Phase <-> f = 0 s = 8
-0.10199 -0.0412067 0.72782 -0.146349 0.742388 -0.198433
-0.0791274 -0.0764124 -0.622007 0.326581 0.702529 2.65811
-0.044741 -0.10049 0.260552 -0.173488 0.313026 -0.587436
-0.00383894 -0.109933 -0.0258272 0.0931999 0.0967123 1.84113
0.0376222 -0.103366 -0.0254944 -0.0314502 0.0404855 -2.25198
0.0736044 -0.0817459 0.0244897 -0.00578588 0.0251639 -0.232003
0.0988673 -0.0482208 -0.0366647 0.00505158 0.037011 3.00468
0.109732 -0.00767321 0.00829438 0.00576169 0.0100992 0.607126
0.104616 0.0339919 -0.0221235 0.0136705 0.0260064 2.5881
0.0842649 0.0707066 0.0108102 -0.00792316 0.0134029 -0.63249
0.0516419 0.0971242 -0.0343333 -0.00930747 0.0355725 -2.87686
0.0114981 0.109397 0.0608419 0.0654322 0.0893482 0.821734
-0.0303201 0.105739 -0.0742353 -0.236018 0.247417 -1.87553
-0.0677228 0.0866812 0.0810959 0.527912 0.534105 1.41837
-0.0952628 0.055 0.0687609 -0.748642 0.751793 -1.47921
# x y Real Imaginary Modulus Phase <-> f = 0 s = 9
-0.0784575 -0.0771 0.86268 -0.0579908 0.864627 -0.0671207
-0.0438624 -0.100877 -0.506598 0.151455 0.528754 2.85109
-0.00287946 -0.109962 0.114321 -0.136787 0.178269 -0.874625
0.0385228 -0.103034 0.0166539 0.0591915 0.0614897 1.29653
0.0743149 -0.0811005 -0.0310367 -0.012307 0.0333877 -2.76408
0.0992844 -0.0473562 0.0291414 -0.0174607 0.033972 -0.53981
0.109795 -0.00671534 -0.0344387 0.00456435 0.0347398 3.00983
0.104316 0.0349035 0.0101584 0.0133252 0.0167557 0.919439
0.0836447 0.0714393 -0.0155776 0.00954743 0.0182706 2.59175
0.0507923 0.0975712 0.0170013 -0.000926304 0.0170265 -0.0544306
0.010543 0.109494 -0.0295222 -0.0247479 0.0385229 -2.44394
-0.0312417 0.10547 0.0425195 0.113671 0.121363 1.21285
-0.0684766 0.0860869 -0.0768442 -0.299535 0.309235 -1.82193
-0.0957391 0.0541666 0.0787205 0.594665 0.599853 1.43918
-0.109059 0.0143579 0.00491433 -0.793947 0.793963 -1.56461
# x y Real Imaginary Modulus Phase <-> f = 0 s = 10
-0.0429804 -0.101256 0.896993 0.127943 0.906072 0.141679
-0.00191976 -0.109983 -0.350504 0.114405 0.368703 2.82609
0.0394205 -0.102694 0.0735829 -0.114999 0.136525 -1.00158
0.0750198 -0.0804489 0.00790728 0.0540999 0.0546747 1.42566
0.0996939 -0.046488 -0.0294919 -0.0113603 0.0316042 -2.77391
0.109849 -0.00575696 0.0287555 -0.00340717 0.0289566 -0.117938
0.104007 0.0358125 -0.0240286 -0.0012443 0.0240608 -3.08985
0.0830181 0.0721665 0.0162438 0.0150875 0.0221697 0.748511
0.049939 0.0980107 -0.00869179 -0.000701133 0.00872002 -3.0611
0.00958713 0.109581 0.0120224 0.00655755 0.0136945 0.499341
-0.0321609 0.105194 -0.00944768 -0.04264 0.0436741 -1.78884
-0.0692252 0.0854861 0.0251686 0.132051 0.134428 1.38246
-0.0962082 0.0533291 -0.0362417 -0.30868 0.310801 -1.68767
-0.10918 0.0134056 0.0448804 0.602746 0.604414 1.49647
-0.106252 -0.0284701 0.121362 -0.78242 0.791776 -1.41691
# x y Real Imaginary Modulus Phase <-> f = 0 s = 11
-0.000959919 -0.109996 0.76718 0.209497 0.79527 0.266575
0.0403151 -0.102346 -0.318953 0.0965371 0.333242 2.84769
0.075719 -0.0797912 0.0987107 -0.118024 0.153862 -0.874272
0.100096 -0.0456163 -0.00694998 0.0738243 0.0741507 1.66466
0.109895 -0.00479813 -0.0130951 -0.0336079 0.036069 -1.94234
0.103691 0.0367188 0.00869848 0.0164316 0.0185919 1.08392
0.0823851 0.0728882 -0.00701216 -0.00598766 0.00922076 -2.43484
0.0490818 0.0984428 0.012223 0.00525135 0.0133033 0.405784
0.0086305 0.109661 -0.00293918 -0.00106178 0.00312509 -2.79493
-0.0330776 0.104909 0.00525564 0.0081773 0.0097206 0.999562
-0.0699686 0.0848787 -0.0127883 -0.0378925 0.0399923 -1.89628
-0.0966699 0.0524875 0.0274747 0.0985978 0.102354 1.29904
-0.109293 0.0124524 -0.0478012 -0.231969 0.236843 -1.77402
-0.105999 -0.0293962 2.84136e-05 0.422787 0.422787 1.57073
-0.0872689 -0.0669638 0.29707 -0.680793 0.742785 -1.15934
# x y Real Imaginary Modulus Phase <-> f = 0 s = 12
0.0412067 -0.10199 0.821401 0.199513 0.845284 0.238279
0.0764124 -0.0791274 -0.423538 0.103702 0.436048 2.90147
0.10049 -0.044741 0.171771 -0.154111 0.230771 -0.731259
0.109933 -0.00383894 -0.0714789 0.103737 0.125979 2.17413
0.103366 0.0376222 0.0364894 -0.0506448 0.0624209 -0.946446
0.0817459 0.0736044 -0.0165553 0.0124774 0.0207307 2.49574
0.0482208 0.0988673 -0.000880528 -0.00342953 0.00354076 -1.82212
0.00767321 0.109732 0.00525156 0.00130232 0.00541063 0.243084
-0.0339919 0.104616 -0.00120148 -0.00073362 0.00140775 -2.59342
-0.0707066 0.0842649 0.0110791 0.00676929 0.0129834 0.548467
-0.0971242 0.0516419 -0.029995 -0.0147869 0.0334418 -2.68358
-0.109397 0.0114981 0.0620872 0.0391861 0.0734191 0.563006
-0.105739 -0.0303201 -0.0844291 -0.107825 0.136947 -2.2351
-0.0866812 -0.0677228 0.026263 0.279051 0.280284 1.47696
-0.055 -0.0952628 0.275634 -0.511712 0.581225 -1.07671
# x y Real Imaginary Modulus Phase <-> f = 0 s = 13
0.0771 -0.0784575 0.949906 0.0342253 0.950523 0.0360146
0.100877 -0.0438624 -0.577192 0.23969 0.624981 2.74799
0.109962 -0.00287946 0.337184 -0.224348 0.405 -0.587095
0.103034 0.0385228 -0.183407 0.104766 0.211221 2.62261
0.0811005 0.0743149 0.084345 -0.0286378 0.0890742 -0.327319
0.0473562 0.0992844 -0.0274133 -0.000199678 0.027414 -3.13431
0.00671534 0.109795 0.00501087 -0.00326834 0.00598255 -0.577955
-0.0349035 0.104316 0.0025698 0.00472841 0.00538161 1.07297
-0.0714393 0.0836447 -0.00107075 0.00959058 0.00965017 1.68198
-0.0975712 0.0507923 0.00476891 -0.00690944 0.00839541 -0.966676
-0.109494 0.010543 -0.0298334 0.009902 0.0314338 2.82112
-0.10547 -0.0312417 0.0527901 -0.00507822 0.0530338 -0.0959013
-0.0860869 -0.0684766 -0.0730445 -0.066086 0.0985031 -2.40617
-0.0541666 -0.0957391 0.0248071 0.235762 0.237063 1.46596
-0.0143579 -0.109059 0.304327 -0.533803 0.614459 -1.05264
# x y Real Imaginary Modulus Phase <-> f = 0 s = 14
0.101256 -0.0429804 0.742428 -0.0900408 0.747868 -0.120689
0.109983 -0.00191976 -0.574732 0.447711 0.728534 2.47979
0.102694 0.0394205 0.413439 -0.303089 0.512635 -0.632591
0.0804489 0.0750198 -0.211281 0.125332 0.245658 2.60619
0.046488 0.0996939 0.0934766 -0.0437897 0.103225 -0.438096
0.00575696 0.109849 -0.0218091 0.0199995 0.0295909 2.39945
-0.0358125 0.104007 -0.00221872 -0.0100888 0.0103299 -1.78727
-0.0721665 0.0830181 0.00498589 0.0103967 0.0115304 1.12363
-0.0980107 0.049939 -0.0119917 0.0150032 0.0192067 2.2451
-0.109581 0.00958713 0.00131174 -0.0245117 0.0245467 -1.51733
-0.105194 -0.0321609 -0.0147155 0.0237377 0.0279289 2.12574
-0.0854861 -0.0692252 0.0387285 -0.00883536 0.0397236 -0.224297
-0.0533291 -0.0962082 -0.0699511 -0.0768603 0.103926 -2.30917
-0.0134056 -0.10918 0.0026526 0.308288 0.308299 1.56219
0.0284701 -0.106252 0.313611 -0.727375 0.792102 -1.16372
# x y Real Imaginary Modulus Phase <-> f = 0 s = 15
0.109996 -0.000959919 0.660162 0.0142368 0.660316 0.0215623
0.102346 0.0403151 -0.529715 0.440708 0.689073 2.44766
0.0797912 0.075719 0.35123 -0.285448 0.452596 -0.682443
0.0456163 0.100096 -0.157235 0.135381 0.207486 2.43074
0.00479813 0.109895 0.0404689 -0.0546812 0.0680277 -0.933669
-0.0367188 0.103691 0.000746027 0.0236523 0.0236641 1.53927
-0.0728882 0.0823851 -0.0153744 -0.00566268 0.0163841 -2.78869
-0.0984428 0.0490818 0.00439546 0.00745752 0.00865648 1.03821
-0.109661 0.0086305 -0.0188717 0.0191513 0.0268871 2.34884
-0.104909 -0.0330776 -0.000356588 -0.03571 0.0357117 -1.58078
-0.0848787 -0.0699686 -0.0127362 0.0247219 0.0278097 2.04651
-0.0524875 -0.0966699 0.0499952 0.00954703 0.0508985 0.188687
-0.0124524 -0.109293 -0.0799847 -0.144353 0.165031 -2.07678
0.0293962 -0.105999 0.00286878 0.478765 0.478774 1.5648
0.0669638 -0.0872689 0.073943 -0.785434 0.788907 -1.47693
