# x y Real Imaginary Modulus Phase <-> f = 0 s = 0
0.10199 0.0412067 0.730068 -0.0359704 0.730953 -0.0492302
0.0791274 0.0764124 -0.568278 0.329534 0.656912 2.6161
0.044741 0.10049 0.297784 -0.225797 0.373711 -0.648764
0.00383894 0.109933 -0.0946092 0.106888 0.142744 2.29533
-0.0376222 0.103366 0.0161735 -0.0478958 0.0505529 -1.24514
-0.0736044 0.0817459 0.00518505 0.0152412 0.016099 1.24288
-0.0988673 0.0482208 -0.022182 0.000360886 0.0221849 3.12532
-0.109732 0.00767321 0.00255013 0.00390072 0.00466034 0.991782
-0.104616 -0.0339919 -0.0204612 0.0204293 0.0289139 2.35697
-0.0842649 -0.0707066 0.00863623 -0.0296418 0.0308743 -1.28729
-0.0516419 -0.0971242 -0.0242322 0.00968644 0.0260965 2.76132
-0.0114981 -0.109397 0.0580273 0.0666447 0.0883668 0.854408
0.0303201 -0.105739 -0.0496481 -0.284313 0.288615 -1.74368
0.0677228 -0.0866812 0.128187 0.640554 0.653255 1.37329
0.0952628 -0.055 -0.0152885 -0.636331 0.636515 -1.59482
# x y Real Imaginary Modulus Phase <-> f = 0 s = 1
0.0784575 0.0771 0.818286 -0.0826387 0.822448 -0.100649
0.0438624 0.100877 -0.579363 0.268615 0.638604 2.70745
0.00287946 0.109962 0.235816 -0.174287 0.293232 -0.636477
-0.0385228 0.103034 -0.0583632 0.105141 0.120253 2.07754
-0.0743149 0.0811005 0.00142949 -0.0439931 0.0440163 -1.53831
-0.0992844 0.0473562 0.00282394 0.00856641 0.00901986 1.25236
-0.109795 0.00671534 -0.0185143 0.00210805 0.0186339 3.02822
-0.104316 -0.0349035 0.00715757 0.00878064 0.0113283 0.886883
-0.0836447 -0.0714393 -0.0163087 0.0151904 0.0222873 2.39168
-0.0507923 -0.0975712 0.0126386 -0.00675325 0.0143298 -0.490736
-0.010543 -0.109494 -0.02248 -0.0330521 0.0399723 -2.16807
0.0312417 -0.10547 0.0130757 0.142019 0.14262 1.47899
0.0684766 -0.0860869 -0.0572428 -0.391668 0.395829 -1.71592
0.0957391 -0.0541666 0.189443 0.632421 0.660186 1.27975
0.109059 -0.0143579 0.0348352 -0.686853 0.687736 -1.52012
# x y Real Imaginary Modulus Phase <-> f = 0 s = 2
0.0429804 0.101256 0.877218 -0.0806648 0.880919 -0.0916973
0.00191976 0.109983 -0.525531 0.184729 0.557052 2.80357
-0.0394205 0.102694 0.188927 -0.176968 0.258865 -0.752726
-0.0750198 0.0804489 -0.0400196 0.0998752 0.107595 1.9519
-0.0996939 0.046488 0.0020146 -0.0435791 0.0436257 -1.5246
-0.109849 0.00575696 0.00707279 0.011391 0.0134082 1.01514
-0.104007 -0.0358125 -0.0156136 -0.00399117 0.0161157 -2.89133
-0.0830181 -0.0721665 0.0134107 0.0105427 0.0170585 0.666232
-0.049939 -0.0980107 -0.00805695 0.0077822 0.0112017 2.37354
-0.00958713 -0.109581 0.00564142 0.0102456 0.0116961 1.06748
0.0321609 -0.105194 0.00499423 -0.052084 0.0523228 -1.4752
0.0692252 -0.0854861 0.00803686 0.179119 0.179299 1.52596
0.0962082 -0.0533291 -0.0877512 -0.359147 0.369712 -1.81043
0.10918 -0.0134056 0.102369 0.567169 0.576333 1.39223
0.106252 0.0284701 0.0995934 -0.772293 0.778688 -1.44255
# x y Real Imaginary Modulus Phase <-> f = 0 s = 3
0.000959919 0.109996 0.903571 0.00649183 0.903594 0.00718452
-0.0403151 0.102346 -0.482829 0.198677 0.522107 2.75122
-0.075719 0.0797912 0.174175 -0.167188 0.241431 -0.764933
-0.100096 0.0456163 -0.0467065 0.100129 0.110487 2.00726
-0.109895 0.00479813 0.000484611 -0.045945 0.0459476 -1.56025
-0.103691 -0.0367188 0.00523959 0.0198932 0.0205717 1.31326
-0.0823851 -0.0728882 -0.00615672 -0.00864451 0.0106129 -2.18967
-0.0490818 -0.0984428 0.0112691 0.00396767 0.0119472 0.33853
-0.0086305 -0.109661 -0.00698613 -0.000787144 0.00703033 -3.02939
0.0330776 -0.104909 -0.00404597 0.0100485 0.0108324 1.95358
0.0699686 -0.0848787 0.00621989 -0.0676098 0.0678953 -1.47906
0.0966699 -0.0524875 0.0414215 0.154535 0.15999 1.30891
0.109293 -0.0124524 -0.0811031 -0.286805 0.298052 -1.84638
0.105999 0.0293962 0.0454534 0.529054 0.531003 1.48509
0.0872689 0.0669638 0.147066 -0.792935 0.806458 -1.38741
# x y Real Imaginary Modulus Phase <-> f = 0 s = 4
-0.0412067 0.10199 0.881729 -0.0139175 0.881838 -0.015783
-0.0764124 0.0791274 -0.479527 0.176362 0.51093 2.78916
-0.10049 0.044741 0.201192 -0.169708 0.263209 -0.700716
-0.109933 0.00383894 -0.0639277 0.102135 0.120492 2.13005
-0.103366 -0.0376222 0.0226762 -0.0496284 0.0545636 -1.1422
-0.0817459 -0.0736044 -0.00677122 0.016312 0.0176616 1.96426
-0.0482208 -0.0988673 -0.00132073 -0.00334723 0.00359837 -1.94662
-0.00767321 -0.109732 0.00929348 7.2061e-05 0.00929376 0.00775378
0.0339919 -0.104616 -0.00550303 -0.00213596 0.00590302 -2.77135
0.0707066 -0.0842649 0.00721079 0.0191842 0.0204946 1.21126
0.0971242 -0.0516419 -0.0267235 -0.0415156 0.0493729 -2.14273
0.109397 -0.0114981 0.0490265 0.0936582 0.105714 1.08856
0.105739 0.0303201 -0.067173 -0.212339 0.222711 -1.87718
0.0866812 0.0677228 0.0106639 0.443177 0.443305 1.54674
0.055 0.0952628 0.2283 -0.740746 0.775129 -1.27183
# x y Real Imaginary Modulus Phase <-> f = 0 s = 5
-0.0771 0.0784575 0.90615 -0.0229233 0.90644 -0.025292
-0.100877 0.0438624 -0.559506 0.220943 0.60155 2.7655
-0.109962 0.00287946 0.266887 -0.21048 0.339898 -0.66778
-0.103034 -0.0385228 -0.129001 0.118543 0.175196 2.39842
-0.0811005 -0.0743149 0.0572109 -0.0391013 0.0692965 -0.599538
-0.0473562 -0.0992844 -0.0125673 0.0103649 0.0162901 2.45194
-0.00671534 -0.109795 -0.00181598 -0.00409313 0.00447788 -1.98837
0.0349035 -0.104316 0.0105009 0.0037882 0.0111633 0.34622
0.0714393 -0.0836447 -0.0134774 -0.00210053 0.0136401 -2.98698
0.0975712 -0.0507923 0.0194656 0.00532172 0.0201799 0.26687
0.109494 -0.010543 -0.0287935 -0.0191518 0.0345812 -2.55465
0.10547 0.0312417 0.0596192 0.0628147 0.0866034 0.811492
0.0860869 0.0684766 -0.0851624 -0.175843 0.19538 -2.02181
0.0541666 0.0957391 0.0388186 0.406448 0.408298 1.47558
0.0143579 0.109059 0.197223 -0.727829 0.754076 -1.30618
# x y Real Imaginary Modulus Phase <-> f = 0 s = 6
-0.101256 0.0429804 0.842125 -0.041446 0.843144 -0.0491763
-0.109983 0.00191976 -0.559251 0.308933 0.638906 2.6369
-0.102694 -0.0394205 0.320943 -0.236014 0.39838 -0.634076
-0.0804489 -0.0750198 -0.150284 0.100686 0.180895 2.55131
-0.046488 -0.0996939 0.0464015 -0.0397693 0.0611122 -0.708584
-0.00575696 -0.109849 -0.0003864 0.0196971 0.0197009 1.59041
0.0358125 -0.104007 -0.0128457 0.00092706 0.0128791 3.06955
0.0721665 -0.0830181 0.0140814 0.00837839 0.0163854 0.536734
0.0980107 -0.049939 -0.0244352 0.00820686 0.0257766 2.81757
0.109581 -0.00958713 0.00615486 -0.00761894 0.00979441 -0.891296
0.105194 0.0321609 -0.0336264 -0.014484 0.0366131 -2.73488
0.0854861 0.0692252 0.0622768 0.0512376 0.0806455 0.688454
0.0533291 0.0962082 -0.0854237 -0.160605 0.18191 -2.05963
0.0134056 0.10918 0.0320886 0.392553 0.393862 1.48923
-0.0284701 0.106252 0.233543 -0.749493 0.785036 -1.26873
# x y Real Imaginary Modulus Phase <-> f = 0 s = 7
-0.109996 0.000959919 0.765168 -0.0788222 0.769217 -0.102651
-0.102346 -0.0403151 -0.611858 0.348072 0.703935 2.62437
-0.0797912 -0.075719 0.353813 -0.205078 0.40895 -0.525301
-0.0456163 -0.100096 -0.123269 0.0855951 0.150072 2.53465
-0.00479813 -0.109895 0.00524636 -0.0454583 0.04576 -1.45589
0.0367188 -0.103691 0.00536142 0.0166707 0.0175116 1.25964
0.0728882 -0.0823851 -0.0242372 0.00174224 0.0242997 3.06983
0.0984428 -0.0490818 0.0119574 0.00901923 0.0149775 0.646237
0.109661 -0.0086305 -0.0251684 0.0143222 0.0289581 2.62424
0.104909 0.0330776 0.00312664 -0.00747894 0.0081062 -1.17482
0.0848787 0.0699686 -0.03092 -0.0135279 0.0337498 -2.72917
0.0524875 0.0966699 0.0636517 0.0482687 0.0798837 0.648808
0.0124524 0.109293 -0.084811 -0.175022 0.194488 -2.02203
-0.0293962 0.105999 0.00466169 0.464049 0.464072 1.56075
-0.0669638 0.0872689 0.153406 -0.76864 0.783799 -1.3738
# x y Real Imaginary Modulus Phase <-> f = 0 s = 8
-0.10199 -0.0412067 0.726954 -0.153536 0.742991 -0.208146
-0.0791274 -0.0764124 -0.619404 0.326966 0.700405 2.6559
-0.044741 -0.10049 0.260225 -0.172864 0.312408 -0.586355
-0.00383894 -0.109933 -0.0277369 0.0932329 0.0972713 1.85996
0.0376222 -0.103366 -0.0293612 -0.0272931 0.0400874 -2.39268
0.0736044 -0.0817459 0.022353 -0.00228284 0.0224693 -0.101774
0.0988673 -0.0482208 -0.0353934 0.00704278 0.0360873 2.94517
0.109732 -0.00767321 0.00487001 0.00434269 0.00652503 0.728222
0.104616 0.0339919 -0.0230183 0.00879958 0.024643 2.77645
0.0842649 0.0707066 0.0106245 -0.0103893 0.0148599 -0.774206
0.0516419 0.0971242 -0.0373518 -0.011212 0.0389983 -2.84998
0.0114981 0.109397 0.0671462 0.0660979 0.0942208 0.777531
-0.0303201 0.105739 -0.0775927 -0.236697 0.249091 -1.88757
-0.0677228 0.0866812 0.0795434 0.524617 0.530613 1.42032
-0.0952628 0.055 0.0680945 -0.74616 0.749261 -1.47979
# x y Real Imaginary Modulus Phase <-> f = 0 s = 9
-0.0784575 -0.0771 0.858472 -0.0590307 0.8605 -0.0686544
-0.0438624 -0.100877 -0.513226 0.153033 0.535556 2.85181
-0.00287946 -0.109962 0.104594 -0.137579 0.172824 -0.920771
0.0385228 -0.103034 0.0158318 0.0609495 0.0629722 1.31666
0.0743149 -0.0811005 -0.0347657 -0.0118889 0.0367423 -2.81209
0.0992844 -0.0473562 0.0303844 -0.0169702 0.0348023 -0.50936
0.109795 -0.00671534 -0.0391258 0.00227346 0.0391918 3.08355
0.104316 0.0349035 0.00796375 0.0116424 0.0141056 0.970869
0.0836447 0.0714393 -0.0116172 0.00606518 0.0131052 2.66043
0.0507923 0.0975712 0.0191849 0.000273397 0.0191869 0.0142496
0.010543 0.109494 -0.0284222 -0.0264287 0.038811 -2.39252
-0.0312417 0.10547 0.0415409 0.112378 0.11981 1.21672
-0.0684766 0.0860869 -0.0801902 -0.305576 0.315923 -1.82743
-0.0957391 0.0541666 0.0806693 0.598465 0.603877 1.43681
-0.109059 0.0143579 0.00833643 -0.799023 0.799066 -1.56036
# x y Real Imaginary Modulus Phase <-> f = 0 s = 10
-0.0429804 -0.101256 0.898712 0.124729 0.907326 0.137905
-0.00191976 -0.109983 -0.351714 0.113158 0.369469 2.83032
0.0394205 -0.102694 0.0713469 -0.116808 0.136874 -1.02247
0.0750198 -0.0804489 0.0157336 0.0547111 0.0569285 1.29078
0.0996939 -0.046488 -0.0275045 -0.0179202 0.0328274 -2.56414
0.109849 -0.00575696 0.0301372 -0.00260566 0.0302497 -0.0862453
0.104007 0.0358125 -0.0207847 0.00192059 0.0208732 3.04945
0.0830181 0.0721665 0.0186893 0.0104164 0.021396 0.508467
0.049939 0.0980107 -0.0162055 0.00272356 0.0164328 2.97508
0.00958713 0.109581 0.0104935 0.00827713 0.013365 0.667867
-0.0321609 0.105194 -0.0129521 -0.0470608 0.0488106 -1.83937
-0.0692252 0.0854861 0.0295261 0.138532 0.141643 1.3608
-0.0962082 0.0533291 -0.0335448 -0.309248 0.311062 -1.67885
-0.10918 0.0134056 0.0449178 0.600897 0.602573 1.49618
-0.106252 -0.0284701 0.117628 -0.780809 0.78962 -1.42127
# x y Real Imaginary Modulus Phase <-> f = 0 s = 11
-0.000959919 -0.109996 0.765908 0.213015 0.794978 0.271265
0.0403151 -0.102346 -0.323045 0.0955316 0.336874 2.85406
0.075719 -0.0797912 0.0975485 -0.110037 0.147051 -0.845487
0.100096 -0.0456163 -0.00739979 0.0781037 0.0784535 1.66526
0.109895 -0.00479813 -0.0170403 -0.0381033 0.04174 -1.99133
0.103691 0.0367188 0.00889308 0.0155608 0.0179228 1.05159
0.0823851 0.0728882 -0.0107002 -0.00677248 0.0126634 -2.57731
0.0490818 0.0984428 0.0163168 0.0116346 0.02004 0.619429
0.0086305 0.109661 -0.00231435 -0.00297175 0.00376663 -2.23247
-0.0330776 0.104909 0.00681137 0.00879097 0.011121 0.911602
-0.0699686 0.0848787 -0.0106001 -0.03943 0.04083 -1.83342
-0.0966699 0.0524875 0.0305803 0.0980902 0.102747 1.26859
-0.109293 0.0124524 -0.0486634 -0.232351 0.237392 -1.77725
-0.105999 -0.0293962 0.00201911 0.426207 0.426212 1.56606
-0.0872689 -0.0669638 0.295727 -0.6831 0.744365 -1.16224
# x y Real Imaginary Modulus Phase <-> f = 0 s = 12
0.0412067 -0.10199 0.819979 0.195523 0.842968 0.234078
0.0764124 -0.0791274 -0.421222 0.103696 0.433798 2.90021
0.10049 -0.044741 0.168127 -0.156132 0.229443 -0.748422
0.109933 -0.00383894 -0.0679331 0.102336 0.122831 2.15683
0.103366 0.0376222 0.0382078 -0.0501502 0.0630466 -0.919742
0.0817459 0.0736044 -0.0160098 0.0125217 0.0203251 2.47784
0.0482208 0.0988673 -0.0035691 -0.00305728 0.00469952 -2.43328
0.00767321 0.109732 0.00629219 0.00207056 0.00662411 0.317907
-0.0339919 0.104616 -0.00211576 -0.00211515 0.0029917 -2.35634
-0.0707066 0.0842649 0.0125283 0.00720176 0.0144507 0.521715
-0.0971242 0.0516419 -0.0294328 -0.0127328 0.0320689 -2.7333
-0.109397 0.0114981 0.0628268 0.0375232 0.0731792 0.538394
-0.105739 -0.0303201 -0.0845742 -0.109378 0.138262 -2.229
-0.0866812 -0.0677228 0.0257017 0.280018 0.281195 1.47927
-0.055 -0.0952628 0.276673 -0.50851 0.578904 -1.07251
# x y Real Imaginary Modulus Phase <-> f = 0 s = 13
0.0771 -0.0784575 0.950465 0.0360687 0.951149 0.0379303
0.100877 -0.0438624 -0.576558 0.240219 0.6246 2.74682
0.109962 -0.00287946 0.337881 -0.226722 0.406899 -0.591005
0.103034 0.0385228 -0.183734 0.110815 0.214565 2.59888
0.0811005 0.0743149 0.0832996 -0.029152 0.0882534 -0.336644
0.0473562 0.0992844 -0.0245271 -0.00297375 0.0247067 -3.02094
0.00671534 0.109795 0.00564031 -0.00370734 0.00674963 -0.581486
-0.0349035 0.104316 -0.00155323 0.00410808 0.00439191 1.93227
-0.0714393 0.0836447 -0.00188431 0.0056 0.00590852 1.89538
-0.0975712 0.0507923 0.00361269 -0.0121403 0.0126665 -1.28156
-0.109494 0.010543 -0.0295851 0.00654532 0.0303005 2.92386
-0.10547 -0.0312417 0.0563366 -0.00583078 0.0566375 -0.103132
-0.0860869 -0.0684766 -0.0736917 -0.0689962 0.10095 -2.38909
-0.0541666 -0.0957391 0.0203103 0.235788 0.236661 1.48487
-0.0143579 -0.109059 0.305247 -0.529182 0.610909 -1.04759
# x y Real Imaginary Modulus Phase <-> f = 0 s = 14
0.101256 -0.0429804 0.743405 -0.0931551 0.749219 -0.124659
0.109983 -0.00191976 -0.57644 0.446515 0.729149 2.48253
0.102694 0.0394205 0.411913 -0.306077 0.513182 -0.639047
0.0804489 0.0750198 -0.21346 0.125865 0.247804 2.60882
0.046488 0.0996939 0.0934615 -0.045669 0.104023 -0.454518
0.00575696 0.109849 -0.0192645 0.0198715 0.0276767 2.34069
-0.0358125 0.104007 -0.00336587 -0.0110615 0.0115623 -1.86618
-0.0721665 0.0830181 0.00419631 0.0118764 0.012596 1.23116
-0.0980107 0.049939 -0.00882561 0.0164333 0.0186533 2.06365
-0.109581 0.00958713 0.00198812 -0.0256966 0.0257734 -1.49358
-0.105194 -0.0321609 -0.0133309 0.0215773 0.0253632 2.12421
-0.0854861 -0.0692252 0.0361434 -0.00655315 0.0367326 -0.179362
-0.0533291 -0.0962082 -0.0714928 -0.0751888 0.103752 -2.331
-0.0134056 -0.10918 0.0069258 0.30508 0.305158 1.5481
0.0284701 -0.106252 0.313475 -0.735507 0.799523 -1.16791
# x y Real Imaginary Modulus Phase <-> f = 0 s = 15
0.109996 -0.000959919 0.657096 0.014525 0.657256 0.0221013
0.102346 0.0403151 -0.530587 0.440657 0.689711 2.44852
0.0797912 0.075719 0.349167 -0.291322 0.454737 -0.695329
0.0456163 0.100096 -0.156886 0.136328 0.207843 2.42619
0.00479813 0.109895 0.0422081 -0.0523462 0.0672432 -0.89221
-0.0367188 0.103691 0.00310324 0.0265892 0.0267697 1.45461
-0.0728882 0.0823851 -0.018212 -0.0070513 0.0195294 -2.77219
-0.0984428 0.0490818 0.000890987 0.00560054 0.00567097 1.41303
-0.109661 0.0086305 -0.0199503 0.0188239 0.0274291 2.38523
-0.104909 -0.0330776 0.00204371 -0.0382899 0.0383444 -1.51747
-0.0848787 -0.0699686 -0.0170165 0.0231675 0.0287453 2.2043
-0.0524875 -0.0966699 0.0467977 0.00985778 0.0478246 0.207612
-0.0124524 -0.109293 -0.079222 -0.140801 0.161558 -2.0833
0.0293962 -0.105999 0.0047824 0.481618 0.481642 1.56087
0.0669638 -0.0872689 0.0702253 -0.783296 0.786438 -1.48138
