# x y Real Imaginary Modulus Phase <-> f = 0 s = 0
0.10199 0.0412067 0.732742 -0.0364478 0.733648 -0.0497007
0.0791274 0.0764124 -0.569297 0.329151 0.657602 2.61738
0.044741 0.10049 0.295681 -0.227297 0.372949 -0.655378
0.00383894 0.109933 -0.0967997 0.104939 0.142767 2.31587
-0.0376222 0.103366 0.0167345 -0.0499138 0.0526443 -1.24731
-0.0736044 0.0817459 0.00457148 0.0134319 0.0141886 1.24275
-0.0988673 0.0482208 -0.0239458 -0.000685675 0.0239556 -3.11297
-0.109732 0.00767321 0.0022283 0.00525272 0.00570582 1.16959
-0.104616 -0.0339919 -0.0207684 0.0215134 0.0299023 2.33858
-0.0842649 -0.0707066 0.00852463 -0.0278899 0.0291636 -1.27416
-0.0516419 -0.0971242 -0.024267 0.00866861 0.0257689 2.7985
-0.0114981 -0.109397 0.0567223 0.0644798 0.0858782 0.849316
0.0303201 -0.105739 -0.0500996 -0.28089 0.285323 -1.7473
0.0677228 -0.0866812 0.127415 0.641035 0.653576 1.37459
0.0952628 -0.055 -0.0169414 -0.637605 0.63783 -1.59736
# x y Real Imaginary Modulus Phase <-> f = 0 s = 1
0.0784575 0.0771 0.817518 -0.0828638 0.821707 -0.101015
0.0438624 0.100877 -0.575912 0.268916 0.635602 2.70474
0.00287946 0.109962 0.236677 -0.173658 0.293553 -0.63301
-0.0385228 0.103034 -0.0549677 0.101308 0.11526 2.06792
-0.0743149 0.0811005 0.00319565 -0.0420514 0.0421726 -1.49495
-0.0992844 0.0473562 0.00330892 0.00870226 0.00931012 1.20744
-0.109795 0.00671534 -0.0226442 0.00166718 0.0227055 3.0681
-0.104316 -0.0349035 0.00729262 0.0108065 0.0130369 0.977157
-0.0836447 -0.0714393 -0.0173003 0.018158 0.0250801 2.33201
-0.0507923 -0.0975712 0.0138824 -0.00561799 0.014976 -0.384539
-0.010543 -0.109494 -0.0249173 -0.035211 0.0431357 -2.18664
0.0312417 -0.10547 0.0117372 0.141207 0.141694 1.48787
0.0684766 -0.0860869 -0.0568535 -0.39138 0.395488 -1.71505
0.0957391 -0.0541666 0.190396 0.630969 0.65907 1.27773
0.109059 -0.0143579 0.0334423 -0.686275 0.687089 -1.5221
# x y Real Imaginary Modulus Phase <-> f = 0 s = 2
0.0429804 0.101256 0.876001 -0.0812874 0.879764 -0.0925288
0.00191976 0.109983 -0.527437 0.184781 0.558869 2.80462
-0.0394205 0.102694 0.188368 -0.177453 0.25879 -0.755569
-0.0750198 0.0804489 -0.0409944 0.0994821 0.107598 1.96167
-0.0996939 0.046488 0.00275181 -0.0443936 0.0444788 -1.50889
-0.109849 0.00575696 0.00928328 0.0101694 0.0137694 0.830918
-0.104007 -0.0358125 -0.0161963 -0.00359589 0.0165906 -2.92312
-0.0830181 -0.0721665 0.0124135 0.0123323 0.017498 0.782117
-0.049939 -0.0980107 -0.00722124 0.00711673 0.0101387 2.36348
-0.00958713 -0.109581 0.00565007 0.00939855 0.0109661 1.02952
0.0321609 -0.105194 0.00729805 -0.0539152 0.0544069 -1.43625
0.0692252 -0.0854861 0.00831182 0.177658 0.177852 1.52404
0.0962082 -0.0533291 -0.0880491 -0.360298 0.3709 -1.81048
0.10918 -0.0134056 0.10172 0.568386 0.577416 1.39371
0.106252 0.0284701 0.101071 -0.774296 0.780864 -1.441
# x y Real Imaginary Modulus Phase <-> f = 0 s = 3
0.000959919 0.109996 0.903587 0.00720216 0.903615 0.00797046
-0.0403151 0.102346 -0.482878 0.199192 0.522349 2.75035
-0.075719 0.0797912 0.17473 -0.166673 0.241476 -0.761802
-0.100096 0.0456163 -0.0469602 0.0996818 0.110189 2.01106
-0.109895 0.00479813 0.00103455 -0.0453532 0.045365 -1.54799
-0.103691 -0.0367188 0.0062603 0.0197286 0.0206981 1.26353
-0.0823851 -0.0728882 -0.00686405 -0.00891568 0.0112519 -2.2269
-0.0490818 -0.0984428 0.0107059 0.00361405 0.0112994 0.325564
-0.0086305 -0.109661 -0.00692972 -0.000305857 0.00693646 -3.09748
0.0330776 -0.104909 -0.00325138 0.0113745 0.01183 1.84922
0.0699686 -0.0848787 0.00534413 -0.0684933 0.0687015 -1.49293
0.0966699 -0.0524875 0.0413278 0.154503 0.159934 1.30943
0.109293 -0.0124524 -0.080332 -0.288017 0.29901 -1.8428
0.105999 0.0293962 0.0458912 0.528314 0.530303 1.48415
0.0872689 0.0669638 0.147974 -0.792379 0.806077 -1.38618
# x y Real Imaginary Modulus Phase <-> f = 0 s = 4
-0.0412067 0.10199 0.881772 -0.0136817 0.881879 -0.0155148
-0.0764124 0.0791274 -0.480429 0.176185 0.511716 2.7901
-0.10049 0.044741 0.201169 -0.170028 0.263398 -0.701701
-0.109933 0.00383894 -0.0646569 0.103636 0.122151 2.12859
-0.103366 -0.0376222 0.0235153 -0.0496164 0.0549068 -1.12821
-0.0817459 -0.0736044 -0.00688117 0.0165708 0.0179428 1.96439
-0.0482208 -0.0988673 -0.000958477 -0.00302731 0.00317542 -1.87742
-0.00767321 -0.109732 0.00911152 -0.000397992 0.00912021 -0.0436523
0.0339919 -0.104616 -0.00521689 -0.00173244 0.00549703 -2.82097
0.0707066 -0.0842649 0.00808591 0.0199513 0.0215276 1.18574
0.0971242 -0.0516419 -0.0269407 -0.0422732 0.050128 -2.13819
0.109397 -0.0114981 0.0495397 0.0940863 0.106332 1.08615
0.105739 0.0303201 -0.0669863 -0.212952 0.223239 -1.87556
0.0866812 0.0677228 0.00983688 0.44286 0.442969 1.54859
0.055 0.0952628 0.228587 -0.742273 0.776673 -1.27206
# x y Real Imaginary Modulus Phase <-> f = 0 s = 5
-0.0771 0.0784575 0.905657 -0.0223377 0.905932 -0.0246596
-0.100877 0.0438624 -0.558217 0.221621 0.600602 2.76366
-0.109962 0.00287946 0.266622 -0.210542 0.339728 -0.668407
-0.103034 -0.0385228 -0.129349 0.118321 0.175302 2.40069
-0.0811005 -0.0743149 0.0573221 -0.0387877 0.0692121 -0.59489
-0.0473562 -0.0992844 -0.0119684 0.00896434 0.0149533 2.49873
-0.00671534 -0.109795 -0.00175087 -0.00340439 0.00382824 -2.04582
0.0349035 -0.104316 0.010763 0.00431466 0.0115956 0.381265
0.0714393 -0.0836447 -0.0146895 -0.00287113 0.0149674 -2.94857
0.0975712 -0.0507923 0.0195256 0.00528092 0.0202272 0.264141
0.109494 -0.010543 -0.029567 -0.0196128 0.0354806 -2.5559
0.10547 0.0312417 0.0596732 0.0636493 0.0872475 0.817629
0.0860869 0.0684766 -0.0850663 -0.175175 0.194737 -2.02286
0.0541666 0.0957391 0.0382051 0.407111 0.408899 1.47723
0.0143579 0.109059 0.197677 -0.728414 0.75476 -1.3058
# x y Real Imaginary Modulus Phase <-> f = 0 s = 6
-0.101256 0.0429804 0.846381 -0.0481353 0.847749 -0.0568107
-0.109983 0.00191976 -0.553612 0.311375 0.63517 2.62925
-0.102694 -0.0394205 0.326114 -0.241466 0.405778 -0.637351
-0.0804489 -0.0750198 -0.1555 0.102285 0.186125 2.55976
-0.046488 -0.0996939 0.043701 -0.0372558 0.0574262 -0.705953
-0.00575696 -0.109849 -0.00136003 0.0169828 0.0170371 1.65071
0.0358125 -0.104007 -0.00889715 0.00231282 0.00919285 2.88727
0.0721665 -0.0830181 0.0172072 0.0112531 0.0205601 0.579165
0.0980107 -0.049939 -0.0244522 0.00941175 0.026201 2.77417
0.109581 -0.00958713 0.00758704 -0.00464423 0.00889562 -0.549288
0.105194 0.0321609 -0.0328854 -0.0132469 0.0354532 -2.75866
0.0854861 0.0692252 0.0617028 0.0497338 0.0792508 0.678402
0.0533291 0.0962082 -0.0842024 -0.155344 0.176696 -2.06751
0.0134056 0.10918 0.0317806 0.395286 0.396561 1.49057
-0.0284701 0.106252 0.235105 -0.750732 0.786685 -1.2673
# x y Real Imaginary Modulus Phase <-> f = 0 s = 7
-0.109996 0.000959919 0.763281 -0.0819609 0.767669 -0.10697
-0.102346 -0.0403151 -0.614002 0.353944 0.708713 2.61867
-0.0797912 -0.075719 0.353115 -0.204715 0.408165 -0.52539
-0.0456163 -0.100096 -0.11589 0.0878181 0.145405 2.49314
-0.00479813 -0.109895 0.00507987 -0.0492426 0.049504 -1.468
0.0367188 -0.103691 0.00754438 0.00921294 0.0119078 0.884643
0.0728882 -0.0823851 -0.0273448 0.00530214 0.0278541 2.95007
0.0984428 -0.0490818 0.0121046 0.00665897 0.0138154 0.502933
0.109661 -0.0086305 -0.0216449 0.0134474 0.025482 2.58568
0.104909 0.0330776 0.00318175 -0.00729806 0.00796148 -1.15967
0.0848787 0.0699686 -0.0297432 -0.0141799 0.0329504 -2.69672
0.0524875 0.0966699 0.0607909 0.0494329 0.0783527 0.682715
0.0124524 0.109293 -0.0814006 -0.174929 0.192941 -2.00633
-0.0293962 0.105999 0.0117795 0.466367 0.466516 1.54554
-0.0669638 0.0872689 0.15239 -0.770907 0.785824 -1.37564
# x y Real Imaginary Modulus Phase <-> f = 0 s = 8
-0.10199 -0.0412067 0.726158 -0.145786 0.740647 -0.198129
-0.0791274 -0.0764124 -0.618174 0.324853 0.698333 2.65775
-0.044741 -0.10049 0.261474 -0.176612 0.315532 -0.594058
-0.00383894 -0.109933 -0.0267649 0.0902203 0.0941066 1.85919
0.0376222 -0.103366 -0.0278687 -0.0297553 0.0407682 -2.32347
0.0736044 -0.0817459 0.0220613 -0.00941562 0.0239866 -0.403388
0.0988673 -0.0482208 -0.0355749 0.00454449 0.035864 3.01454
0.109732 -0.00767321 0.00955955 0.00430668 0.0104849 0.423279
0.104616 0.0339919 -0.0249533 0.0168892 0.0301315 2.54659
0.0842649 0.0707066 0.00901128 -0.00517254 0.0103903 -0.521088
0.0516419 0.0971242 -0.0330446 -0.00755978 0.0338983 -2.91669
0.0114981 0.109397 0.0560965 0.064221 0.085271 0.852821
-0.0303201 0.105739 -0.0726937 -0.237235 0.248122 -1.86813
-0.0677228 0.0866812 0.081734 0.529876 0.536143 1.41775
-0.0952628 0.055 0.0688019 -0.745701 0.748868 -1.47879
# x y Real Imaginary Modulus Phase <-> f = 0 s = 9
-0.0784575 -0.0771 0.863521 -0.0584122 0.865494 -0.0675413
-0.0438624 -0.100877 -0.507522 0.154688 0.530572 2.84575
-0.00287946 -0.109962 0.11302 -0.137722 0.178159 -0.883596
0.0385228 -0.103034 0.0140354 0.059364 0.0610006 1.33863
0.0743149 -0.0811005 -0.030026 -0.00908063 0.0313691 -2.84791
0.0992844 -0.0473562 0.0264636 -0.0162262 0.0310421 -0.550035
0.109795 -0.00671534 -0.0307883 0.00757535 0.0317065 2.90034
0.104316 0.0349035 0.012798 0.0130988 0.018313 0.797012
0.0836447 0.0714393 -0.0141166 0.0133208 0.0194093 2.38519
0.0507923 0.0975712 0.0160961 -0.000268946 0.0160984 -0.0167072
0.010543 0.109494 -0.0335673 -0.0239115 0.0412132 -2.52263
-0.0312417 0.10547 0.0423403 0.111698 0.119453 1.20847
-0.0684766 0.0860869 -0.0771209 -0.302226 0.311911 -1.82064
-0.0957391 0.0541666 0.0797222 0.590673 0.596028 1.43664
-0.109059 0.0143579 0.00667213 -0.794439 0.794467 -1.5624
# x y Real Imaginary Modulus Phase <-> f = 0 s = 10
-0.0429804 -0.101256 0.895159 0.129379 0.904461 0.143538
-0.00191976 -0.109983 -0.346449 0.11174 0.364023 2.8296
0.0394205 -0.102694 0.0722217 -0.119286 0.139446 -1.02638
0.0750198 -0.0804489 0.011642 0.053782 0.0550276 1.35762
0.0996939 -0.046488 -0.0297528 -0.00891 0.0310583 -2.85062
0.109849 -0.00575696 0.0292931 0.00259251 0.0294076 0.0882724
0.104007 0.0358125 -0.0258133 -0.000617454 0.0258207 -3.11768
0.0830181 0.0721665 0.017089 0.0137473 0.0219323 0.67745
0.049939 0.0980107 -0.00858203 0.0031861 0.00915437 2.78611
0.00958713 0.109581 0.0102506 0.00511961 0.011458 0.463204
-0.0321609 0.105194 -0.0090072 -0.042813 0.0437502 -1.77816
-0.0692252 0.0854861 0.0271114 0.134494 0.137199 1.37188
-0.0962082 0.0533291 -0.031255 -0.306875 0.308462 -1.6723
-0.10918 0.0134056 0.04401 0.60175 0.603357 1.49779
-0.106252 -0.0284701 0.121181 -0.781481 0.79082 -1.41696
# x y Real Imaginary Modulus Phase <-> f = 0 s = 11
-0.000959919 -0.109996 0.771155 0.209121 0.799007 0.264811
0.0403151 -0.102346 -0.316894 0.0966356 0.331301 2.8456
0.075719 -0.0797912 0.0952671 -0.118461 0.152016 -0.893494
0.100096 -0.0456163 -0.00542068 0.0727331 0.0729348 1.64519
0.109895 -0.00479813 -0.0132751 -0.0287817 0.0316957 -2.00295
0.103691 0.0367188 0.00612557 0.0183524 0.0193477 1.24865
0.0823851 0.0728882 -0.0107307 -0.00329974 0.0112266 -2.84327
0.0490818 0.0984428 0.0102996 0.00795693 0.0130151 0.657777
0.0086305 0.109661 -0.00478334 -0.00146017 0.00500124 -2.84532
-0.0330776 0.104909 0.00748509 0.00871484 0.011488 0.861164
-0.0699686 0.0848787 -0.0146564 -0.0392791 0.0419245 -1.92793
-0.0966699 0.0524875 0.0304529 0.100337 0.104857 1.27613
-0.109293 0.0124524 -0.0486242 -0.231946 0.236988 -1.77744
-0.105999 -0.0293962 -0.00442908 0.425534 0.425557 1.5812
-0.0872689 -0.0669638 0.297543 -0.681122 0.743276 -1.15894
# x y Real Imaginary Modulus Phase <-> f = 0 s = 12
0.0412067 -0.10199 0.821816 0.200444 0.845907 0.239233
0.0764124 -0.0791274 -0.424993 0.102778 0.437244 2.90431
0.10049 -0.044741 0.171242 -0.154532 0.23066 -0.734151
0.109933 -0.00383894 -0.0704946 0.105339 0.126751 2.16056
0.103366 0.0376222 0.036255 -0.0510538 0.0626172 -0.953301
0.0817459 0.0736044 -0.017015 0.0118571 0.0207388 2.53298
0.0482208 0.0988673 -0.00129802 -0.00428859 0.00448072 -1.8647
0.00767321 0.109732 0.00553272 0.00150282 0.00573319 0.265225
-0.0339919 0.104616 -0.00143867 -0.000655739 0.00158107 -2.71393
-0.0707066 0.0842649 0.00935591 0.00675327 0.0115386 0.625219
-0.0971242 0.0516419 -0.0313248 -0.0145907 0.0345562 -2.70569
-0.109397 0.0114981 0.0611324 0.0371687 0.0715449 0.546283
-0.105739 -0.0303201 -0.0836941 -0.108573 0.137087 -2.22751
-0.0866812 -0.0677228 0.0258161 0.276737 0.277939 1.47778
-0.055 -0.0952628 0.277265 -0.511468 0.581787 -1.07404
# x y Real Imaginary Modulus Phase <-> f = 0 s = 13
0.0771 -0.0784575 0.948875 0.0338202 0.949477 0.0356273
0.100877 -0.0438624 -0.576544 0.240221 0.624587 2.74681
0.109962 -0.00287946 0.335753 -0.225813 0.404625 -0.592071
0.103034 0.0385228 -0.186394 0.102059 0.212506 2.64064
0.0811005 0.0743149 0.08261 -0.0265823 0.0867815 -0.311317
0.0473562 0.0992844 -0.0296022 0.000478152 0.0296061 3.12544
0.00671534 0.109795 0.00332569 -0.00384934 0.00508701 -0.858252
-0.0349035 0.104316 0.00156827 0.00371996 0.00403702 1.17182
-0.0714393 0.0836447 -0.0026055 0.0106212 0.0109361 1.81136
-0.0975712 0.0507923 0.00469951 -0.00710596 0.00851939 -0.986485
-0.109494 0.010543 -0.0297564 0.00833818 0.0309026 2.86838
-0.10547 -0.0312417 0.0530318 -0.00683775 0.0534708 -0.128229
-0.0860869 -0.0684766 -0.073874 -0.065763 0.0989047 -2.41422
-0.0541666 -0.0957391 0.0270021 0.235251 0.236796 1.45652
-0.0143579 -0.109059 0.306396 -0.533067 0.614849 -1.04913
# x y Real Imaginary Modulus Phase <-> f = 0 s = 14
0.101256 -0.0429804 0.741749 -0.0897836 0.747163 -0.120457
0.109983 -0.00191976 -0.572636 0.447422 0.726704 2.47834
0.102694 0.0394205 0.414929 -0.303349 0.513991 -0.631286
0.0804489 0.0750198 -0.210887 0.1227 0.243985 2.61464
0.046488 0.0996939 0.0943215 -0.0436725 0.103942 -0.433626
0.00575696 0.109849 -0.0226101 0.0233283 0.0324874 2.34056
-0.0358125 0.104007 -0.000547886 -0.00989946 0.00991461 -1.62608
-0.0721665 0.0830181 0.0075931 0.0111083 0.0134555 0.971195
-0.0980107 0.049939 -0.0130163 0.0167722 0.0212304 2.23077
-0.109581 0.00958713 0.00118035 -0.0226011 0.0226319 -1.51862
-0.105194 -0.0321609 -0.0153017 0.0272403 0.0312438 2.0826
-0.0854861 -0.0692252 0.0377137 -0.00623659 0.0382259 -0.163884
-0.0533291 -0.0962082 -0.072681 -0.0799905 0.108079 -2.30835
-0.0134056 -0.10918 0.00318667 0.308882 0.308899 1.56048
0.0284701 -0.106252 0.31259 -0.725946 0.790386 -1.1642
# x y Real Imaginary Modulus Phase <-> f = 0 s = 15
0.109996 -0.000959919 0.655863 0.0151761 0.656038 0.023135
0.102346 0.0403151 -0.53103 0.439644 0.689405 2.45006
0.0797912 0.075719 0.350259 -0.286089 0.452248 -0.684897
0.0456163 0.100096 -0.154924 0.136623 0.206561 2.41888
0.00479813 0.109895 0.0412309 -0.0557584 0.0693469 -0.934078
-0.0367188 0.103691 0.00249348 0.0264779 0.026595 1.4769
-0.0728882 0.0823851 -0.0158516 -0.00648998 0.0171287 -2.75299
-0.0984428 0.0490818 0.00563288 0.00868223 0.0103494 0.995278
-0.109661 0.0086305 -0.0195364 0.0179929 0.0265596 2.3973
-0.104909 -0.0330776 -0.000816201 -0.0340155 0.0340253 -1.59479
-0.0848787 -0.0699686 -0.0123137 0.0230573 0.0261394 2.06131
-0.0524875 -0.0966699 0.04736 0.0107955 0.0485748 0.224116
-0.0124524 -0.109293 -0.0829308 -0.14534 0.167336 -2.08932
0.0293962 -0.105999 0.00388722 0.479821 0.479837 1.5627
0.0669638 -0.0872689 0.0727769 -0.784514 0.787882 -1.47829
