# x y Real Imaginary Modulus Phase <-> f = 0 s = 0
0.10199 0.0412067 0.736237 -0.0336772 0.737007 -0.0457104
0.0791274 0.0764124 -0.565481 0.333401 0.656449 2.60886
0.044741 0.10049 0.293486 -0.234519 0.375677 -0.674179
0.00383894 0.109933 -0.100544 0.106937 0.146781 2.32539
-0.0376222 0.103366 0.0102898 -0.0517804 0.0527929 -1.37463
-0.0736044 0.0817459 0.0084339 0.0167523 0.0187556 1.1044
-0.0988673 0.0482208 -0.022199 0.00518912 0.0227974 2.91196
-0.109732 0.00767321 -0.000362845 0.000299277 0.000470344 2.45191
-0.104616 -0.0339919 -0.0154809 0.019508 0.0249043 2.2416
-0.0842649 -0.0707066 0.015985 -0.0320199 0.0357882 -1.10777
-0.0516419 -0.0971242 -0.0232232 0.0116367 0.0259756 2.67708
-0.0114981 -0.109397 0.05512 0.0705223 0.0895076 0.907378
0.0303201 -0.105739 -0.0510093 -0.278463 0.283096 -1.75197
0.0677228 -0.0866812 0.126813 0.641133 0.653554 1.37552
0.0952628 -0.055 -0.0162539 -0.641968 0.642174 -1.59611
# x y Real Imaginary Modulus Phase <-> f = 0 s = 1
0.0784575 0.0771 0.822798 -0.0832489 0.826998 -0.100835
0.0438624 0.100877 -0.57516 0.267781 0.634441 2.70586
0.00287946 0.109962 0.239271 -0.174611 0.296209 -0.630423
-0.0385228 0.103034 -0.0582013 0.107737 0.122453 2.0661
-0.0743149 0.0811005 -0.00210653 -0.0414397 0.0414932 -1.62159
-0.0992844 0.0473562 0.00277611 0.0154402 0.0156878 1.3929
-0.109795 0.00671534 -0.0193094 -0.00405585 0.0197307 -2.93456
-0.104316 -0.0349035 0.00262157 0.0123661 0.0126409 1.36189
-0.0836447 -0.0714393 -0.0187045 0.00859943 0.0205866 2.71066
-0.0507923 -0.0975712 0.0124567 -0.00352004 0.0129445 -0.275402
-0.010543 -0.109494 -0.0197812 -0.0370329 0.0419849 -2.06139
0.0312417 -0.10547 0.00874762 0.143171 0.143438 1.50977
0.0684766 -0.0860869 -0.0566646 -0.393544 0.397602 -1.7138
0.0957391 -0.0541666 0.188193 0.63122 0.658677 1.28105
0.109059 -0.0143579 0.0354641 -0.682078 0.683 -1.51885
# x y Real Imaginary Modulus Phase <-> f = 0 s = 2
0.0429804 0.101256 0.868131 -0.0769625 0.871536 -0.0884219
0.00191976 0.109983 -0.527907 0.183778 0.558982 2.80659
-0.0394205 0.102694 0.185219 -0.178157 0.256995 -0.765966
-0.0750198 0.0804489 -0.044428 0.0972009 0.106873 1.99952
-0.0996939 0.046488 0.000236265 -0.0472424 0.047243 -1.5658
-0.109849 0.00575696 0.0125196 0.0120622 0.017385 0.766791
-0.104007 -0.0358125 -0.0149998 -0.00843461 0.0172087 -2.62935
-0.0830181 -0.0721665 0.0172059 0.010274 0.0200399 0.538299
-0.049939 -0.0980107 -0.00839946 0.0068796 0.0108573 2.45534
-0.00958713 -0.109581 0.00613873 0.00821842 0.010258 0.929251
0.0321609 -0.105194 0.00992883 -0.0533998 0.054315 -1.38696
0.0692252 -0.0854861 0.00970379 0.174284 0.174554 1.51518
0.0962082 -0.0533291 -0.0866137 -0.369996 0.379999 -1.80075
0.10918 -0.0134056 0.101235 0.567754 0.576709 1.39434
0.106252 0.0284701 0.0963686 -0.772961 0.778946 -1.44676
# x y Real Imaginary Modulus Phase <-> f = 0 s = 3
0.000959919 0.109996 0.906331 0.00525435 0.906347 0.00579732
-0.0403151 0.102346 -0.482673 0.198432 0.521871 2.75154
-0.075719 0.0797912 0.173325 -0.16658 0.240396 -0.765556
-0.100096 0.0456163 -0.0464628 0.101114 0.111279 2.00153
-0.109895 0.00479813 0.00272025 -0.0436038 0.0436886 -1.50849
-0.103691 -0.0367188 0.00576853 0.0194648 0.0203016 1.28269
-0.0823851 -0.0728882 -0.0086318 -0.00709338 0.0111725 -2.45372
-0.0490818 -0.0984428 0.0108565 0.00252316 0.0111459 0.228355
-0.0086305 -0.109661 -0.00691276 5.66104e-05 0.00691299 3.1334
0.0330776 -0.104909 -0.00464409 0.0109922 0.011933 1.97054
0.0699686 -0.0848787 0.00491987 -0.0650813 0.065267 -1.49534
0.0966699 -0.0524875 0.0400909 0.157003 0.162041 1.32079
0.109293 -0.0124524 -0.0797893 -0.286523 0.297426 -1.84239
0.105999 0.0293962 0.0435462 0.52653 0.528327 1.48828
0.0872689 0.0669638 0.144008 -0.792319 0.8053 -1.391
# x y Real Imaginary Modulus Phase <-> f = 0 s = 4
-0.0412067 0.10199 0.882113 -0.0142085 0.882227 -0.0161059
-0.0764124 0.0791274 -0.477934 0.172489 0.508108 2.79524
-0.10049 0.044741 0.203512 -0.169636 0.264941 -0.694863
-0.109933 0.00383894 -0.0637332 0.102734 0.120897 2.12606
-0.103366 -0.0376222 0.0201241 -0.0473176 0.0514192 -1.16867
-0.0817459 -0.0736044 -0.00693773 0.0184576 0.0197184 1.93033
-0.0482208 -0.0988673 -0.000987685 -0.00390571 0.00402866 -1.81849
-0.00767321 -0.109732 0.0115737 -0.000554312 0.011587 -0.0478573
0.0339919 -0.104616 -0.00824487 -0.00297782 0.00876615 -2.795
0.0707066 -0.0842649 0.00721475 0.0208497 0.0220627 1.23766
0.0971242 -0.0516419 -0.0282156 -0.0398202 0.0488034 -2.18726
0.109397 -0.0114981 0.0483397 0.0912756 0.103286 1.08375
0.105739 0.0303201 -0.0652141 -0.21434 0.224041 -1.86615
0.0866812 0.0677228 0.0098634 0.442546 0.442656 1.54851
0.055 0.0952628 0.2316 -0.740396 0.775774 -1.26763
# x y Real Imaginary Modulus Phase <-> f = 0 s = 5
-0.0771 0.0784575 0.909497 -0.024774 0.909835 -0.0272325
-0.100877 0.0438624 -0.560601 0.221137 0.60264 2.76587
-0.109962 0.00287946 0.268756 -0.210235 0.341216 -0.663826
-0.103034 -0.0385228 -0.126528 0.119682 0.174164 2.38399
-0.0811005 -0.0743149 0.0566813 -0.0380617 0.0682749 -0.591343
-0.0473562 -0.0992844 -0.0149461 0.0142113 0.0206239 2.38139
-0.00671534 -0.109795 -0.00569024 -0.00384232 0.00686602 -2.54767
0.0349035 -0.104316 0.00982465 0.00638085 0.0117149 0.576005
0.0714393 -0.0836447 -0.0123705 -0.00248386 0.0126174 -2.94344
0.0975712 -0.0507923 0.0168927 0.00479906 0.0175611 0.276798
0.109494 -0.010543 -0.0280677 -0.0220647 0.0357022 -2.47537
0.10547 0.0312417 0.0638069 0.0661357 0.0918981 0.803318
0.0860869 0.0684766 -0.083392 -0.175657 0.194447 -2.01404
0.0541666 0.0957391 0.0389727 0.410822 0.412667 1.47621
0.0143579 0.109059 0.197557 -0.727096 0.753457 -1.30549
# x y Real Imaginary Modulus Phase <-> f = 0 s = 6
-0.101256 0.0429804 0.851667 -0.0357054 0.852415 -0.0418996
-0.109983 0.00191976 -0.549938 0.309763 0.631178 2.62862
-0.102694 -0.0394205 0.321257 -0.238956 0.400382 -0.639531
-0.0804489 -0.0750198 -0.1503 0.108869 0.185587 2.51472
-0.046488 -0.0996939 0.0371128 -0.0394255 0.0541455 -0.815605
-0.00575696 -0.109849 -0.00806328 0.0132371 0.0154996 2.11791
0.0358125 -0.104007 -0.0122436 0.00136378 0.0123194 3.03066
0.0721665 -0.0830181 0.00766863 -7.70103e-05 0.00766901 -0.0100419
0.0980107 -0.049939 -0.0160145 0.00145284 0.0160802 3.05112
0.109581 -0.00958713 0.0102002 -0.00342873 0.010761 -0.324278
0.105194 0.0321609 -0.0360434 -0.0140122 0.0386713 -2.77081
0.0854861 0.0692252 0.0623043 0.053312 0.082 0.707778
0.0533291 0.0962082 -0.0840491 -0.154566 0.17594 -2.06885
0.0134056 0.10918 0.0345152 0.391491 0.393009 1.48286
-0.0284701 0.106252 0.231294 -0.752331 0.787083 -1.27253
# x y Real Imaginary Modulus Phase <-> f = 0 s = 7
-0.109996 0.000959919 0.755147 -0.0757646 0.758938 -0.0999964
-0.102346 -0.0403151 -0.602523 0.351694 0.697655 2.61324
-0.0797912 -0.075719 0.35738 -0.212927 0.416003 -0.537326
-0.0456163 -0.100096 -0.111271 0.0910146 0.143753 2.456
-0.00479813 -0.109895 0.0157305 -0.0312716 0.0350052 -1.10473
0.0367188 -0.103691 0.00909526 0.0142773 0.0169282 1.00358
0.0728882 -0.0823851 -0.0213168 0.00799491 0.0227668 2.78278
0.0984428 -0.0490818 0.0141673 -0.000302625 0.0141706 -0.0213575
0.109661 -0.0086305 -0.0241545 0.0220864 0.0327299 2.40089
0.104909 0.0330776 0.00888795 -0.0124933 0.0153323 -0.952448
0.0848787 0.0699686 -0.037497 -0.0192625 0.0421553 -2.66704
0.0524875 0.0966699 0.064787 0.0481156 0.0806999 0.638795
0.0124524 0.109293 -0.0772202 -0.178178 0.194191 -1.97975
-0.0293962 0.105999 0.0111215 0.466423 0.466555 1.54696
-0.0669638 0.0872689 0.152877 -0.774493 0.789437 -1.37591
# x y Real Imaginary Modulus Phase <-> f = 0 s = 8
-0.10199 -0.0412067 0.720076 -0.146201 0.734768 -0.200313
-0.0791274 -0.0764124 -0.62598 0.312777 0.699772 2.67822
-0.044741 -0.10049 0.260692 -0.169906 0.311172 -0.577605
-0.00383894 -0.109933 -0.0252575 0.0872905 0.0908712 1.85245
0.0376222 -0.103366 -0.0150107 -0.0258187 0.0298651 -2.09742
0.0736044 -0.0817459 0.0247876 -0.00905996 0.0263915 -0.350419
0.0988673 -0.0482208 -0.0275371 -0.00511582 0.0280082 -2.95791
0.109732 -0.00767321 0.00208007 -0.000758169 0.00221394 -0.349526
0.104616 0.0339919 -0.029917 -0.000689076 0.029925 -3.11856
0.0842649 0.0707066 0.0158182 -0.00653956 0.0171167 -0.39202
0.0516419 0.0971242 -0.0459274 -0.0102181 0.0470503 -2.92267
0.0114981 0.109397 0.0616319 0.0613662 0.086973 0.783237
-0.0303201 0.105739 -0.0762794 -0.229186 0.241547 -1.89209
-0.0677228 0.0866812 0.0744991 0.522339 0.527625 1.42913
-0.0952628 0.055 0.0736619 -0.747318 0.75094 -1.47255
# x y Real Imaginary Modulus Phase <-> f = 0 s = 9
-0.0784575 -0.0771 0.87235 -0.0608247 0.874467 -0.0696125
-0.0438624 -0.100877 -0.509635 0.157215 0.533333 2.84237
-0.00287946 -0.109962 0.119448 -0.141918 0.185495 -0.871162
0.0385228 -0.103034 0.0123906 0.0558345 0.0571928 1.35242
0.0743149 -0.0811005 -0.0371368 -0.0104561 0.0385807 -2.86714
0.0992844 -0.0473562 0.0327182 -0.0172726 0.0369976 -0.485735
0.109795 -0.00671534 -0.0470506 0.0169696 0.0500173 2.79545
0.104316 0.0349035 0.00760515 0.0152925 0.0170792 1.1093
0.0836447 0.0714393 -0.0204357 0.0110857 0.0232489 2.64455
0.0507923 0.0975712 0.0169355 0.00936132 0.0193506 0.504963
0.010543 0.109494 -0.0287013 -0.0389853 0.0484109 -2.20541
-0.0312417 0.10547 0.035666 0.103139 0.109132 1.23786
-0.0684766 0.0860869 -0.069488 -0.299455 0.307412 -1.79881
-0.0957391 0.0541666 0.0848501 0.607754 0.613649 1.43208
-0.109059 0.0143579 0.000502213 -0.788712 0.788712 -1.57016
# x y Real Imaginary Modulus Phase <-> f = 0 s = 10
-0.0429804 -0.101256 0.900559 0.136538 0.910851 0.150468
-0.00191976 -0.109983 -0.345833 0.118198 0.365474 2.81226
0.0394205 -0.102694 0.0795911 -0.125859 0.148913 -1.0069
0.0750198 -0.0804489 0.0113173 0.0505732 0.0518241 1.35064
0.0996939 -0.046488 -0.0339743 -0.0104195 0.0355362 -2.84401
0.109849 -0.00575696 0.0274033 -0.000716707 0.0274126 -0.0261481
0.104007 0.0358125 -0.0278853 -0.0049904 0.0283284 -2.96451
0.0830181 0.0721665 0.016301 0.0168985 0.0234794 0.803393
0.049939 0.0980107 -0.00700497 -0.00660946 0.00963092 -2.38524
0.00958713 0.109581 0.0122584 0.0106809 0.0162588 0.716741
-0.0321609 0.105194 -0.0134704 -0.0375623 0.0399046 -1.91513
-0.0692252 0.0854861 0.0143607 0.131738 0.132518 1.46222
-0.0962082 0.0533291 -0.0265003 -0.305729 0.306876 -1.65726
-0.10918 0.0134056 0.0446356 0.594775 0.596447 1.49589
-0.106252 -0.0284701 0.125619 -0.779836 0.789889 -1.41108
# x y Real Imaginary Modulus Phase <-> f = 0 s = 11
-0.000959919 -0.109996 0.777954 0.216976 0.807646 0.271994
0.0403151 -0.102346 -0.319988 0.0982415 0.334729 2.84371
0.075719 -0.0797912 0.106996 -0.11956 0.160446 -0.840796
0.100096 -0.0456163 -0.00825101 0.0776568 0.0780939 1.67665
0.109895 -0.00479813 -0.0292953 -0.0330802 0.0441873 -2.29559
0.103691 0.0367188 0.0161517 0.0246569 0.0294761 0.990872
0.0823851 0.0728882 -0.00398585 -0.0117533 0.0124108 -1.89775
0.0490818 0.0984428 0.0148181 -0.00111396 0.0148599 -0.0750345
0.0086305 0.109661 -0.00284676 0.00212143 0.00355029 2.50116
-0.0330776 0.104909 0.0175473 0.0130544 0.0218706 0.639622
-0.0699686 0.0848787 -0.0168383 -0.0470058 0.0499307 -1.91477
-0.0966699 0.0524875 0.0231296 0.0971709 0.0998857 1.33711
-0.109293 0.0124524 -0.0575838 -0.240543 0.24734 -1.80577
-0.105999 -0.0293962 -0.000146741 0.425872 0.425872 1.57114
-0.0872689 -0.0669638 0.294643 -0.670915 0.732763 -1.15699
# x y Real Imaginary Modulus Phase <-> f = 0 s = 12
0.0412067 -0.10199 0.820387 0.204826 0.84557 0.244668
0.0764124 -0.0791274 -0.424457 0.102216 0.436591 2.90528
0.10049 -0.044741 0.166243 -0.15664 0.228413 -0.755666
0.109933 -0.00383894 -0.0721644 0.104681 0.127145 2.17436
0.103366 0.0376222 0.0390881 -0.0538968 0.0665789 -0.94333
0.0817459 0.0736044 -0.0132252 0.0144652 0.0195997 2.31144
0.0482208 0.0988673 0.00177141 -8.51186e-05 0.00177345 -0.0480145
0.00767321 0.109732 0.00477548 0.00496116 0.00688609 0.804466
-0.0339919 0.104616 0.00244285 -0.00302342 0.00388698 -0.891212
-0.0707066 0.0842649 0.0107054 0.00747605 0.0130574 0.609614
-0.0971242 0.0516419 -0.0256946 -0.0181808 0.0314763 -2.5258
-0.109397 0.0114981 0.06008 0.0352839 0.0696747 0.531016
-0.105739 -0.0303201 -0.0856165 -0.108334 0.138082 -2.23959
-0.0866812 -0.0677228 0.0342293 0.280116 0.282199 1.4492
-0.055 -0.0952628 0.282763 -0.509106 0.582361 -1.06381
# x y Real Imaginary Modulus Phase <-> f = 0 s = 13
0.0771 -0.0784575 0.950092 0.0351223 0.950741 0.0369504
0.100877 -0.0438624 -0.569135 0.244687 0.619505 2.73555
0.109962 -0.00287946 0.335484 -0.233119 0.408527 -0.607276
0.103034 0.0385228 -0.193709 0.098294 0.217221 2.67202
0.0811005 0.0743149 0.0786266 -0.029725 0.0840579 -0.361444
0.0473562 0.0992844 -0.0361131 -0.00214617 0.0361768 -3.08223
0.00671534 0.109795 0.00103845 -0.00433739 0.00445997 -1.3358
-0.0349035 0.104316 0.000658332 -0.00394533 0.00399988 -1.40546
-0.0714393 0.0836447 -0.00626178 0.0130016 0.0144309 2.01963
-0.0975712 0.0507923 0.00152964 -0.0121719 0.0122677 -1.44578
-0.109494 0.010543 -0.0412553 0.00363931 0.0414155 3.05361
-0.10547 -0.0312417 0.060535 0.00394216 0.0606632 0.0650302
-0.0860869 -0.0684766 -0.0752554 -0.0724598 0.104469 -2.37512
-0.0541666 -0.0957391 0.0268991 0.233306 0.234851 1.45601
-0.0143579 -0.109059 0.308904 -0.534037 0.616942 -1.04639
# x y Real Imaginary Modulus Phase <-> f = 0 s = 14
0.101256 -0.0429804 0.750673 -0.0802148 0.754946 -0.106453
0.109983 -0.00191976 -0.568386 0.458114 0.730021 2.46321
0.102694 0.0394205 0.415729 -0.30657 0.516543 -0.635406
0.0804489 0.0750198 -0.214566 0.130785 0.251284 2.59419
0.046488 0.0996939 0.0963919 -0.0488666 0.108071 -0.469198
0.00575696 0.109849 -0.00804635 0.0227122 0.0240954 1.91127
-0.0358125 0.104007 0.00341491 -0.00129352 0.00365168 -0.362087
-0.0721665 0.0830181 0.00764652 0.00683178 0.0102539 0.729184
-0.0980107 0.049939 -0.0136481 0.02108 0.0251125 2.14537
-0.109581 0.00958713 -0.000143722 -0.0137861 0.0137868 -1.58122
-0.105194 -0.0321609 -0.0134017 0.0174043 0.0219662 2.22699
-0.0854861 -0.0692252 0.0408083 -0.0204982 0.0456673 -0.46549
-0.0533291 -0.0962082 -0.0612567 -0.0764623 0.0979738 -2.24623
-0.0134056 -0.10918 -0.00203159 0.312834 0.312841 1.57729
0.0284701 -0.106252 0.310268 -0.725146 0.788735 -1.1665
# x y Real Imaginary Modulus Phase <-> f = 0 s = 15
0.109996 -0.000959919 0.65928 0.0126595 0.659401 0.0191996
0.102346 0.0403151 -0.522365 0.440577 0.683355 2.44093
0.0797912 0.075719 0.353332 -0.274236 0.447268 -0.660023
0.0456163 0.100096 -0.160701 0.14428 0.215966 2.40998
0.00479813 0.109895 0.0429125 -0.0562676 0.0707639 -0.919248
-0.0367188 0.103691 -0.0128449 0.0202455 0.0239765 2.13617
-0.0728882 0.0823851 -0.011195 -0.0110961 0.0157623 -2.36063
-0.0984428 0.0490818 -0.00069705 0.0100019 0.0100261 1.64038
-0.109661 0.0086305 -0.0248703 0.0240919 0.0346259 2.37209
-0.104909 -0.0330776 0.00127736 -0.0205079 0.0205477 -1.50859
-0.0848787 -0.0699686 -0.00964992 0.0183527 0.0207351 2.05487
-0.0524875 -0.0966699 0.0448781 0.008832 0.0457389 0.194317
-0.0124524 -0.109293 -0.0751214 -0.144747 0.163079 -2.04952
0.0293962 -0.105999 0.000459694 0.473237 0.473237 1.56982
0.0669638 -0.0872689 0.0760535 -0.784587 0.788264 -1.47416
