# x y Real Imaginary Modulus Phase <-> f = 0 s = 0
0.10199 0.0412067 0.735389 -0.0370316 0.736321 -0.050314
0.0791274 0.0764124 -0.564929 0.335633 0.657111 2.60551
0.044741 0.10049 0.297848 -0.231457 0.377208 -0.660618
0.00383894 0.109933 -0.0971836 0.106477 0.144159 2.3106
-0.0376222 0.103366 0.0126445 -0.0531156 0.0545999 -1.33709
-0.0736044 0.0817459 0.00760543 0.0145564 0.0164235 1.08933
-0.0988673 0.0482208 -0.0306022 0.00411626 0.0308778 3.00789
-0.109732 0.00767321 0.00543699 0.00524315 0.00755324 0.767251
-0.104616 -0.0339919 -0.0182847 0.0195002 0.0267318 2.32404
-0.0842649 -0.0707066 0.00768423 -0.0272098 0.028274 -1.29556
-0.0516419 -0.0971242 -0.0262074 0.00856099 0.0275702 2.82586
-0.0114981 -0.109397 0.0503124 0.0703086 0.086456 0.949682
0.0303201 -0.105739 -0.0539638 -0.2766 0.281815 -1.76347
0.0677228 -0.0866812 0.132743 0.644347 0.657878 1.36763
0.0952628 -0.055 -0.019739 -0.639359 0.639664 -1.60166
# x y Real Imaginary Modulus Phase <-> f = 0 s = 1
0.0784575 0.0771 0.820596 -0.0829091 0.824773 -0.100694
0.0438624 0.100877 -0.572643 0.271861 0.633899 2.69835
0.00287946 0.109962 0.240248 -0.170686 0.294708 -0.617709
-0.0385228 0.103034 -0.0587688 0.0991588 0.115266 2.10581
-0.0743149 0.0811005 0.00161312 -0.0399745 0.040007 -1.53046
-0.0992844 0.0473562 0.00444331 0.00806403 0.00920715 1.06718
-0.109795 0.00671534 -0.0239533 0.00347542 0.0242041 2.99751
-0.104316 -0.0349035 0.00673266 0.0140117 0.0155453 1.12287
-0.0836447 -0.0714393 -0.0216927 0.0168494 0.0274678 2.4812
-0.0507923 -0.0975712 0.0134201 -0.000636805 0.0134352 -0.0474159
-0.010543 -0.109494 -0.0258848 -0.0358936 0.0442535 -2.19558
0.0312417 -0.10547 0.0181289 0.136831 0.138027 1.43907
0.0684766 -0.0860869 -0.0568704 -0.391317 0.395428 -1.71512
0.0957391 -0.0541666 0.192327 0.631597 0.66023 1.27521
0.109059 -0.0143579 0.0311142 -0.67968 0.680392 -1.52505
# x y Real Imaginary Modulus Phase <-> f = 0 s = 2
0.0429804 0.101256 0.873272 -0.0807821 0.877001 -0.0922426
0.00191976 0.109983 -0.524204 0.185724 0.556133 2.80109
-0.0394205 0.102694 0.188499 -0.176648 0.258334 -0.752955
-0.0750198 0.0804489 -0.0402813 0.100802 0.108553 1.95096
-0.0996939 0.046488 0.00367669 -0.0482842 0.0484239 -1.4948
-0.109849 0.00575696 0.00825563 0.0118743 0.0144622 0.963264
-0.104007 -0.0358125 -0.0123488 -0.00846151 0.0149697 -2.54086
-0.0830181 -0.0721665 0.00687174 0.00882898 0.011188 0.909417
-0.049939 -0.0980107 -0.00870538 0.00798745 0.0118145 2.39918
-0.00958713 -0.109581 0.00324671 0.0100816 0.0105915 1.25924
0.0321609 -0.105194 0.00441615 -0.0523925 0.0525783 -1.48671
0.0692252 -0.0854861 0.00779815 0.178957 0.179126 1.52725
0.0962082 -0.0533291 -0.0899592 -0.362115 0.373122 -1.81429
0.10918 -0.0134056 0.0998962 0.567528 0.576253 1.39656
0.106252 0.0284701 0.106087 -0.775677 0.782898 -1.43487
# x y Real Imaginary Modulus Phase <-> f = 0 s = 3
0.000959919 0.109996 0.903847 0.00563389 0.903865 0.00623315
-0.0403151 0.102346 -0.481897 0.200393 0.521902 2.7475
-0.075719 0.0797912 0.173394 -0.166264 0.240227 -0.76441
-0.100096 0.0456163 -0.0472104 0.100568 0.111098 2.0097
-0.109895 0.00479813 -0.00114415 -0.0468861 0.0469001 -1.59519
-0.103691 -0.0367188 0.00682079 0.0192686 0.0204402 1.23058
-0.0823851 -0.0728882 -0.00704305 -0.00883201 0.0112964 -2.24398
-0.0490818 -0.0984428 0.0130045 0.00504279 0.013948 0.369921
-0.0086305 -0.109661 -0.00675432 -0.00169275 0.00696321 -2.89603
0.0330776 -0.104909 -0.00277322 0.011609 0.0119356 1.80529
0.0699686 -0.0848787 0.00843832 -0.06846 0.0689781 -1.44816
0.0966699 -0.0524875 0.0378785 0.154354 0.158934 1.33015
0.109293 -0.0124524 -0.082194 -0.28831 0.299798 -1.84852
0.105999 0.0293962 0.0467637 0.526851 0.528922 1.48227
0.0872689 0.0669638 0.145298 -0.791884 0.805104 -1.38933
# x y Real Imaginary Modulus Phase <-> f = 0 s = 4
-0.0412067 0.10199 0.882375 -0.0137979 0.882483 -0.015636
-0.0764124 0.0791274 -0.478309 0.175309 0.509424 2.79028
-0.10049 0.044741 0.200912 -0.168808 0.262416 -0.698781
-0.109933 0.00383894 -0.0631582 0.103184 0.120979 2.12006
-0.103366 -0.0376222 0.0249174 -0.0468429 0.0530578 -1.08193
-0.0817459 -0.0736044 -0.00808548 0.0161603 0.0180702 2.03471
-0.0482208 -0.0988673 -0.000725851 -0.00219096 0.00230806 -1.89071
-0.00767321 -0.109732 0.0106146 0.00109292 0.0106707 0.102603
0.0339919 -0.104616 -0.00807823 0.000916018 0.00813 3.02868
0.0707066 -0.0842649 0.00844592 0.0194877 0.0212392 1.16184
0.0971242 -0.0516419 -0.028279 -0.0437248 0.0520727 -2.14488
0.109397 -0.0114981 0.0505675 0.0945668 0.107238 1.07975
0.105739 0.0303201 -0.0674042 -0.211382 0.221869 -1.87948
0.0866812 0.0677228 0.0118451 0.442729 0.442888 1.54405
0.055 0.0952628 0.227309 -0.741732 0.77578 -1.27343
# x y Real Imaginary Modulus Phase <-> f = 0 s = 5
-0.0771 0.0784575 0.909853 -0.0228301 0.910139 -0.0250868
-0.100877 0.0438624 -0.558095 0.222095 0.600663 2.76285
-0.109962 0.00287946 0.266414 -0.208648 0.338395 -0.664396
-0.103034 -0.0385228 -0.131953 0.116668 0.176133 2.4176
-0.0811005 -0.0743149 0.0554918 -0.0378308 0.0671603 -0.598363
-0.0473562 -0.0992844 -0.0147167 0.0106884 0.0181886 2.51345
-0.00671534 -0.109795 -0.00197304 -6.31665e-05 0.00197405 -3.10959
0.0349035 -0.104316 0.0100917 0.00487558 0.0112078 0.450059
0.0714393 -0.0836447 -0.015914 -0.00400554 0.0164103 -2.89501
0.0975712 -0.0507923 0.0204937 0.00513652 0.0211276 0.245581
0.109494 -0.010543 -0.0272687 -0.0232917 0.035862 -2.43469
0.10547 0.0312417 0.0572147 0.063166 0.0852259 0.834795
0.0860869 0.0684766 -0.0865392 -0.176074 0.196191 -2.02762
0.0541666 0.0957391 0.0387419 0.406402 0.408245 1.47575
0.0143579 0.109059 0.19666 -0.726397 0.752547 -1.3064
# x y Real Imaginary Modulus Phase <-> f = 0 s = 6
-0.101256 0.0429804 0.850803 -0.0407193 0.851777 -0.0478234
-0.109983 0.00191976 -0.557326 0.307649 0.636601 2.63721
-0.102694 -0.0394205 0.32452 -0.239488 0.403321 -0.635762
-0.0804489 -0.0750198 -0.154563 0.109336 0.189325 2.52592
-0.046488 -0.0996939 0.0401516 -0.0441999 0.0597142 -0.833355
-0.00575696 -0.109849 -0.00089884 0.0172135 0.017237 1.62297
0.0358125 -0.104007 -0.0153087 -0.00197227 0.0154352 -3.01347
0.0721665 -0.0830181 0.0176952 0.0098807 0.0202669 0.509257
0.0980107 -0.049939 -0.0148462 0.00492075 0.0156404 2.82154
0.109581 -0.00958713 0.00621567 -0.00400936 0.00739659 -0.572881
0.105194 0.0321609 -0.0289101 -0.00587587 0.0295012 -2.94108
0.0854861 0.0692252 0.0657533 0.0559399 0.0863295 0.704931
0.0533291 0.0962082 -0.0867291 -0.15828 0.180484 -2.07206
0.0134056 0.10918 0.032903 0.395333 0.3967 1.48776
-0.0284701 0.106252 0.234411 -0.751358 0.787075 -1.26838
# x y Real Imaginary Modulus Phase <-> f = 0 s = 7
-0.109996 0.000959919 0.758807 -0.079116 0.76292 -0.103888
-0.102346 -0.0403151 -0.615073 0.350727 0.708043 2.62336
-0.0797912 -0.075719 0.360461 -0.207638 0.415988 -0.522612
-0.0456163 -0.100096 -0.1138 0.0918042 0.146214 2.46277
-0.00479813 -0.109895 0.00329894 -0.0402112 0.0403463 -1.48894
0.0367188 -0.103691 0.0123101 0.0166461 0.0207034 0.934037
0.0728882 -0.0823851 -0.0287759 0.0103209 0.0305708 2.79722
0.0984428 -0.0490818 0.0188681 0.0143089 0.0236801 0.648831
0.109661 -0.0086305 -0.0361437 0.00735932 0.0368853 2.94073
0.104909 0.0330776 -0.0136953 0.00906446 0.0164233 2.55692
0.0848787 0.0699686 -0.0253092 -0.0111166 0.027643 -2.72773
0.0524875 0.0966699 0.05293 0.0588228 0.0791309 0.83808
0.0124524 0.109293 -0.0848664 -0.186544 0.204941 -1.99775
-0.0293962 0.105999 0.0115136 0.465418 0.46556 1.54606
-0.0669638 0.0872689 0.161219 -0.77998 0.796467 -1.36697
# x y Real Imaginary Modulus Phase <-> f = 0 s = 8
-0.10199 -0.0412067 0.722603 -0.147403 0.737484 -0.201228
-0.0791274 -0.0764124 -0.610482 0.331166 0.694521 2.64455
-0.044741 -0.10049 0.259044 -0.174415 0.312289 -0.592583
-0.00383894 -0.109933 -0.0288828 0.0970335 0.101241 1.8601
0.0376222 -0.103366 -0.0281637 -0.0444582 0.0526282 -2.13547
0.0736044 -0.0817459 0.0369086 -0.00762926 0.0376889 -0.203836
0.0988673 -0.0482208 -0.0324678 0.00431311 0.0327531 3.00952
0.109732 -0.00767321 0.00801077 0.00217438 0.00830062 0.265046
0.104616 0.0339919 -0.0174414 0.0183683 0.0253298 2.33032
0.0842649 0.0707066 0.0141485 -0.0138113 0.019772 -0.773339
0.0516419 0.0971242 -0.0360078 -0.014218 0.0387132 -2.76553
0.0114981 0.109397 0.0644587 0.0755209 0.0992892 0.864261
-0.0303201 0.105739 -0.0708358 -0.23571 0.246124 -1.86273
-0.0677228 0.0866812 0.0674881 0.532996 0.537252 1.44485
-0.0952628 0.055 0.0668752 -0.735177 0.738212 -1.48008
# x y Real Imaginary Modulus Phase <-> f = 0 s = 9
-0.0784575 -0.0771 0.857739 -0.0684801 0.860468 -0.0796689
-0.0438624 -0.100877 -0.505833 0.159855 0.530491 2.8355
-0.00287946 -0.109962 0.116339 -0.131415 0.175512 -0.846172
0.0385228 -0.103034 0.016149 0.0556083 0.0579058 1.28816
0.0743149 -0.0811005 -0.0344874 -0.0244096 0.0422518 -2.52566
0.0992844 -0.0473562 0.014821 -0.017232 0.0227289 -0.860475
0.109795 -0.00671534 -0.039993 0.0149367 0.0426912 2.78415
0.104316 0.0349035 0.0118995 0.00562679 0.0131628 0.4417
0.0836447 0.0714393 -0.0249787 0.00848519 0.0263806 2.81413
0.0507923 0.0975712 0.0264718 -0.000610143 0.0264789 -0.0230447
0.010543 0.109494 -0.0344351 -0.0282614 0.0445476 -2.45435
-0.0312417 0.10547 0.0273522 0.109564 0.112926 1.32615
-0.0684766 0.0860869 -0.0737532 -0.294614 0.303706 -1.81609
-0.0957391 0.0541666 0.0678524 0.590691 0.594575 1.45643
-0.109059 0.0143579 0.00977639 -0.79479 0.79485 -1.5585
# x y Real Imaginary Modulus Phase <-> f = 0 s = 10
-0.0429804 -0.101256 0.902515 0.126856 0.911386 0.139643
-0.00191976 -0.109983 -0.348411 0.107387 0.364585 2.84261
0.0394205 -0.102694 0.0879749 -0.11166 0.142153 -0.903488
0.0750198 -0.0804489 0.010416 0.0533807 0.0543874 1.37809
0.0996939 -0.046488 -0.0168754 -0.00249297 0.0170585 -2.99493
0.109849 -0.00575696 0.0281182 0.00123486 0.0281453 0.0438885
0.104007 0.0358125 -0.0277195 -0.0140714 0.0310866 -2.67185
0.0830181 0.0721665 0.008093 0.013568 0.0157984 1.03297
0.049939 0.0980107 -0.00647153 0.00760797 0.00998809 2.27565
0.00958713 0.109581 0.0275382 0.00455708 0.0279127 0.163996
-0.0321609 0.105194 -0.0151738 -0.0493553 0.0516351 -1.86907
-0.0692252 0.0854861 0.0332717 0.123457 0.127862 1.30755
-0.0962082 0.0533291 -0.0393043 -0.311798 0.314265 -1.69619
-0.10918 0.0134056 0.0489441 0.600031 0.602024 1.48941
-0.106252 -0.0284701 0.113371 -0.779849 0.788046 -1.42643
# x y Real Imaginary Modulus Phase <-> f = 0 s = 11
-0.000959919 -0.109996 0.757523 0.213986 0.787166 0.275308
0.0403151 -0.102346 -0.314213 0.0948835 0.328226 2.84833
0.075719 -0.0797912 0.101927 -0.122067 0.159026 -0.875073
0.100096 -0.0456163 -0.00683225 0.0772494 0.0775509 1.65901
0.109895 -0.00479813 0.0053753 -0.0390948 0.0394626 -1.43416
0.103691 0.0367188 0.0187183 0.0174388 0.0255829 0.750026
0.0823851 0.0728882 -0.0173413 -0.00371102 0.0177339 -2.93077
0.0490818 0.0984428 0.0021915 0.0133461 0.0135249 1.40804
0.0086305 0.109661 0.000296479 0.00392506 0.00393625 1.4954
-0.0330776 0.104909 -0.00025204 0.0028239 0.00283513 1.65981
-0.0699686 0.0848787 -0.00472983 -0.0492681 0.0494946 -1.6665
-0.0966699 0.0524875 0.0254241 0.0922524 0.0956916 1.30188
-0.109293 0.0124524 -0.052862 -0.241147 0.246873 -1.78659
-0.105999 -0.0293962 -0.00703928 0.424615 0.424674 1.58737
-0.0872689 -0.0669638 0.286995 -0.673063 0.731696 -1.16774
# x y Real Imaginary Modulus Phase <-> f = 0 s = 12
0.0412067 -0.10199 0.815379 0.197276 0.838905 0.237382
0.0764124 -0.0791274 -0.419859 0.0993007 0.431442 2.90935
0.10049 -0.044741 0.171089 -0.153396 0.229786 -0.730926
0.109933 -0.00383894 -0.0677148 0.10344 0.123633 2.15042
0.103366 0.0376222 0.0418513 -0.0557358 0.0696995 -0.926727
0.0817459 0.0736044 -0.0125642 0.0120126 0.0173828 2.37864
0.0482208 0.0988673 -0.00225254 -0.00787185 0.0081878 -1.8495
0.00767321 0.109732 0.000341651 0.00135985 0.00140211 1.32465
-0.0339919 0.104616 -0.000305017 0.00494065 0.00495006 1.63245
-0.0707066 0.0842649 0.0157189 0.00944198 0.0183367 0.540916
-0.0971242 0.0516419 -0.0343263 -0.0120082 0.0363661 -2.80507
-0.109397 0.0114981 0.0670681 0.0354099 0.0758419 0.485772
-0.105739 -0.0303201 -0.086157 -0.104872 0.135725 -2.25854
-0.0866812 -0.0677228 0.0212257 0.276894 0.277706 1.49429
-0.055 -0.0952628 0.274273 -0.514451 0.582997 -1.08099
# x y Real Imaginary Modulus Phase <-> f = 0 s = 13
0.0771 -0.0784575 0.949484 0.0353305 0.950141 0.0371931
0.100877 -0.0438624 -0.57524 0.242976 0.62445 2.74193
0.109962 -0.00287946 0.33367 -0.23788 0.409783 -0.619344
0.103034 0.0385228 -0.184058 0.104083 0.211449 2.62693
0.0811005 0.0743149 0.084775 -0.0284007 0.0894058 -0.323262
0.0473562 0.0992844 -0.03147 0.000333717 0.0314718 3.13099
0.00671534 0.109795 0.000753986 -0.00356071 0.00363967 -1.36213
-0.0349035 0.104316 -0.00256328 0.0128335 0.013087 1.76794
-0.0714393 0.0836447 -0.00559166 0.00322215 0.00645359 2.61883
-0.0975712 0.0507923 0.00953215 -8.1645e-05 0.0095325 -0.00856501
-0.109494 0.010543 -0.0313316 0.0124489 0.0337142 2.76339
-0.10547 -0.0312417 0.0420854 -0.00997204 0.0432507 -0.232657
-0.0860869 -0.0684766 -0.0766707 -0.065475 0.100823 -2.43479
-0.0541666 -0.0957391 0.0237381 0.228194 0.229425 1.46714
-0.0143579 -0.109059 0.302191 -0.541387 0.620016 -1.06169
# x y Real Imaginary Modulus Phase <-> f = 0 s = 14
0.101256 -0.0429804 0.747427 -0.093072 0.7532 -0.123885
0.109983 -0.00191976 -0.569532 0.440267 0.719862 2.48351
0.102694 0.0394205 0.422609 -0.293733 0.514662 -0.607395
0.0804489 0.0750198 -0.209877 0.127852 0.245753 2.59445
0.046488 0.0996939 0.0860313 -0.0467557 0.0979156 -0.497818
0.00575696 0.109849 -0.0164397 0.010944 0.0197493 2.55426
-0.0358125 0.104007 -0.0108318 -0.0124441 0.016498 -2.28704
-0.0721665 0.0830181 0.00926247 0.00432034 0.0102205 0.436436
-0.0980107 0.049939 -0.0179332 0.0159015 0.0239678 2.41617
-0.109581 0.00958713 0.00576117 -0.0365576 0.0370088 -1.41449
-0.105194 -0.0321609 -0.0122534 0.0286505 0.0311608 1.97494
-0.0854861 -0.0692252 0.04003 -0.00985614 0.0412255 -0.241417
-0.0533291 -0.0962082 -0.064758 -0.07578 0.0996805 -2.27793
-0.0134056 -0.10918 0.00226226 0.313526 0.313534 1.56358
0.0284701 -0.106252 0.309475 -0.728103 0.791143 -1.16889
# x y Real Imaginary Modulus Phase <-> f = 0 s = 15
0.109996 -0.000959919 0.665225 0.00386514 0.665237 0.00581021
0.102346 0.0403151 -0.532054 0.442532 0.692037 2.44779
0.0797912 0.075719 0.340036 -0.283365 0.442628 -0.694742
0.0456163 0.100096 -0.156575 0.131544 0.204498 2.44286
0.00479813 0.109895 0.0365213 -0.054571 0.0656643 -0.981012
-0.0367188 0.103691 -0.000864976 0.0228865 0.0229028 1.60857
-0.0728882 0.0823851 -0.0162747 -0.008019 0.018143 -2.68378
-0.0984428 0.0490818 0.00912289 0.00588726 0.0108576 0.573084
-0.109661 0.0086305 -0.0149111 0.0163233 0.0221086 2.31101
-0.104909 -0.0330776 -0.00256869 -0.0384583 0.038544 -1.63749
-0.0848787 -0.0699686 -0.00431344 0.0392489 0.0394852 1.68026
-0.0524875 -0.0966699 0.0402432 -0.00858196 0.0411481 -0.210105
-0.0124524 -0.109293 -0.0769576 -0.137023 0.157155 -2.08253
0.0293962 -0.105999 -0.00221535 0.481362 0.481367 1.5754
0.0669638 -0.0872689 0.0819397 -0.782479 0.786758 -1.46646
