# x y Real Imaginary Modulus Phase <-> f = 0 s = 0
0.10199 0.0412067 0.730367 -0.0333661 0.731129 -0.0456523
0.0791274 0.0764124 -0.574752 0.322698 0.659146 2.63
0.044741 0.10049 0.2974 -0.227132 0.374213 -0.652228
0.00383894 0.109933 -0.0873931 0.111723 0.141843 2.23461
-0.0376222 0.103366 0.0179217 -0.0477014 0.050957 -1.21141
-0.0736044 0.0817459 0.00346445 0.00550744 0.00650648 1.00929
-0.0988673 0.0482208 -0.0215951 -0.000667696 0.0216054 -3.11068
-0.109732 0.00767321 -0.0119904 0.00731728 0.0140468 2.59366
-0.104616 -0.0339919 -0.022372 0.021403 0.0309612 2.37833
-0.0842649 -0.0707066 -0.000722177 -0.0346968 0.0347043 -1.59161
-0.0516419 -0.0971242 -0.0245568 0.00537263 0.0251377 2.9262
-0.0114981 -0.109397 0.07232 0.064633 0.0969928 0.729329
0.0303201 -0.105739 -0.0414254 -0.276813 0.279895 -1.71935
0.0677228 -0.0866812 0.131145 0.642946 0.656184 1.36958
0.0952628 -0.055 -0.0156377 -0.637 0.637192 -1.59534
# x y Real Imaginary Modulus Phase <-> f = 0 s = 1
0.0784575 0.0771 0.820878 -0.0882717 0.825611 -0.107122
0.0438624 0.100877 -0.574046 0.258488 0.629559 2.7185
0.00287946 0.109962 0.239852 -0.168818 0.293306 -0.6133
-0.0385228 0.103034 -0.0564875 0.0989208 0.113913 2.08965
-0.0743149 0.0811005 0.00209042 -0.0362882 0.0363484 -1.51325
-0.0992844 0.0473562 0.000105703 0.0134857 0.0134861 1.56296
-0.109795 0.00671534 -0.0272947 -0.00383027 0.0275621 -3.00217
-0.104316 -0.0349035 0.0128459 0.0129687 0.0182539 0.790156
-0.0836447 -0.0714393 -0.0147456 0.0238394 0.0280312 2.12474
-0.0507923 -0.0975712 0.0121271 0.000541733 0.0121392 0.0446417
-0.010543 -0.109494 -0.0213686 -0.0342134 0.0403382 -2.12909
0.0312417 -0.10547 0.00804292 0.130373 0.130621 1.50918
0.0684766 -0.0860869 -0.0551082 -0.383295 0.387236 -1.71359
0.0957391 -0.0541666 0.191695 0.637638 0.665829 1.27876
0.109059 -0.0143579 0.036474 -0.683418 0.684391 -1.51748
# x y Real Imaginary Modulus Phase <-> f = 0 s = 2
0.0429804 0.101256 0.872915 -0.0772315 0.876324 -0.0882457
0.00191976 0.109983 -0.528863 0.18245 0.55945 2.80939
-0.0394205 0.102694 0.189908 -0.171248 0.255716 -0.733778
-0.0750198 0.0804489 -0.040863 0.0986877 0.106813 1.96337
-0.0996939 0.046488 0.00715591 -0.0443636 0.0449371 -1.41087
-0.109849 0.00575696 0.0087018 0.00783828 0.0117115 0.733238
-0.104007 -0.0358125 -0.0144738 -0.00345529 0.0148805 -2.90725
-0.0830181 -0.0721665 0.00768692 0.00329386 0.00836291 0.404833
-0.049939 -0.0980107 -0.00925988 0.00241033 0.00956844 2.88695
-0.00958713 -0.109581 0.00675944 0.00792545 0.0104165 0.864634
0.0321609 -0.105194 0.0138886 -0.0600394 0.0616249 -1.34347
0.0692252 -0.0854861 0.0112037 0.179661 0.18001 1.50852
0.0962082 -0.0533291 -0.0920332 -0.358922 0.370533 -1.8218
0.10918 -0.0134056 0.0986228 0.562655 0.571233 1.39728
0.106252 0.0284701 0.101778 -0.777551 0.784184 -1.44064
# x y Real Imaginary Modulus Phase <-> f = 0 s = 3
0.000959919 0.109996 0.901673 0.00822952 0.90171 0.00912669
-0.0403151 0.102346 -0.48392 0.199828 0.523555 2.74998
-0.075719 0.0797912 0.17236 -0.17127 0.242984 -0.782226
-0.100096 0.0456163 -0.0440322 0.102935 0.111957 1.97501
-0.109895 0.00479813 0.00395929 -0.043251 0.0434319 -1.47951
-0.103691 -0.0367188 0.0038463 0.020505 0.0208626 1.38537
-0.0823851 -0.0728882 -0.00436189 -0.0064611 0.00779563 -2.16462
-0.0490818 -0.0984428 0.0124948 0.000242445 0.0124972 0.0194011
-0.0086305 -0.109661 -0.00467511 0.00127666 0.00484629 2.87502
0.0330776 -0.104909 -0.00209348 0.00665164 0.00697331 1.87571
0.0699686 -0.0848787 0.00725498 -0.0666653 0.0670589 -1.4624
0.0966699 -0.0524875 0.0435787 0.158082 0.163979 1.30181
0.109293 -0.0124524 -0.0810402 -0.287725 0.29892 -1.84534
0.105999 0.0293962 0.0480524 0.528351 0.530532 1.4801
0.0872689 0.0669638 0.145167 -0.789998 0.803225 -1.38907
# x y Real Imaginary Modulus Phase <-> f = 0 s = 4
-0.0412067 0.10199 0.884681 -0.0136981 0.884787 -0.0154825
-0.0764124 0.0791274 -0.478689 0.174577 0.509529 2.79188
-0.10049 0.044741 0.203373 -0.171934 0.266312 -0.701824
-0.109933 0.00383894 -0.0646484 0.102869 0.121497 2.13187
-0.103366 -0.0376222 0.0232628 -0.0513845 0.056405 -1.14568
-0.0817459 -0.0736044 -0.0106912 0.0167611 0.0198805 2.13859
-0.0482208 -0.0988673 -0.00444899 -0.00347883 0.00564764 -2.47796
-0.00767321 -0.109732 0.00800487 -0.00228442 0.00832446 -0.277989
0.0339919 -0.104616 -0.00566868 0.00148736 0.00586056 2.88499
0.0707066 -0.0842649 0.00839427 0.0194841 0.0212155 1.164
0.0971242 -0.0516419 -0.0269871 -0.0416702 0.0496458 -2.14551
0.109397 -0.0114981 0.051496 0.0931661 0.106451 1.06586
0.105739 0.0303201 -0.0673842 -0.212552 0.222978 -1.8778
0.0866812 0.0677228 0.00966339 0.440624 0.440729 1.54887
0.055 0.0952628 0.228141 -0.740348 0.774702 -1.27188
# x y Real Imaginary Modulus Phase <-> f = 0 s = 5
-0.0771 0.0784575 0.905305 -0.0219555 0.905571 -0.0242473
-0.100877 0.0438624 -0.557015 0.22538 0.600884 2.75711
-0.109962 0.00287946 0.268736 -0.210405 0.341305 -0.664255
-0.103034 -0.0385228 -0.125383 0.113718 0.169271 2.40494
-0.0811005 -0.0743149 0.0633249 -0.0346269 0.0721739 -0.500393
-0.0473562 -0.0992844 -0.0139761 0.013053 0.0191236 2.39033
-0.00671534 -0.109795 -0.000649545 -0.00407808 0.00412948 -1.72875
0.0349035 -0.104316 0.0124881 0.00855451 0.0151371 0.600598
0.0714393 -0.0836447 -0.0124725 -0.00455432 0.013278 -2.79149
0.0975712 -0.0507923 0.0173633 0.0041156 0.0178444 0.232733
0.109494 -0.010543 -0.0327437 -0.0161797 0.0365231 -2.68265
0.10547 0.0312417 0.0596402 0.0633095 0.0869773 0.815234
0.0860869 0.0684766 -0.0842405 -0.174026 0.193343 -2.02162
0.0541666 0.0957391 0.0389617 0.404712 0.406583 1.47482
0.0143579 0.109059 0.201022 -0.724225 0.751606 -1.30004
# x y Real Imaginary Modulus Phase <-> f = 0 s = 6
-0.101256 0.0429804 0.840079 -0.0400205 0.841032 -0.047603
-0.109983 0.00191976 -0.563939 0.305536 0.641388 2.64507
-0.102694 -0.0394205 0.310973 -0.228178 0.385706 -0.633022
-0.0804489 -0.0750198 -0.162567 0.098351 0.190002 2.59751
-0.046488 -0.0996939 0.0484504 -0.0469597 0.0674734 -0.769775
-0.00575696 -0.109849 0.00244412 0.0261447 0.0262587 1.47758
0.0358125 -0.104007 -0.016912 -2.34649e-05 0.016912 -3.14021
0.0721665 -0.0830181 0.0191093 0.020098 0.0277326 0.810612
0.0980107 -0.049939 -0.0194015 0.00764613 0.0208538 2.76618
0.109581 -0.00958713 -0.00143996 -0.00297043 0.00330105 -2.02218
0.105194 0.0321609 -0.0295398 -0.00673376 0.0302976 -2.91747
0.0854861 0.0692252 0.0620803 0.0380552 0.0728159 0.549924
0.0533291 0.0962082 -0.0850001 -0.159098 0.18038 -2.06148
0.0134056 0.10918 0.0222365 0.393912 0.394539 1.51441
-0.0284701 0.106252 0.228651 -0.74029 0.774797 -1.27122
# x y Real Imaginary Modulus Phase <-> f = 0 s = 7
-0.109996 0.000959919 0.769714 -0.0804033 0.773902 -0.104081
-0.102346 -0.0403151 -0.606874 0.363382 0.707349 2.60207
-0.0797912 -0.075719 0.349489 -0.209125 0.407279 -0.539223
-0.0456163 -0.100096 -0.106435 0.0924627 0.140988 2.42633
-0.00479813 -0.109895 0.000943689 -0.0432537 0.0432639 -1.54898
0.0367188 -0.103691 -4.83768e-05 0.0108548 0.0108549 1.57525
0.0728882 -0.0823851 -0.0184659 0.0217168 0.0285063 2.27547
0.0984428 -0.0490818 0.00297701 0.0196251 0.0198496 1.42025
0.109661 -0.0086305 -0.0255504 0.00812656 0.0268116 2.83365
0.104909 0.0330776 -0.00318464 -0.00654231 0.00727625 -2.02381
0.0848787 0.0699686 -0.0280879 -0.0250418 0.03763 -2.41347
0.0524875 0.0966699 0.0584894 0.051434 0.0778875 0.721301
0.0124524 0.109293 -0.0810372 -0.16854 0.18701 -2.01898
-0.0293962 0.105999 0.0231625 0.471532 0.472101 1.52171
-0.0669638 0.0872689 0.162078 -0.78109 0.797728 -1.3662
# x y Real Imaginary Modulus Phase <-> f = 0 s = 8
-0.10199 -0.0412067 0.725933 -0.151225 0.741517 -0.205381
-0.0791274 -0.0764124 -0.623487 0.337478 0.708963 2.64547
-0.044741 -0.10049 0.249024 -0.157283 0.294535 -0.563328
-0.00383894 -0.109933 -0.0140636 0.0801101 0.0813352 1.74458
0.0376222 -0.103366 -0.0364568 -0.0208775 0.0420115 -2.62152
0.0736044 -0.0817459 0.030823 -0.0116717 0.0329588 -0.361984
0.0988673 -0.0482208 -0.0227571 0.0101323 0.0249108 2.72271
0.109732 -0.00767321 0.0069096 0.0104139 0.0124977 0.984993
0.104616 0.0339919 -0.0308486 0.00930244 0.0322207 2.84871
0.0842649 0.0707066 0.00427858 -0.00587844 0.00727064 -0.941627
0.0516419 0.0971242 -0.0139514 -0.0133292 0.0192953 -2.379
0.0114981 0.109397 0.0488194 0.0774999 0.0915946 1.00866
-0.0303201 0.105739 -0.0827049 -0.240194 0.254034 -1.90241
-0.0677228 0.0866812 0.0836109 0.523855 0.530485 1.41252
-0.0952628 0.055 0.0640694 -0.772253 0.774906 -1.48802
# x y Real Imaginary Modulus Phase <-> f = 0 s = 9
-0.0784575 -0.0771 0.85413 -0.0833646 0.858189 -0.0972936
-0.0438624 -0.100877 -0.530452 0.144806 0.549862 2.8751
-0.00287946 -0.109962 0.109566 -0.113067 0.157445 -0.801125
0.0385228 -0.103034 0.0152121 0.0534732 0.0555949 1.29364
0.0743149 -0.0811005 -0.0337363 -0.0294964 0.0448126 -2.42315
0.0992844 -0.0473562 0.0147997 -0.0066326 0.016218 -0.421321
0.109795 -0.00671534 -0.0202364 0.00761686 0.0216224 2.7816
0.104316 0.0349035 -0.00235193 0.0191676 0.0193114 1.69289
0.0836447 0.0714393 -0.0327538 0.0108754 0.0345121 2.82101
0.0507923 0.0975712 0.0231119 -0.0155968 0.0278823 -0.59364
0.010543 0.109494 -0.028609 -0.0203538 0.0351106 -2.52323
-0.0312417 0.10547 0.0356542 0.107547 0.113303 1.25068
-0.0684766 0.0860869 -0.0673722 -0.298352 0.305864 -1.79289
-0.0957391 0.0541666 0.0843133 0.591553 0.597531 1.42922
-0.109059 0.0143579 0.00634893 -0.793942 0.793967 -1.5628
# x y Real Imaginary Modulus Phase <-> f = 0 s = 10
-0.0429804 -0.101256 0.891162 0.130569 0.900676 0.14548
-0.00191976 -0.109983 -0.355539 0.116276 0.374069 2.82551
0.0394205 -0.102694 0.0687998 -0.121191 0.139358 -1.05447
0.0750198 -0.0804489 0.01215 0.0500771 0.0515299 1.33277
0.0996939 -0.046488 -0.0361933 -0.00536761 0.0365892 -2.99436
0.109849 -0.00575696 0.019472 0.0120576 0.022903 0.554438
0.104007 0.0358125 -0.0203129 0.00344295 0.0206026 2.97369
0.0830181 0.0721665 0.039742 0.0403864 0.0566612 0.79344
0.049939 0.0980107 -0.00453083 0.00482034 0.00661545 2.32524
0.00958713 0.109581 0.00228628 0.00675359 0.00713008 1.24438
-0.0321609 0.105194 -0.0123794 -0.0397431 0.0416265 -1.87276
-0.0692252 0.0854861 0.0254659 0.138487 0.140809 1.38894
-0.0962082 0.0533291 -0.0254113 -0.313928 0.314955 -1.65157
-0.10918 0.0134056 0.0574464 0.599566 0.602312 1.47527
-0.106252 -0.0284701 0.124188 -0.773665 0.783569 -1.41163
# x y Real Imaginary Modulus Phase <-> f = 0 s = 11
-0.000959919 -0.109996 0.762453 0.212186 0.791427 0.271426
0.0403151 -0.102346 -0.312767 0.0987586 0.327988 2.83574
0.075719 -0.0797912 0.0867638 -0.128507 0.155055 -0.976932
0.100096 -0.0456163 -0.00960027 0.0827612 0.0833162 1.68628
0.109895 -0.00479813 -0.0114194 -0.0375232 0.0392224 -1.86622
0.103691 0.0367188 0.0155618 0.0295292 0.0333788 1.08578
0.0823851 0.0728882 -0.00167992 -0.00827893 0.00844766 -1.77099
0.0490818 0.0984428 0.00699144 0.00386174 0.00798707 0.504647
0.0086305 0.109661 0.00148362 -0.00463234 0.00486412 -1.26084
-0.0330776 0.104909 0.0235455 -0.000394669 0.0235488 -0.0167604
-0.0699686 0.0848787 -0.0173178 -0.0406244 0.0441616 -1.97376
-0.0966699 0.0524875 0.0312009 0.0968935 0.101793 1.25927
-0.109293 0.0124524 -0.0474966 -0.230407 0.235251 -1.77409
-0.105999 -0.0293962 -0.0047241 0.412786 0.412813 1.58224
-0.0872689 -0.0669638 0.2904 -0.684034 0.743125 -1.16931
# x y Real Imaginary Modulus Phase <-> f = 0 s = 12
0.0412067 -0.10199 0.815279 0.21125 0.842203 0.253538
0.0764124 -0.0791274 -0.427622 0.105289 0.440393 2.90018
0.10049 -0.044741 0.16698 -0.149513 0.224134 -0.730265
0.109933 -0.00383894 -0.0809058 0.0982408 0.127267 2.25973
0.103366 0.0376222 0.0363907 -0.0469901 0.0594337 -0.91184
0.0817459 0.0736044 -0.0241329 0.00559231 0.0247724 2.91388
0.0482208 0.0988673 -0.0106799 0.000843957 0.0107132 3.06273
0.00767321 0.109732 0.00943123 0.00247657 0.00975097 0.256795
-0.0339919 0.104616 -0.00283318 -0.00173895 0.00332428 -2.5911
-0.0707066 0.0842649 0.015404 -0.00370832 0.015844 -0.236243
-0.0971242 0.0516419 -0.044282 -0.0130068 0.0461527 -2.8559
-0.109397 0.0114981 0.0598748 0.0403449 0.072199 0.592939
-0.105739 -0.0303201 -0.0780934 -0.102562 0.128909 -2.22157
-0.0866812 -0.0677228 0.0272531 0.281886 0.2832 1.47441
-0.055 -0.0952628 0.263394 -0.512966 0.576637 -1.09643
# x y Real Imaginary Modulus Phase <-> f = 0 s = 13
0.0771 -0.0784575 0.950325 0.0392323 0.951135 0.0412596
0.100877 -0.0438624 -0.583595 0.247588 0.633942 2.74036
0.109962 -0.00287946 0.342133 -0.207414 0.400095 -0.544993
0.103034 0.0385228 -0.188332 0.106001 0.216114 2.62895
0.0811005 0.0743149 0.0835705 -0.0290729 0.0884832 -0.334789
0.0473562 0.0992844 -0.0360332 0.00759553 0.036825 2.93384
0.00671534 0.109795 0.00499116 -0.00452608 0.00673773 -0.736569
-0.0349035 0.104316 0.00345215 0.0108774 0.0114121 1.26348
-0.0714393 0.0836447 -0.00310357 0.0137086 0.0140555 1.79344
-0.0975712 0.0507923 -0.00383724 -0.00619234 0.00728488 -2.12556
-0.109494 0.010543 -0.0215482 0.00615178 0.0224092 2.8635
-0.10547 -0.0312417 0.0612571 -0.0109514 0.0622283 -0.176908
-0.0860869 -0.0684766 -0.0809411 -0.0618932 0.101893 -2.48877
-0.0541666 -0.0957391 0.0275073 0.240013 0.241584 1.45669
-0.0143579 -0.109059 0.292339 -0.53371 0.608529 -1.06968
# x y Real Imaginary Modulus Phase <-> f = 0 s = 14
0.101256 -0.0429804 0.74486 -0.0915666 0.750467 -0.122318
0.109983 -0.00191976 -0.579274 0.448218 0.732433 2.48306
0.102694 0.0394205 0.413214 -0.315908 0.520138 -0.652726
0.0804489 0.0750198 -0.2001 0.126347 0.236651 2.57839
0.046488 0.0996939 0.0915014 -0.0519786 0.105234 -0.516605
0.00575696 0.109849 -0.00981632 0.0155482 0.0183877 2.13395
-0.0358125 0.104007 0.00986586 -0.00227002 0.0101236 -0.226152
-0.0721665 0.0830181 -0.007058 0.0047027 0.0084812 2.55385
-0.0980107 0.049939 -0.00908653 0.0176668 0.0198666 2.04584
-0.109581 0.00958713 0.000928518 -0.0177317 0.017756 -1.51848
-0.105194 -0.0321609 -0.0190156 0.0163424 0.0250732 2.43166
-0.0854861 -0.0692252 0.0409003 -0.0169792 0.0442846 -0.393486
-0.0533291 -0.0962082 -0.0766814 -0.0685402 0.102848 -2.4122
-0.0134056 -0.10918 -0.0064501 0.309122 0.309189 1.59166
0.0284701 -0.106252 0.320364 -0.725304 0.792905 -1.15487
# x y Real Imaginary Modulus Phase <-> f = 0 s = 15
0.109996 -0.000959919 0.653814 0.00532721 0.653835 0.00814772
0.102346 0.0403151 -0.534908 0.439374 0.692225 2.45394
0.0797912 0.075719 0.347417 -0.284719 0.449181 -0.686538
0.0456163 0.100096 -0.173843 0.126937 0.215254 2.5109
0.00479813 0.109895 0.0298871 -0.0601859 0.067198 -1.10989
-0.0367188 0.103691 -0.00651141 0.0351072 0.035706 1.75418
-0.0728882 0.0823851 -0.0159189 0.00291264 0.0161831 2.96063
-0.0984428 0.0490818 0.0111921 0.00316954 0.0116322 0.275969
-0.109661 0.0086305 -0.00953282 0.0139029 0.0168572 2.17184
-0.104909 -0.0330776 0.0151868 -0.033484 0.0367671 -1.14499
-0.0848787 -0.0699686 -0.0259006 0.0240663 0.0353557 2.39289
-0.0524875 -0.0966699 0.0454795 0.0138319 0.0475364 0.295246
-0.0124524 -0.109293 -0.073466 -0.143386 0.161111 -2.04429
0.0293962 -0.105999 0.00362658 0.481458 0.481471 1.56326
0.0669638 -0.0872689 0.0728057 -0.78709 0.79045 -1.47856
