# x y Real Imaginary Modulus Phase <-> f = 0 s = 0
0.10199 0.0412067 0.732831 -0.0360298 0.733717 -0.0491257
0.0791274 0.0764124 -0.56908 0.330046 0.657862 2.61604
0.044741 0.10049 0.296433 -0.227574 0.373714 -0.654737
0.00383894 0.109933 -0.0956698 0.107092 0.143602 2.29992
-0.0376222 0.103366 0.0145159 -0.0493421 0.051433 -1.28468
-0.0736044 0.0817459 0.00367448 0.0142626 0.0147283 1.31865
-0.0988673 0.0482208 -0.0239273 0.000333646 0.0239296 3.12765
-0.109732 0.00767321 0.00279499 0.00501629 0.0057424 1.06246
-0.104616 -0.0339919 -0.0189345 0.0206286 0.028001 2.3134
-0.0842649 -0.0707066 0.00851461 -0.0283273 0.0295793 -1.27881
-0.0516419 -0.0971242 -0.0262759 0.00947121 0.0279308 2.79564
-0.0114981 -0.109397 0.0566152 0.0665131 0.0873457 0.865613
0.0303201 -0.105739 -0.0497532 -0.281978 0.286333 -1.74544
0.0677228 -0.0866812 0.128526 0.641326 0.654078 1.37301
0.0952628 -0.055 -0.015854 -0.637516 0.637713 -1.59566
# x y Real Imaginary Modulus Phase <-> f = 0 s = 1
0.0784575 0.0771 0.817864 -0.0826079 0.822025 -0.100663
0.0438624 0.100877 -0.576265 0.269534 0.636183 2.7041
0.00287946 0.109962 0.236754 -0.174445 0.294081 -0.635012
-0.0385228 0.103034 -0.0570473 0.102934 0.117685 2.07687
-0.0743149 0.0811005 0.00250499 -0.043386 0.0434582 -1.51312
-0.0992844 0.0473562 0.00288045 0.0100791 0.0104826 1.29243
-0.109795 0.00671534 -0.0230107 0.00166459 0.0230708 3.06938
-0.104316 -0.0349035 0.00690859 0.0103657 0.012457 0.98292
-0.0836447 -0.0714393 -0.0173161 0.0172519 0.0244433 2.35805
-0.0507923 -0.0975712 0.0136061 -0.00604734 0.0148894 -0.418237
-0.010543 -0.109494 -0.0241737 -0.0341135 0.0418103 -2.18729
0.0312417 -0.10547 0.0127226 0.140522 0.141096 1.4805
0.0684766 -0.0860869 -0.05585 -0.39251 0.396463 -1.71214
0.0957391 -0.0541666 0.190534 0.632372 0.660453 1.27815
0.109059 -0.0143579 0.0354464 -0.686058 0.686973 -1.51918
# x y Real Imaginary Modulus Phase <-> f = 0 s = 2
0.0429804 0.101256 0.874799 -0.0811464 0.878555 -0.0924954
0.00191976 0.109983 -0.527231 0.185321 0.558853 2.80358
-0.0394205 0.102694 0.188314 -0.176749 0.258269 -0.753729
-0.0750198 0.0804489 -0.0410019 0.0992241 0.107362 1.96265
-0.0996939 0.046488 0.00193983 -0.0456784 0.0457196 -1.52835
-0.109849 0.00575696 0.00828155 0.0107746 0.0135895 0.915484
-0.104007 -0.0358125 -0.0148495 -0.00406715 0.0153964 -2.87426
-0.0830181 -0.0721665 0.01304 0.0114043 0.0173233 0.718582
-0.049939 -0.0980107 -0.00757634 0.00663833 0.0100732 2.42209
-0.00958713 -0.109581 0.00504394 0.00921002 0.0105007 1.06975
0.0321609 -0.105194 0.00675258 -0.0541933 0.0546124 -1.44683
0.0692252 -0.0854861 0.00796541 0.178617 0.178794 1.52623
0.0962082 -0.0533291 -0.0878587 -0.360761 0.371306 -1.80968
0.10918 -0.0134056 0.103343 0.568266 0.577587 1.39091
0.106252 0.0284701 0.101 -0.774189 0.780749 -1.44107
# x y Real Imaginary Modulus Phase <-> f = 0 s = 3
0.000959919 0.109996 0.904508 0.0072816 0.904537 0.00805017
-0.0403151 0.102346 -0.482733 0.198519 0.521958 2.75143
-0.075719 0.0797912 0.174702 -0.167148 0.241784 -0.763306
-0.100096 0.0456163 -0.0468055 0.0998861 0.110309 2.009
-0.109895 0.00479813 0.000897228 -0.0452957 0.0453046 -1.55099
-0.103691 -0.0367188 0.00622145 0.0195985 0.0205622 1.26341
-0.0823851 -0.0728882 -0.00672465 -0.00851286 0.0108485 -2.23937
-0.0490818 -0.0984428 0.011275 0.0035145 0.01181 0.302163
-0.0086305 -0.109661 -0.00614072 -0.000501875 0.0061612 -3.06004
0.0330776 -0.104909 -0.00335442 0.0107541 0.0112651 1.87315
0.0699686 -0.0848787 0.005974 -0.0679051 0.0681674 -1.48305
0.0966699 -0.0524875 0.0410564 0.154828 0.160179 1.31159
0.109293 -0.0124524 -0.080721 -0.287599 0.298712 -1.84443
0.105999 0.0293962 0.0466988 0.527676 0.529738 1.48253
0.0872689 0.0669638 0.147512 -0.792022 0.805642 -1.38666
# x y Real Imaginary Modulus Phase <-> f = 0 s = 4
-0.0412067 0.10199 0.881942 -0.0137682 0.882049 -0.01561
-0.0764124 0.0791274 -0.479473 0.176046 0.51077 2.78971
-0.10049 0.044741 0.200897 -0.169648 0.262945 -0.701264
-0.109933 0.00383894 -0.0641896 0.103445 0.121742 2.12617
-0.103366 -0.0376222 0.0229528 -0.0494461 0.0545138 -1.1362
-0.0817459 -0.0736044 -0.00671489 0.0160419 0.0173906 1.96722
-0.0482208 -0.0988673 -0.000692035 -0.00360876 0.00367451 -1.76026
-0.00767321 -0.109732 0.00964729 -0.000262537 0.00965087 -0.0272068
0.0339919 -0.104616 -0.00568972 -0.00140849 0.00586146 -2.89892
0.0707066 -0.0842649 0.00770386 0.0194719 0.0209405 1.19405
0.0971242 -0.0516419 -0.0271153 -0.0420407 0.0500266 -2.14363
0.109397 -0.0114981 0.0494321 0.0932299 0.105524 1.08327
0.105739 0.0303201 -0.0672325 -0.212709 0.223082 -1.87694
0.0866812 0.0677228 0.0108107 0.442481 0.442613 1.54637
0.055 0.0952628 0.228749 -0.741529 0.776009 -1.27158
# x y Real Imaginary Modulus Phase <-> f = 0 s = 5
-0.0771 0.0784575 0.906603 -0.0233067 0.906903 -0.0257021
-0.100877 0.0438624 -0.558001 0.222199 0.600614 2.76263
-0.109962 0.00287946 0.265748 -0.209623 0.338472 -0.667877
-0.103034 -0.0385228 -0.129002 0.11832 0.175046 2.39936
-0.0811005 -0.0743149 0.0571869 -0.0388739 0.0691486 -0.597019
-0.0473562 -0.0992844 -0.012721 0.0094349 0.015838 2.50344
-0.00671534 -0.109795 -0.00148281 -0.00333739 0.00365197 -1.9889
0.0349035 -0.104316 0.0115504 0.00468283 0.0124636 0.385174
0.0714393 -0.0836447 -0.014617 -0.00267427 0.0148596 -2.96064
0.0975712 -0.0507923 0.0191911 0.00520905 0.0198855 0.265044
0.109494 -0.010543 -0.0300581 -0.019879 0.036037 -2.55728
0.10547 0.0312417 0.0597117 0.0632018 0.086948 0.813785
0.0860869 0.0684766 -0.0850057 -0.175416 0.194927 -2.02204
0.0541666 0.0957391 0.0387244 0.406764 0.408603 1.47588
0.0143579 0.109059 0.197139 -0.727376 0.753618 -1.30613
# x y Real Imaginary Modulus Phase <-> f = 0 s = 6
-0.101256 0.0429804 0.845591 -0.0460971 0.846847 -0.0544608
-0.109983 0.00191976 -0.55459 0.310189 0.635443 2.63163
-0.102694 -0.0394205 0.322917 -0.238629 0.401521 -0.63641
-0.0804489 -0.0750198 -0.153455 0.103643 0.185177 2.54757
-0.046488 -0.0996939 0.045085 -0.0381287 0.0590462 -0.701996
-0.00575696 -0.109849 9.56002e-05 0.0183286 0.0183288 1.56558
0.0358125 -0.104007 -0.00945891 0.00296928 0.00991401 2.83742
0.0721665 -0.0830181 0.0149711 0.0113808 0.0188057 0.649986
0.0980107 -0.049939 -0.0219988 0.00854547 0.0236003 2.77108
0.109581 -0.00958713 0.00897888 -0.00434386 0.00997444 -0.450592
0.105194 0.0321609 -0.0315347 -0.0107194 0.0333068 -2.81392
0.0854861 0.0692252 0.0614705 0.0514329 0.0801497 0.696727
0.0533291 0.0962082 -0.0863536 -0.157283 0.17943 -2.0729
0.0134056 0.10918 0.0307531 0.394157 0.395355 1.49293
-0.0284701 0.106252 0.234097 -0.750626 0.786283 -1.26849
# x y Real Imaginary Modulus Phase <-> f = 0 s = 7
-0.109996 0.000959919 0.765589 -0.0808904 0.76985 -0.105267
-0.102346 -0.0403151 -0.613461 0.355615 0.709081 2.61624
-0.0797912 -0.075719 0.354533 -0.206987 0.410533 -0.528445
-0.0456163 -0.100096 -0.117882 0.0883876 0.147338 2.49822
-0.00479813 -0.109895 0.0051328 -0.0442795 0.044576 -1.45539
0.0367188 -0.103691 0.00878387 0.00972153 0.0131021 0.836024
0.0728882 -0.0823851 -0.02585 0.00371094 0.026115 2.99901
0.0984428 -0.0490818 0.011429 0.00706495 0.0134363 0.553667
0.109661 -0.0086305 -0.0231491 0.012326 0.0262261 2.65231
0.104909 0.0330776 0.00440612 -0.00761906 0.00880136 -1.04648
0.0848787 0.0699686 -0.0304784 -0.0120163 0.0327616 -2.76605
0.0524875 0.0966699 0.0599197 0.0512232 0.0788301 0.707311
0.0124524 0.109293 -0.080981 -0.176822 0.194483 -2.00027
-0.0293962 0.105999 0.0113227 0.466022 0.46616 1.5465
-0.0669638 0.0872689 0.153199 -0.770074 0.785165 -1.37442
# x y Real Imaginary Modulus Phase <-> f = 0 s = 8
-0.10199 -0.0412067 0.72713 -0.145405 0.741526 -0.197368
-0.0791274 -0.0764124 -0.622734 0.32735 0.703531 2.65762
-0.044741 -0.10049 0.260094 -0.173994 0.312926 -0.589591
-0.00383894 -0.109933 -0.0260936 0.0915273 0.0951741 1.84852
0.0376222 -0.103366 -0.0252023 -0.0309581 0.0399194 -2.25406
0.0736044 -0.0817459 0.0240907 -0.00618898 0.0248729 -0.251465
0.0988673 -0.0482208 -0.0359795 0.0059808 0.0364732 2.97687
0.109732 -0.00767321 0.00849394 0.00523272 0.00997639 0.55214
0.104616 0.0339919 -0.0222614 0.0141021 0.0263522 2.57692
0.0842649 0.0707066 0.0110951 -0.00869284 0.0140949 -0.66459
0.0516419 0.0971242 -0.0344924 -0.00918396 0.0356941 -2.88137
0.0114981 0.109397 0.0601792 0.0652712 0.0887799 0.825966
-0.0303201 0.105739 -0.0749907 -0.235545 0.247195 -1.87902
-0.0677228 0.0866812 0.0802575 0.527779 0.533846 1.41989
-0.0952628 0.055 0.0693561 -0.747311 0.750523 -1.47825
# x y Real Imaginary Modulus Phase <-> f = 0 s = 9
-0.0784575 -0.0771 0.862704 -0.0582294 0.864667 -0.0673941
-0.0438624 -0.100877 -0.507499 0.151178 0.529538 2.85207
-0.00287946 -0.109962 0.113881 -0.136884 0.178062 -0.876875
0.0385228 -0.103034 0.0164239 0.0595618 0.0617847 1.30174
0.0743149 -0.0811005 -0.0310843 -0.0120045 0.0333218 -2.77305
0.0992844 -0.0473562 0.0283276 -0.0164353 0.0327502 -0.525724
0.109795 -0.00671534 -0.0340096 0.00486831 0.0343563 2.99941
0.104316 0.0349035 0.0105101 0.0119274 0.0158974 0.84848
0.0836447 0.0714393 -0.0158096 0.00979397 0.0185975 2.58696
0.0507923 0.0975712 0.0177909 -0.00173706 0.0178755 -0.0973293
0.010543 0.109494 -0.0303343 -0.0246115 0.0390627 -2.45997
-0.0312417 0.10547 0.0430415 0.113202 0.121109 1.20746
-0.0684766 0.0860869 -0.0762709 -0.300974 0.310488 -1.81899
-0.0957391 0.0541666 0.0790325 0.596008 0.601225 1.43896
-0.109059 0.0143579 0.00599322 -0.794845 0.794867 -1.56326
# x y Real Imaginary Modulus Phase <-> f = 0 s = 10
-0.0429804 -0.101256 0.896659 0.128714 0.90585 0.142575
-0.00191976 -0.109983 -0.349593 0.114656 0.367914 2.82468
0.0394205 -0.102694 0.0729143 -0.115134 0.13628 -1.00625
0.0750198 -0.0804489 0.00922488 0.0545837 0.0553578 1.40337
0.0996939 -0.046488 -0.0291237 -0.0123206 0.0316226 -2.74138
0.109849 -0.00575696 0.0292434 -0.00258334 0.0293573 -0.0881103
0.104007 0.0358125 -0.0258115 -0.000511629 0.0258166 -3.12177
0.0830181 0.0721665 0.0148218 0.0147231 0.0208915 0.782057
0.049939 0.0980107 -0.0098688 8.22112e-05 0.00986914 3.13326
0.00958713 0.109581 0.0115312 0.00768372 0.0138567 0.587777
-0.0321609 0.105194 -0.00962251 -0.0418634 0.0429551 -1.79673
-0.0692252 0.0854861 0.0242992 0.131345 0.133574 1.38786
-0.0962082 0.0533291 -0.0357404 -0.30847 0.310534 -1.68615
-0.10918 0.0134056 0.045443 0.602353 0.604064 1.4955
-0.106252 -0.0284701 0.120915 -0.781776 0.791072 -1.41735
# x y Real Imaginary Modulus Phase <-> f = 0 s = 11
-0.000959919 -0.109996 0.766003 0.210231 0.794329 0.267857
0.0403151 -0.102346 -0.31984 0.0965941 0.334108 2.84829
0.075719 -0.0797912 0.0990526 -0.119066 0.154881 -0.876897
0.100096 -0.0456163 -0.00654724 0.0732199 0.073512 1.65998
0.109895 -0.00479813 -0.011615 -0.0333538 0.0353183 -1.9059
0.103691 0.0367188 0.00840294 0.0164464 0.0184687 1.09844
0.0823851 0.0728882 -0.00738181 -0.00501691 0.00892527 -2.54467
0.0490818 0.0984428 0.0111739 0.00544903 0.0124317 0.453726
0.0086305 0.109661 -0.00293996 -0.0016327 0.0033629 -2.63465
-0.0330776 0.104909 0.00689849 0.00819625 0.010713 0.871161
-0.0699686 0.0848787 -0.0127866 -0.0385779 0.0406418 -1.89085
-0.0966699 0.0524875 0.0269172 0.0985189 0.10213 1.30409
-0.109293 0.0124524 -0.0482907 -0.231953 0.236926 -1.77606
-0.105999 -0.0293962 -2.0243e-05 0.423624 0.423624 1.57084
-0.0872689 -0.0669638 0.296201 -0.681306 0.742908 -1.16069
# x y Real Imaginary Modulus Phase <-> f = 0 s = 12
0.0412067 -0.10199 0.821093 0.199418 0.844962 0.238255
0.0764124 -0.0791274 -0.423061 0.103424 0.435519 2.90183
0.10049 -0.044741 0.172116 -0.154203 0.23109 -0.73056
0.109933 -0.00383894 -0.0714094 0.104358 0.126451 2.17089
0.103366 0.0376222 0.0364879 -0.0507916 0.0625393 -0.947838
0.0817459 0.0736044 -0.0161225 0.0135462 0.0210578 2.44281
0.0482208 0.0988673 -0.000809026 -0.00374773 0.00383406 -1.7834
0.00767321 0.109732 0.00523414 0.0017903 0.00553186 0.329569
-0.0339919 0.104616 -0.000976257 -0.000482546 0.001089 -2.68253
-0.0707066 0.0842649 0.0109299 0.00693508 0.0129444 0.565407
-0.0971242 0.0516419 -0.0301878 -0.0142408 0.0333782 -2.70081
-0.109397 0.0114981 0.0614967 0.0390903 0.0728691 0.56622
-0.105739 -0.0303201 -0.0844756 -0.107878 0.137017 -2.23513
-0.0866812 -0.0677228 0.0263041 0.278017 0.279258 1.47646
-0.055 -0.0952628 0.276016 -0.511869 0.581545 -1.07626
# x y Real Imaginary Modulus Phase <-> f = 0 s = 13
0.0771 -0.0784575 0.949433 0.0347566 0.950069 0.0365914
0.100877 -0.0438624 -0.577721 0.239937 0.625565 2.74795
0.109962 -0.00287946 0.336676 -0.224656 0.404748 -0.588424
0.103034 0.0385228 -0.183373 0.105052 0.211333 2.62135
0.0811005 0.0743149 0.0842588 -0.0281496 0.0888366 -0.322427
0.0473562 0.0992844 -0.0277967 0.000378698 0.0277993 3.12797
0.00671534 0.109795 0.00482624 -0.00287367 0.00561698 -0.53705
-0.0349035 0.104316 0.00228474 0.004215 0.0047944 1.07408
-0.0714393 0.0836447 -0.00146709 0.0100282 0.010135 1.71606
-0.0975712 0.0507923 0.00464188 -0.00691614 0.00832947 -0.979685
-0.109494 0.010543 -0.029261 0.00961655 0.0308007 2.82407
-0.10547 -0.0312417 0.0526017 -0.00524373 0.0528624 -0.0993592
-0.0860869 -0.0684766 -0.0731632 -0.0664618 0.0988435 -2.40415
-0.0541666 -0.0957391 0.0244933 0.235879 0.237147 1.46733
-0.0143579 -0.109059 0.304569 -0.533307 0.614149 -1.0519
# x y Real Imaginary Modulus Phase <-> f = 0 s = 14
0.101256 -0.0429804 0.742915 -0.0912475 0.748498 -0.122211
0.109983 -0.00191976 -0.574571 0.447396 0.728213 2.48
0.102694 0.0394205 0.413391 -0.303222 0.512675 -0.632858
0.0804489 0.0750198 -0.210656 0.125296 0.245102 2.60501
0.046488 0.0996939 0.0923576 -0.0446176 0.10257 -0.450033
0.00575696 0.109849 -0.0222021 0.0208208 0.0304375 2.38829
-0.0358125 0.104007 -0.00204061 -0.0102277 0.0104293 -1.76773
-0.0721665 0.0830181 0.00452082 0.0105404 0.011469 1.16562
-0.0980107 0.049939 -0.0123751 0.0161604 0.0203544 2.22431
-0.109581 0.00958713 0.00126259 -0.0255636 0.0255948 -1.52145
-0.105194 -0.0321609 -0.0140508 0.0235796 0.0274485 2.10819
-0.0854861 -0.0692252 0.0386358 -0.00806797 0.0394692 -0.205863
-0.0533291 -0.0962082 -0.0704914 -0.0775336 0.104788 -2.30866
-0.0134056 -0.10918 0.00218716 0.308641 0.308649 1.56371
0.0284701 -0.106252 0.313731 -0.727614 0.792369 -1.1637
# x y Real Imaginary Modulus Phase <-> f = 0 s = 15
0.109996 -0.000959919 0.659335 0.0149295 0.659504 0.0226395
0.102346 0.0403151 -0.53005 0.440232 0.689026 2.4485
0.0797912 0.075719 0.351547 -0.285121 0.452636 -0.68144
0.0456163 0.100096 -0.156567 0.136567 0.207759 2.42432
0.00479813 0.109895 0.040345 -0.0545366 0.0678377 -0.933869
-0.0367188 0.103691 0.000729329 0.0228822 0.0228938 1.53893
-0.0728882 0.0823851 -0.0161805 -0.00522574 0.0170035 -2.8292
-0.0984428 0.0490818 0.00417088 0.00769303 0.00875094 1.07399
-0.109661 0.0086305 -0.0184434 0.018843 0.026367 2.34548
-0.104909 -0.0330776 -9.03755e-05 -0.0350919 0.035092 -1.57337
-0.0848787 -0.0699686 -0.0134321 0.0248465 0.0282449 2.0664
-0.0524875 -0.0966699 0.0494252 0.0103709 0.0505015 0.206829
-0.0124524 -0.109293 -0.0793955 -0.144842 0.165175 -2.07222
0.0293962 -0.105999 0.0026016 0.479284 0.479291 1.56537
0.0669638 -0.0872689 0.0738501 -0.78459 0.788058 -1.47695
