# x y Real Imaginary Modulus Phase <-> f = 0 s = 0
0.10199 0.0412067 0.732833 -0.0358857 0.733711 -0.0489294
0.0791274 0.0764124 -0.569511 0.330708 0.658567 2.61549
0.044741 0.10049 0.296118 -0.227491 0.373414 -0.655075
0.00383894 0.109933 -0.0951411 0.106076 0.142492 2.3019
-0.0376222 0.103366 0.0155783 -0.0493093 0.0517116 -1.26479
-0.0736044 0.0817459 0.00328861 0.0151517 0.0155045 1.35707
-0.0988673 0.0482208 -0.0240144 0.000768008 0.0240266 3.10962
-0.109732 0.00767321 0.00373236 0.00468905 0.00599314 0.898515
-0.104616 -0.0339919 -0.0185576 0.020778 0.0278587 2.29981
-0.0842649 -0.0707066 0.00791339 -0.0286778 0.0297496 -1.30156
-0.0516419 -0.0971242 -0.0260505 0.00878404 0.0274916 2.81637
-0.0114981 -0.109397 0.0570353 0.0652498 0.0866635 0.852472
0.0303201 -0.105739 -0.0503982 -0.281569 0.286044 -1.74791
0.0677228 -0.0866812 0.129486 0.64256 0.655477 1.37194
0.0952628 -0.055 -0.0149838 -0.637129 0.637305 -1.59431
# x y Real Imaginary Modulus Phase <-> f = 0 s = 1
0.0784575 0.0771 0.818489 -0.082006 0.822587 -0.0998587
0.0438624 0.100877 -0.575138 0.270092 0.6354 2.70255
0.00287946 0.109962 0.236817 -0.174793 0.294338 -0.635838
-0.0385228 0.103034 -0.057409 0.102687 0.117646 2.08057
-0.0743149 0.0811005 0.00377951 -0.0430256 0.0431913 -1.48318
-0.0992844 0.0473562 0.000915701 0.0101428 0.010184 1.48076
-0.109795 0.00671534 -0.0228792 0.00077913 0.0228924 3.10755
-0.104316 -0.0349035 0.0071996 0.0098675 0.0122148 0.940462
-0.0836447 -0.0714393 -0.0171201 0.0178415 0.0247268 2.33556
-0.0507923 -0.0975712 0.012603 -0.00558396 0.0137846 -0.417072
-0.010543 -0.109494 -0.023487 -0.0348864 0.042056 -2.16334
0.0312417 -0.10547 0.0115088 0.141217 0.141685 1.48948
0.0684766 -0.0860869 -0.0561415 -0.393984 0.397964 -1.71234
0.0957391 -0.0541666 0.190143 0.632024 0.660007 1.27856
0.109059 -0.0143579 0.0347189 -0.684515 0.685395 -1.52012
# x y Real Imaginary Modulus Phase <-> f = 0 s = 2
0.0429804 0.101256 0.875623 -0.0814566 0.879404 -0.0927601
0.00191976 0.109983 -0.526698 0.186141 0.558623 2.80188
-0.0394205 0.102694 0.187495 -0.1764 0.257432 -0.754917
-0.0750198 0.0804489 -0.0407989 0.0983114 0.106441 1.96416
-0.0996939 0.046488 0.00222063 -0.0461469 0.0462003 -1.52271
-0.109849 0.00575696 0.00877608 0.0102126 0.0134654 0.860904
-0.104007 -0.0358125 -0.0150754 -0.00315649 0.0154023 -2.93519
-0.0830181 -0.0721665 0.0131071 0.0104033 0.0167339 0.670895
-0.049939 -0.0980107 -0.00719167 0.0065224 0.00970885 2.40496
-0.00958713 -0.109581 0.00498884 0.00861198 0.00995262 1.04574
0.0321609 -0.105194 0.00677647 -0.0533997 0.053828 -1.44457
0.0692252 -0.0854861 0.00696874 0.178647 0.178783 1.53181
0.0962082 -0.0533291 -0.0880334 -0.361897 0.372451 -1.80942
0.10918 -0.0134056 0.101915 0.56738 0.576461 1.39307
0.106252 0.0284701 0.101133 -0.774114 0.780692 -1.44089
# x y Real Imaginary Modulus Phase <-> f = 0 s = 3
0.000959919 0.109996 0.905073 0.00783207 0.905107 0.00865331
-0.0403151 0.102346 -0.482482 0.198317 0.52165 2.75161
-0.075719 0.0797912 0.174227 -0.167666 0.241799 -0.76621
-0.100096 0.0456163 -0.04686 0.0996 0.110073 2.01055
-0.109895 0.00479813 0.00134902 -0.0452192 0.0452393 -1.54097
-0.103691 -0.0367188 0.0062086 0.0196432 0.020601 1.26466
-0.0823851 -0.0728882 -0.00741215 -0.00886428 0.0115549 -2.26721
-0.0490818 -0.0984428 0.011152 0.00351841 0.0116938 0.305613
-0.0086305 -0.109661 -0.0058538 -0.000271087 0.00586007 -3.09532
0.0330776 -0.104909 -0.00312119 0.0106822 0.0111289 1.85507
0.0699686 -0.0848787 0.00632022 -0.0683644 0.068656 -1.47861
0.0966699 -0.0524875 0.0406793 0.154945 0.160196 1.31405
0.109293 -0.0124524 -0.0805576 -0.287547 0.298618 -1.84395
0.105999 0.0293962 0.0463709 0.52779 0.529823 1.48316
0.0872689 0.0669638 0.147292 -0.79159 0.805177 -1.38683
# x y Real Imaginary Modulus Phase <-> f = 0 s = 4
-0.0412067 0.10199 0.882294 -0.0131988 0.882393 -0.0149585
-0.0764124 0.0791274 -0.47968 0.176142 0.510998 2.78967
-0.10049 0.044741 0.20053 -0.169694 0.262694 -0.702299
-0.109933 0.00383894 -0.0639749 0.103466 0.121647 2.12458
-0.103366 -0.0376222 0.0228729 -0.0497221 0.0547308 -1.13965
-0.0817459 -0.0736044 -0.00687401 0.0156814 0.0171219 1.98392
-0.0482208 -0.0988673 -0.000844199 -0.00317359 0.00328395 -1.83078
-0.00767321 -0.109732 0.00971562 -0.000542381 0.00973075 -0.0557678
0.0339919 -0.104616 -0.00542737 -0.00120195 0.00555887 -2.92365
0.0707066 -0.0842649 0.00789042 0.0194087 0.0209513 1.18466
0.0971242 -0.0516419 -0.0276273 -0.0418353 0.0501344 -2.15444
0.109397 -0.0114981 0.0492192 0.0934327 0.105604 1.08595
0.105739 0.0303201 -0.0668482 -0.212826 0.223078 -1.87514
0.0866812 0.0677228 0.011441 0.442994 0.443142 1.54498
0.055 0.0952628 0.228876 -0.741463 0.775984 -1.27139
# x y Real Imaginary Modulus Phase <-> f = 0 s = 5
-0.0771 0.0784575 0.90651 -0.0234043 0.906812 -0.0258123
-0.100877 0.0438624 -0.558337 0.222445 0.601017 2.76246
-0.109962 0.00287946 0.266099 -0.210086 0.339035 -0.668306
-0.103034 -0.0385228 -0.128308 0.118568 0.174704 2.39562
-0.0811005 -0.0743149 0.0570404 -0.038029 0.0685552 -0.588027
-0.0473562 -0.0992844 -0.0134372 0.00952361 0.0164699 2.52502
-0.00671534 -0.109795 -0.00130543 -0.00260651 0.00291514 -2.03511
0.0349035 -0.104316 0.011486 0.00474147 0.0124262 0.391495
0.0714393 -0.0836447 -0.0147687 -0.00269822 0.0150132 -2.96089
0.0975712 -0.0507923 0.0187464 0.00555449 0.019552 0.288056
0.109494 -0.010543 -0.0298996 -0.0202087 0.0360885 -2.54723
0.10547 0.0312417 0.0600627 0.0637936 0.0876194 0.815512
0.0860869 0.0684766 -0.0853834 -0.175597 0.195256 -2.02338
0.0541666 0.0957391 0.0381815 0.406254 0.408044 1.47709
0.0143579 0.109059 0.196521 -0.727105 0.753195 -1.30682
# x y Real Imaginary Modulus Phase <-> f = 0 s = 6
-0.101256 0.0429804 0.845378 -0.0466181 0.846662 -0.0550889
-0.109983 0.00191976 -0.554117 0.310838 0.635347 2.63037
-0.102694 -0.0394205 0.322422 -0.239507 0.401646 -0.638902
-0.0804489 -0.0750198 -0.154424 0.104544 0.186484 2.54647
-0.046488 -0.0996939 0.0459696 -0.0383845 0.059888 -0.69572
-0.00575696 -0.109849 -0.00211158 0.0172639 0.0173925 1.6925
0.0358125 -0.104007 -0.00980114 0.00209597 0.0100227 2.93092
0.0721665 -0.0830181 0.0125792 0.0102254 0.0162109 0.68255
0.0980107 -0.049939 -0.0204938 0.00932117 0.022514 2.71473
0.109581 -0.00958713 0.00956134 -0.00554881 0.0110548 -0.525837
0.105194 0.0321609 -0.0305876 -0.011361 0.0326293 -2.78596
0.0854861 0.0692252 0.0596062 0.0506189 0.0781996 0.704042
0.0533291 0.0962082 -0.0840338 -0.156618 0.177738 -2.06326
0.0134056 0.10918 0.0317007 0.393833 0.395107 1.49048
-0.0284701 0.106252 0.232852 -0.751665 0.786905 -1.27039
# x y Real Imaginary Modulus Phase <-> f = 0 s = 7
-0.109996 0.000959919 0.764498 -0.0797661 0.768648 -0.103962
-0.102346 -0.0403151 -0.612795 0.352994 0.707194 2.61898
-0.0797912 -0.075719 0.353588 -0.208637 0.410553 -0.533076
-0.0456163 -0.100096 -0.117841 0.0894563 0.147949 2.49228
-0.00479813 -0.109895 0.00759595 -0.044426 0.0450707 -1.40145
0.0367188 -0.103691 0.00832534 0.00999411 0.0130074 0.87624
0.0728882 -0.0823851 -0.0280967 0.00382736 0.0283561 3.0062
0.0984428 -0.0490818 0.0103943 0.00443836 0.0113022 0.403565
0.109661 -0.0086305 -0.0235412 0.0139899 0.0273844 2.6054
0.104909 0.0330776 0.00430178 -0.00723424 0.00841662 -1.03433
0.0848787 0.0699686 -0.0308222 -0.0101492 0.0324501 -2.82349
0.0524875 0.0966699 0.057997 0.0525851 0.078287 0.736498
0.0124524 0.109293 -0.0797486 -0.177551 0.194639 -1.99295
-0.0293962 0.105999 0.0104213 0.463717 0.463834 1.54833
-0.0669638 0.0872689 0.151999 -0.769811 0.784674 -1.37585
# x y Real Imaginary Modulus Phase <-> f = 0 s = 8
-0.10199 -0.0412067 0.729324 -0.145417 0.743679 -0.196805
-0.0791274 -0.0764124 -0.620549 0.32898 0.702359 2.65412
-0.044741 -0.10049 0.258446 -0.175068 0.312159 -0.595386
-0.00383894 -0.109933 -0.0249839 0.0941544 0.0974128 1.83017
0.0376222 -0.103366 -0.0261452 -0.030422 0.0401132 -2.28073
0.0736044 -0.0817459 0.0245464 -0.00654213 0.0254032 -0.260467
0.0988673 -0.0482208 -0.0362742 0.0049863 0.0366153 3.00499
0.109732 -0.00767321 0.0081673 0.00411944 0.00914738 0.467147
0.104616 0.0339919 -0.0227667 0.0135955 0.0265172 2.60326
0.0842649 0.0707066 0.0127059 -0.00858581 0.0153348 -0.594255
0.0516419 0.0971242 -0.0348034 -0.010897 0.0364695 -2.83816
0.0114981 0.109397 0.0628429 0.0667136 0.0916511 0.815266
-0.0303201 0.105739 -0.0762443 -0.233763 0.245883 -1.88608
-0.0677228 0.0866812 0.0789909 0.527925 0.533802 1.42227
-0.0952628 0.055 0.0724555 -0.747142 0.750647 -1.47412
# x y Real Imaginary Modulus Phase <-> f = 0 s = 9
-0.0784575 -0.0771 0.863465 -0.0589686 0.865476 -0.0681871
-0.0438624 -0.100877 -0.508169 0.150304 0.529931 2.85402
-0.00287946 -0.109962 0.114395 -0.134378 0.176476 -0.865553
0.0385228 -0.103034 0.0150812 0.0594351 0.0613186 1.3223
0.0743149 -0.0811005 -0.0311535 -0.012334 0.0335062 -2.76462
0.0992844 -0.0473562 0.0259931 -0.0149011 0.0299614 -0.520533
0.109795 -0.00671534 -0.0311352 0.0051774 0.0315627 2.97681
0.104316 0.0349035 0.012854 0.0118773 0.0175012 0.745927
0.0836447 0.0714393 -0.0159769 0.0117484 0.0198314 2.50754
0.0507923 0.0975712 0.018232 -0.000573021 0.018241 -0.031419
0.010543 0.109494 -0.0350841 -0.0234946 0.0422243 -2.55152
-0.0312417 0.10547 0.0447702 0.112864 0.12142 1.19316
-0.0684766 0.0860869 -0.0772354 -0.300047 0.309828 -1.82274
-0.0957391 0.0541666 0.078477 0.596405 0.601546 1.43996
-0.109059 0.0143579 0.0069366 -0.794059 0.794089 -1.56206
# x y Real Imaginary Modulus Phase <-> f = 0 s = 10
-0.0429804 -0.101256 0.896084 0.130366 0.905517 0.14447
-0.00191976 -0.109983 -0.348292 0.114886 0.366751 2.82297
0.0394205 -0.102694 0.074005 -0.114808 0.136593 -0.998226
0.0750198 -0.0804489 0.00665567 0.0542938 0.0547003 1.44882
0.0996939 -0.046488 -0.0309959 -0.0110461 0.0329053 -2.79925
0.109849 -0.00575696 0.0295082 -0.000961768 0.0295239 -0.0325817
0.104007 0.0358125 -0.0249421 0.000233935 0.0249432 3.13221
0.0830181 0.0721665 0.0162566 0.0126259 0.0205838 0.660347
0.049939 0.0980107 -0.00812698 0.000395775 0.00813661 3.09293
0.00958713 0.109581 0.0110081 0.00658199 0.0128258 0.53889
-0.0321609 0.105194 -0.0108352 -0.0438148 0.0451347 -1.81323
-0.0692252 0.0854861 0.0239279 0.131388 0.133549 1.39065
-0.0962082 0.0533291 -0.0348611 -0.308373 0.310337 -1.68337
-0.10918 0.0134056 0.0471103 0.600459 0.602304 1.4925
-0.106252 -0.0284701 0.121138 -0.78239 0.791712 -1.41718
# x y Real Imaginary Modulus Phase <-> f = 0 s = 11
-0.000959919 -0.109996 0.766376 0.208841 0.794322 0.266045
0.0403151 -0.102346 -0.319181 0.0973936 0.333709 2.84543
0.075719 -0.0797912 0.0988759 -0.119063 0.154766 -0.877762
0.100096 -0.0456163 -0.00700923 0.0743837 0.0747132 1.66475
0.109895 -0.00479813 -0.0105042 -0.0332997 0.0349171 -1.87636
0.103691 0.0367188 0.00757995 0.0148741 0.0166941 1.09949
0.0823851 0.0728882 -0.00652899 -0.00429346 0.00781419 -2.55989
0.0490818 0.0984428 0.0126057 0.00529954 0.0136744 0.397975
0.0086305 0.109661 -0.00366723 -0.000774017 0.00374803 -2.93358
-0.0330776 0.104909 0.00724367 0.00627713 0.00958505 0.714034
-0.0699686 0.0848787 -0.0143368 -0.03841 0.0409984 -1.92804
-0.0966699 0.0524875 0.0267946 0.102067 0.105526 1.31407
-0.109293 0.0124524 -0.0489162 -0.230236 0.235375 -1.78014
-0.105999 -0.0293962 -0.000823579 0.422881 0.422882 1.57274
-0.0872689 -0.0669638 0.295109 -0.682706 0.743759 -1.16279
# x y Real Imaginary Modulus Phase <-> f = 0 s = 12
0.0412067 -0.10199 0.821467 0.200159 0.845501 0.239003
0.0764124 -0.0791274 -0.423845 0.103903 0.436395 2.90119
0.10049 -0.044741 0.172576 -0.152979 0.230619 -0.725276
0.109933 -0.00383894 -0.0712379 0.10296 0.125202 2.17607
0.103366 0.0376222 0.0354303 -0.0515624 0.0625619 -0.968757
0.0817459 0.0736044 -0.0170938 0.0132261 0.0216131 2.48307
0.0482208 0.0988673 -0.000338435 -0.00406191 0.00407598 -1.65392
0.00767321 0.109732 0.00572392 0.00235866 0.00619084 0.390869
-0.0339919 0.104616 -0.000742673 6.95085e-05 0.000745919 3.04827
-0.0707066 0.0842649 0.0114527 0.00580718 0.0128408 0.469279
-0.0971242 0.0516419 -0.030265 -0.0141075 0.0333915 -2.7054
-0.109397 0.0114981 0.0601287 0.0392974 0.0718314 0.578869
-0.105739 -0.0303201 -0.0838631 -0.107973 0.136716 -2.23117
-0.0866812 -0.0677228 0.0267436 0.277821 0.279106 1.47483
-0.055 -0.0952628 0.276512 -0.511695 0.581627 -1.07537
# x y Real Imaginary Modulus Phase <-> f = 0 s = 13
0.0771 -0.0784575 0.949098 0.0371918 0.949827 0.0391664
0.100877 -0.0438624 -0.577958 0.239529 0.625628 2.7487
0.109962 -0.00287946 0.337222 -0.224617 0.405181 -0.587595
0.103034 0.0385228 -0.182911 0.10611 0.211461 2.61592
0.0811005 0.0743149 0.0820684 -0.0307294 0.0876329 -0.358276
0.0473562 0.0992844 -0.0295333 0.00035486 0.0295354 3.12958
0.00671534 0.109795 0.00522138 -0.0019538 0.00557495 -0.358062
-0.0349035 0.104316 0.00148878 0.00374709 0.00403202 1.1926
-0.0714393 0.0836447 -0.0011378 0.0112458 0.0113032 1.67163
-0.0975712 0.0507923 0.00425464 -0.00509309 0.00663638 -0.874854
-0.109494 0.010543 -0.0279934 0.0114412 0.0302412 2.7536
-0.10547 -0.0312417 0.0526649 -0.00474025 0.0528778 -0.0897658
-0.0860869 -0.0684766 -0.072432 -0.06749 0.0990015 -2.3915
-0.0541666 -0.0957391 0.0220701 0.236448 0.237475 1.47773
-0.0143579 -0.109059 0.303485 -0.533178 0.6135 -1.05333
# x y Real Imaginary Modulus Phase <-> f = 0 s = 14
0.101256 -0.0429804 0.742812 -0.0897228 0.748211 -0.120206
0.109983 -0.00191976 -0.574199 0.445614 0.726826 2.48162
0.102694 0.0394205 0.413582 -0.305057 0.513916 -0.635517
0.0804489 0.0750198 -0.210358 0.127333 0.245895 2.59727
0.046488 0.0996939 0.0925688 -0.0465093 0.103596 -0.465589
0.00575696 0.109849 -0.022874 0.021461 0.0313655 2.38806
-0.0358125 0.104007 -0.00234962 -0.0111961 0.01144 -1.77765
-0.0721665 0.0830181 0.00396057 0.00900792 0.00984016 1.15656
-0.0980107 0.049939 -0.00882067 0.0149089 0.0173228 2.10505
-0.109581 0.00958713 0.00335499 -0.0266122 0.0268228 -1.44539
-0.105194 -0.0321609 -0.0139904 0.0255423 0.0291228 2.0719
-0.0854861 -0.0692252 0.0384477 -0.00682501 0.0390487 -0.175684
-0.0533291 -0.0962082 -0.070892 -0.078513 0.105783 -2.30523
-0.0134056 -0.10918 0.00199293 0.307608 0.307614 1.56432
0.0284701 -0.106252 0.313393 -0.727164 0.791823 -1.16387
# x y Real Imaginary Modulus Phase <-> f = 0 s = 15
0.109996 -0.000959919 0.657306 0.0141488 0.657459 0.0215221
0.102346 0.0403151 -0.529692 0.438843 0.687864 2.44972
0.0797912 0.075719 0.353102 -0.28664 0.4548 -0.681881
0.0456163 0.100096 -0.155275 0.13673 0.206894 2.41962
0.00479813 0.109895 0.0400869 -0.0544583 0.0676215 -0.936248
-0.0367188 0.103691 -0.00159159 0.0228183 0.0228737 1.64043
-0.0728882 0.0823851 -0.015075 -0.00397383 0.01559 -2.88385
-0.0984428 0.0490818 0.00526882 0.00813997 0.00969637 0.996337
-0.109661 0.0086305 -0.0198515 0.0193944 0.0277529 2.36784
-0.104909 -0.0330776 -0.00350528 -0.0343013 0.0344799 -1.67263
-0.0848787 -0.0699686 -0.0130978 0.0292503 0.0320489 1.99181
-0.0524875 -0.0966699 0.050422 0.0103765 0.0514787 0.20296
-0.0124524 -0.109293 -0.0810165 -0.144968 0.16607 -2.08042
0.0293962 -0.105999 0.00355157 0.480258 0.480271 1.5634
0.0669638 -0.0872689 0.0743313 -0.784609 0.788122 -1.47634
