# x y Real Imaginary Modulus Phase <-> f = 0 s = 0
0.10199 0.0412067 0.733053 -0.0358267 0.733928 -0.0488345
0.0791274 0.0764124 -0.568769 0.329907 0.657524 2.61598
0.044741 0.10049 0.295508 -0.228083 0.373292 -0.657329
0.00383894 0.109933 -0.0949976 0.107193 0.14323 2.29595
-0.0376222 0.103366 0.0143617 -0.049112 0.0511688 -1.2863
-0.0736044 0.0817459 0.00321467 0.0140328 0.0143963 1.3456
-0.0988673 0.0482208 -0.0247339 8.85044e-05 0.024734 3.13801
-0.109732 0.00767321 0.00215011 0.0051871 0.00561507 1.17784
-0.104616 -0.0339919 -0.0191663 0.0207874 0.0282748 2.31564
-0.0842649 -0.0707066 0.00891665 -0.0282603 0.0296336 -1.26516
-0.0516419 -0.0971242 -0.0267766 0.00954538 0.0284271 2.79916
-0.0114981 -0.109397 0.0567318 0.066841 0.0876711 0.867024
0.0303201 -0.105739 -0.0501147 -0.282171 0.286586 -1.74657
0.0677228 -0.0866812 0.128934 0.641542 0.654371 1.37246
0.0952628 -0.055 -0.0157767 -0.636956 0.637151 -1.59556
# x y Real Imaginary Modulus Phase <-> f = 0 s = 1
0.0784575 0.0771 0.818339 -0.0826995 0.822507 -0.100716
0.0438624 0.100877 -0.577133 0.270362 0.637321 2.7035
0.00287946 0.109962 0.237041 -0.173871 0.293972 -0.63286
-0.0385228 0.103034 -0.0569017 0.10296 0.117638 2.07568
-0.0743149 0.0811005 0.00246552 -0.0436423 0.0437118 -1.51436
-0.0992844 0.0473562 0.00317817 0.00953287 0.0100487 1.24899
-0.109795 0.00671534 -0.0235046 0.00180265 0.0235736 3.06505
-0.104316 -0.0349035 0.00707603 0.0106071 0.0127507 0.98249
-0.0836447 -0.0714393 -0.0174421 0.016997 0.0243542 2.36912
-0.0507923 -0.0975712 0.0131627 -0.00614401 0.0145261 -0.436715
-0.010543 -0.109494 -0.0241297 -0.0346413 0.0422168 -2.17921
0.0312417 -0.10547 0.0122402 0.140052 0.140586 1.48362
0.0684766 -0.0860869 -0.0561472 -0.392358 0.396355 -1.71293
0.0957391 -0.0541666 0.190279 0.632437 0.660441 1.27855
0.109059 -0.0143579 0.0353753 -0.686362 0.687273 -1.5193
# x y Real Imaginary Modulus Phase <-> f = 0 s = 2
0.0429804 0.101256 0.874973 -0.0808037 0.878696 -0.0920888
0.00191976 0.109983 -0.527448 0.185383 0.559078 2.80361
-0.0394205 0.102694 0.188071 -0.176881 0.258181 -0.754747
-0.0750198 0.0804489 -0.0404733 0.0992271 0.107164 1.95808
-0.0996939 0.046488 0.00160164 -0.0456161 0.0456442 -1.5357
-0.109849 0.00575696 0.00817998 0.0112375 0.0138994 0.941579
-0.104007 -0.0358125 -0.0148046 -0.00397535 0.015329 -2.87926
-0.0830181 -0.0721665 0.0132451 0.011275 0.0173942 0.705226
-0.049939 -0.0980107 -0.00761219 0.00658753 0.0100668 2.42823
-0.00958713 -0.109581 0.00544919 0.00981153 0.0112232 1.06383
0.0321609 -0.105194 0.00661154 -0.0538966 0.0543006 -1.44874
0.0692252 -0.0854861 0.00798133 0.178506 0.178684 1.52611
0.0962082 -0.0533291 -0.0877795 -0.361015 0.371533 -1.80931
0.10918 -0.0134056 0.103629 0.568297 0.577668 1.39043
0.106252 0.0284701 0.100733 -0.774217 0.780742 -1.44141
# x y Real Imaginary Modulus Phase <-> f = 0 s = 3
0.000959919 0.109996 0.904468 0.00725406 0.904497 0.00802008
-0.0403151 0.102346 -0.482609 0.198598 0.521874 2.75121
-0.075719 0.0797912 0.17459 -0.16701 0.241607 -0.763211
-0.100096 0.0456163 -0.0469292 0.0995984 0.110101 2.01113
-0.109895 0.00479813 0.000779972 -0.0452293 0.0452361 -1.55355
-0.103691 -0.0367188 0.00611069 0.019479 0.020415 1.26681
-0.0823851 -0.0728882 -0.00678721 -0.00839506 0.0107955 -2.25068
-0.0490818 -0.0984428 0.0113866 0.0035168 0.0119174 0.299559
-0.0086305 -0.109661 -0.00614053 -0.000297217 0.00614772 -3.09323
0.0330776 -0.104909 -0.00323095 0.0109199 0.0113878 1.85847
0.0699686 -0.0848787 0.0062119 -0.0679834 0.0682666 -1.47968
0.0966699 -0.0524875 0.0410368 0.154791 0.160139 1.31165
0.109293 -0.0124524 -0.0806713 -0.287738 0.298833 -1.84414
0.105999 0.0293962 0.0466231 0.527889 0.529944 1.4827
0.0872689 0.0669638 0.147578 -0.792155 0.805785 -1.38661
# x y Real Imaginary Modulus Phase <-> f = 0 s = 4
-0.0412067 0.10199 0.881853 -0.0135929 0.881958 -0.0154128
-0.0764124 0.0791274 -0.479554 0.175953 0.510815 2.78993
-0.10049 0.044741 0.200994 -0.169583 0.262977 -0.700837
-0.109933 0.00383894 -0.0643063 0.103541 0.121885 2.12656
-0.103366 -0.0376222 0.0228819 -0.0492818 0.0543348 -1.13611
-0.0817459 -0.0736044 -0.006861 0.0162482 0.0176374 1.97035
-0.0482208 -0.0988673 -0.000673637 -0.00379671 0.00385601 -1.7464
-0.00767321 -0.109732 0.00963754 -0.000246497 0.00964069 -0.0255711
0.0339919 -0.104616 -0.00562415 -0.0015059 0.00582227 -2.87997
0.0707066 -0.0842649 0.0077645 0.0194957 0.020985 1.19179
0.0971242 -0.0516419 -0.027074 -0.0422514 0.0501816 -2.14067
0.109397 -0.0114981 0.0493341 0.0934229 0.105649 1.08494
0.105739 0.0303201 -0.0672648 -0.212889 0.223263 -1.87683
0.0866812 0.0677228 0.0110118 0.442409 0.442546 1.54591
0.055 0.0952628 0.228845 -0.741641 0.776145 -1.2715
# x y Real Imaginary Modulus Phase <-> f = 0 s = 5
-0.0771 0.0784575 0.906629 -0.0232053 0.906926 -0.0255896
-0.100877 0.0438624 -0.557902 0.222245 0.600539 2.7625
-0.109962 0.00287946 0.265487 -0.209903 0.338441 -0.669004
-0.103034 -0.0385228 -0.128921 0.118204 0.174908 2.39954
-0.0811005 -0.0743149 0.0571568 -0.0384659 0.068895 -0.592367
-0.0473562 -0.0992844 -0.0127122 0.00989898 0.0161118 2.47998
-0.00671534 -0.109795 -0.00130854 -0.00319368 0.00345135 -1.95966
0.0349035 -0.104316 0.0116514 0.00451869 0.012497 0.369965
0.0714393 -0.0836447 -0.0147938 -0.00263491 0.0150267 -2.96533
0.0975712 -0.0507923 0.0194052 0.00529629 0.020115 0.266442
0.109494 -0.010543 -0.0298989 -0.0197204 0.0358167 -2.55852
0.10547 0.0312417 0.059978 0.0634317 0.087298 0.813376
0.0860869 0.0684766 -0.0846785 -0.175753 0.195089 -2.01978
0.0541666 0.0957391 0.038698 0.406883 0.408719 1.47597
0.0143579 0.109059 0.19692 -0.727283 0.753471 -1.30638
# x y Real Imaginary Modulus Phase <-> f = 0 s = 6
-0.101256 0.0429804 0.844896 -0.0460847 0.846151 -0.0544909
-0.109983 0.00191976 -0.555224 0.310366 0.636083 2.63187
-0.102694 -0.0394205 0.323177 -0.237754 0.401211 -0.634272
-0.0804489 -0.0750198 -0.153786 0.103904 0.185596 2.5474
-0.046488 -0.0996939 0.0444534 -0.0386439 0.0589021 -0.7156
-0.00575696 -0.109849 5.93374e-05 0.0180346 0.0180347 1.56751
0.0358125 -0.104007 -0.0096356 0.00230785 0.00990812 2.90651
0.0721665 -0.0830181 0.0143538 0.0109556 0.0180571 0.651929
0.0980107 -0.049939 -0.0220097 0.00849951 0.0235939 2.77306
0.109581 -0.00958713 0.00933681 -0.00511571 0.0106464 -0.501236
0.105194 0.0321609 -0.0317231 -0.0110314 0.0335864 -2.80693
0.0854861 0.0692252 0.0614405 0.051189 0.0799703 0.694628
0.0533291 0.0962082 -0.0861704 -0.157769 0.179768 -2.0707
0.0134056 0.10918 0.0307256 0.394798 0.395992 1.49313
-0.0284701 0.106252 0.234125 -0.75108 0.786724 -1.26862
# x y Real Imaginary Modulus Phase <-> f = 0 s = 7
-0.109996 0.000959919 0.765153 -0.080768 0.769404 -0.105168
-0.102346 -0.0403151 -0.613816 0.355067 0.709114 2.61716
-0.0797912 -0.075719 0.354374 -0.206893 0.410348 -0.528443
-0.0456163 -0.100096 -0.118109 0.0879487 0.147258 2.50153
-0.00479813 -0.109895 0.0055984 -0.0446173 0.0449671 -1.44597
0.0367188 -0.103691 0.00850995 0.00951869 0.0127681 0.841292
0.0728882 -0.0823851 -0.0262823 0.00315461 0.0264709 3.02214
0.0984428 -0.0490818 0.0108453 0.0065675 0.0126788 0.544498
0.109661 -0.0086305 -0.0236457 0.0126501 0.0268168 2.65035
0.104909 0.0330776 0.00386732 -0.00754899 0.00848195 -1.09736
0.0848787 0.0699686 -0.0306383 -0.0117756 0.0328233 -2.77466
0.0524875 0.0966699 0.0600415 0.051248 0.0789389 0.706548
0.0124524 0.109293 -0.0800869 -0.17655 0.193865 -1.99666
-0.0293962 0.105999 0.0115264 0.465647 0.46579 1.54605
-0.0669638 0.0872689 0.152952 -0.770504 0.785538 -1.37483
# x y Real Imaginary Modulus Phase <-> f = 0 s = 8
-0.10199 -0.0412067 0.727374 -0.146593 0.741999 -0.198874
-0.0791274 -0.0764124 -0.62227 0.327315 0.703104 2.65736
-0.044741 -0.10049 0.261129 -0.174207 0.313905 -0.588323
-0.00383894 -0.109933 -0.0262213 0.0920667 0.0957279 1.84826
0.0376222 -0.103366 -0.0259594 -0.0318785 0.0411112 -2.25421
0.0736044 -0.0817459 0.023554 -0.00614765 0.024343 -0.255307
0.0988673 -0.0482208 -0.0344922 0.00549151 0.0349266 2.98371
0.109732 -0.00767321 0.00824751 0.00575047 0.0100543 0.608869
0.104616 0.0339919 -0.0222354 0.0137538 0.0261453 2.58764
0.0842649 0.0707066 0.0107734 -0.00851106 0.0137297 -0.668619
0.0516419 0.0971242 -0.0341441 -0.00972738 0.0355027 -2.86405
0.0114981 0.109397 0.0602511 0.0638815 0.0878125 0.814636
-0.0303201 0.105739 -0.0745086 -0.235725 0.24722 -1.87694
-0.0677228 0.0866812 0.0807623 0.52813 0.534269 1.41905
-0.0952628 0.055 0.0701665 -0.747144 0.750431 -1.47716
# x y Real Imaginary Modulus Phase <-> f = 0 s = 9
-0.0784575 -0.0771 0.862132 -0.0578746 0.864073 -0.0670291
-0.0438624 -0.100877 -0.507471 0.15167 0.529652 2.85117
-0.00287946 -0.109962 0.114175 -0.137052 0.178379 -0.876209
0.0385228 -0.103034 0.0161549 0.0590519 0.0612218 1.30376
0.0743149 -0.0811005 -0.0317067 -0.0126065 0.0341209 -2.76316
0.0992844 -0.0473562 0.0277962 -0.0164231 0.0322855 -0.533657
0.109795 -0.00671534 -0.0341007 0.00434328 0.0343762 3.01491
0.104316 0.0349035 0.0106409 0.0110995 0.0153762 0.80649
0.0836447 0.0714393 -0.0156516 0.00955613 0.0183382 2.59345
0.0507923 0.0975712 0.0174464 -0.000575508 0.0174559 -0.0329753
0.010543 0.109494 -0.0305256 -0.0244302 0.0390979 -2.46666
-0.0312417 0.10547 0.043353 0.114224 0.122175 1.20805
-0.0684766 0.0860869 -0.0759988 -0.300399 0.309863 -1.81859
-0.0957391 0.0541666 0.0789023 0.596038 0.601238 1.43918
-0.109059 0.0143579 0.00617692 -0.794655 0.794679 -1.56302
# x y Real Imaginary Modulus Phase <-> f = 0 s = 10
-0.0429804 -0.101256 0.896717 0.128659 0.9059 0.142505
-0.00191976 -0.109983 -0.349196 0.114686 0.367547 2.82426
0.0394205 -0.102694 0.0726115 -0.115552 0.136473 -1.00977
0.0750198 -0.0804489 0.00908709 0.0531356 0.053907 1.40142
0.0996939 -0.046488 -0.0291213 -0.0117609 0.0314065 -2.75776
0.109849 -0.00575696 0.0298147 -0.00312091 0.0299776 -0.104297
0.104007 0.0358125 -0.0258553 -0.000733134 0.0258657 -3.11325
0.0830181 0.0721665 0.015586 0.0143956 0.0212169 0.745716
0.049939 0.0980107 -0.00969431 -0.000879379 0.00973411 -3.05113
0.00958713 0.109581 0.0106669 0.00728081 0.0129148 0.598927
-0.0321609 0.105194 -0.00959586 -0.0404175 0.041541 -1.8039
-0.0692252 0.0854861 0.0241093 0.131041 0.133241 1.38885
-0.0962082 0.0533291 -0.0353539 -0.307052 0.30908 -1.68543
-0.10918 0.0134056 0.0453906 0.602255 0.603963 1.49557
-0.106252 -0.0284701 0.120838 -0.780863 0.790157 -1.41727
# x y Real Imaginary Modulus Phase <-> f = 0 s = 11
-0.000959919 -0.109996 0.766029 0.210314 0.794375 0.267949
0.0403151 -0.102346 -0.31848 0.095691 0.332545 2.84971
0.075719 -0.0797912 0.0980575 -0.118401 0.153734 -0.879108
0.100096 -0.0456163 -0.00686304 0.0730031 0.073325 1.66453
0.109895 -0.00479813 -0.0121264 -0.034097 0.0361892 -1.91249
0.103691 0.0367188 0.00827167 0.0164662 0.018427 1.10528
0.0823851 0.0728882 -0.00760374 -0.00431755 0.00874403 -2.62517
0.0490818 0.0984428 0.0119069 0.00521823 0.0130002 0.413041
0.0086305 0.109661 -0.00445821 -0.00135148 0.00465856 -2.84725
-0.0330776 0.104909 0.00665619 0.00778293 0.010241 0.863274
-0.0699686 0.0848787 -0.0126903 -0.0383743 0.0404182 -1.89017
-0.0966699 0.0524875 0.0272612 0.0991085 0.102789 1.30237
-0.109293 0.0124524 -0.0482902 -0.231682 0.236662 -1.77629
-0.105999 -0.0293962 0.00116731 0.42255 0.422552 1.56803
-0.0872689 -0.0669638 0.296178 -0.680634 0.742283 -1.16036
# x y Real Imaginary Modulus Phase <-> f = 0 s = 12
0.0412067 -0.10199 0.820819 0.199525 0.844721 0.238456
0.0764124 -0.0791274 -0.422838 0.103553 0.435334 2.90142
0.10049 -0.044741 0.172618 -0.154422 0.23161 -0.729817
0.109933 -0.00383894 -0.0711218 0.104316 0.126254 2.1692
0.103366 0.0376222 0.0363965 -0.0507813 0.0624776 -0.94893
0.0817459 0.0736044 -0.0159901 0.0130497 0.0206392 2.45711
0.0482208 0.0988673 -0.000693266 -0.00320992 0.00328394 -1.78351
0.00767321 0.109732 0.00562544 0.00143076 0.00580453 0.249057
-0.0339919 0.104616 -0.00139805 -0.000155187 0.00140664 -3.03104
-0.0707066 0.0842649 0.0111225 0.00701046 0.0131475 0.562396
-0.0971242 0.0516419 -0.0302083 -0.0143074 0.0334252 -2.69927
-0.109397 0.0114981 0.0622229 0.0389523 0.0734096 0.559327
-0.105739 -0.0303201 -0.084214 -0.107503 0.136561 -2.23531
-0.0866812 -0.0677228 0.0258064 0.278492 0.279686 1.4784
-0.055 -0.0952628 0.275544 -0.512136 0.581556 -1.07719
# x y Real Imaginary Modulus Phase <-> f = 0 s = 13
0.0771 -0.0784575 0.949414 0.0349775 0.950058 0.0368245
0.100877 -0.0438624 -0.577103 0.239979 0.62501 2.74751
0.109962 -0.00287946 0.337006 -0.2249 0.405158 -0.588473
0.103034 0.0385228 -0.184393 0.105729 0.212555 2.62097
0.0811005 0.0743149 0.0841522 -0.028671 0.0889023 -0.32837
0.0473562 0.0992844 -0.0276433 0.000415029 0.0276464 3.12658
0.00671534 0.109795 0.0051412 -0.00317427 0.00604218 -0.553129
-0.0349035 0.104316 0.00277078 0.00490269 0.00563148 1.05639
-0.0714393 0.0836447 -0.00206037 0.0100336 0.010243 1.77333
-0.0975712 0.0507923 0.0050839 -0.00688686 0.00856008 -0.934888
-0.109494 0.010543 -0.0291417 0.00923987 0.0305714 2.83455
-0.10547 -0.0312417 0.0532451 -0.00427038 0.0534161 -0.0800309
-0.0860869 -0.0684766 -0.0728208 -0.0660164 0.0982906 -2.40517
-0.0541666 -0.0957391 0.0247112 0.235939 0.23723 1.46644
-0.0143579 -0.109059 0.304926 -0.533236 0.614264 -1.05134
# x y Real Imaginary Modulus Phase <-> f = 0 s = 14
0.101256 -0.0429804 0.743858 -0.0913197 0.749442 -0.122154
0.109983 -0.00191976 -0.574471 0.447738 0.728345 2.47954
0.102694 0.0394205 0.412819 -0.302834 0.511984 -0.632907
0.0804489 0.0750198 -0.210727 0.125527 0.245281 2.60435
0.046488 0.0996939 0.0928326 -0.0444659 0.102932 -0.446699
0.00575696 0.109849 -0.0225304 0.0202225 0.0302749 2.41012
-0.0358125 0.104007 -0.00257615 -0.0109134 0.0112134 -1.80261
-0.0721665 0.0830181 0.00565716 0.0107791 0.0121734 1.08748
-0.0980107 0.049939 -0.012147 0.0170753 0.0209551 2.18912
-0.109581 0.00958713 0.00172471 -0.0256272 0.0256852 -1.5036
-0.105194 -0.0321609 -0.0149202 0.0244011 0.0286012 2.1196
-0.0854861 -0.0692252 0.0388967 -0.00711173 0.0395415 -0.180839
-0.0533291 -0.0962082 -0.0701667 -0.0773389 0.104425 -2.30761
-0.0134056 -0.10918 0.0028196 0.308124 0.308137 1.56165
0.0284701 -0.106252 0.313859 -0.727768 0.792561 -1.16363
# x y Real Imaginary Modulus Phase <-> f = 0 s = 15
0.109996 -0.000959919 0.659891 0.0140311 0.660041 0.0212596
0.102346 0.0403151 -0.529445 0.440331 0.688624 2.44783
0.0797912 0.075719 0.351326 -0.285067 0.452431 -0.681656
0.0456163 0.100096 -0.156679 0.13636 0.207707 2.42542
0.00479813 0.109895 0.0399952 -0.0543183 0.0674544 -0.936113
-0.0367188 0.103691 -7.86371e-05 0.0230279 0.0230281 1.57421
-0.0728882 0.0823851 -0.016847 -0.00584328 0.0178316 -2.80773
-0.0984428 0.0490818 0.00495311 0.00836119 0.00971817 1.03599
-0.109661 0.0086305 -0.0189444 0.0189821 0.0268181 2.3552
-0.104909 -0.0330776 -4.32719e-05 -0.0350132 0.0350132 -1.57203
-0.0848787 -0.0699686 -0.0135725 0.0249095 0.0283671 2.06969
-0.0524875 -0.0966699 0.0494786 0.00984884 0.0504493 0.196484
-0.0124524 -0.109293 -0.0784869 -0.144384 0.164338 -2.06871
0.0293962 -0.105999 0.00252233 0.479161 0.479168 1.56553
0.0669638 -0.0872689 0.074684 -0.784801 0.788346 -1.47592
