# x y Real Imaginary Modulus Phase <-> f = 0 s = 0
0.10199 0.0412067 0.734731 -0.0353584 0.735581 -0.0480872
0.0791274 0.0764124 -0.561853 0.328003 0.650588 2.61318
0.044741 0.10049 0.300893 -0.227707 0.377342 -0.647819
0.00383894 0.109933 -0.0956156 0.101095 0.139149 2.32835
-0.0376222 0.103366 0.0120049 -0.0484567 0.0499217 -1.32794
-0.0736044 0.0817459 -0.000891861 0.0163255 0.0163498 1.62537
-0.0988673 0.0482208 -0.0234415 0.00125998 0.0234754 3.08789
-0.109732 0.00767321 0.0011074 0.00891096 0.00897951 1.44716
-0.104616 -0.0339919 -0.0217236 0.0185912 0.0285928 2.43374
-0.0842649 -0.0707066 0.0110778 -0.0282375 0.0303327 -1.19694
-0.0516419 -0.0971242 -0.0237756 0.0115784 0.026445 2.68841
-0.0114981 -0.109397 0.0524687 0.0708488 0.0881619 0.933356
0.0303201 -0.105739 -0.0515943 -0.282116 0.286795 -1.75168
0.0677228 -0.0866812 0.125809 0.635493 0.647827 1.37535
0.0952628 -0.055 -0.0166408 -0.636078 0.636296 -1.59695
# x y Real Imaginary Modulus Phase <-> f = 0 s = 1
0.0784575 0.0771 0.820326 -0.0840736 0.824623 -0.102131
0.0438624 0.100877 -0.573211 0.2653 0.631629 2.70812
0.00287946 0.109962 0.235491 -0.173801 0.292682 -0.635801
-0.0385228 0.103034 -0.055006 0.104575 0.118159 2.05502
-0.0743149 0.0811005 -0.00402723 -0.0402364 0.0404374 -1.67055
-0.0992844 0.0473562 0.000372774 0.0143033 0.0143082 1.54474
-0.109795 0.00671534 -0.0261911 0.00326275 0.0263935 3.01766
-0.104316 -0.0349035 0.00442277 0.00843081 0.00952048 1.08767
-0.0836447 -0.0714393 -0.0176794 0.0171327 0.0246189 2.3719
-0.0507923 -0.0975712 0.0123362 -0.00518624 0.013382 -0.397975
-0.010543 -0.109494 -0.018232 -0.0353004 0.0397306 -2.04754
0.0312417 -0.10547 0.0117389 0.14026 0.140751 1.4873
0.0684766 -0.0860869 -0.0567283 -0.390975 0.395069 -1.71489
0.0957391 -0.0541666 0.190161 0.632439 0.660409 1.27872
0.109059 -0.0143579 0.0341236 -0.686245 0.687092 -1.52111
# x y Real Imaginary Modulus Phase <-> f = 0 s = 2
0.0429804 0.101256 0.873164 -0.0836123 0.877158 -0.0954667
0.00191976 0.109983 -0.525975 0.183093 0.556931 2.80661
-0.0394205 0.102694 0.187574 -0.177575 0.258296 -0.758024
-0.0750198 0.0804489 -0.0386078 0.0959491 0.103425 1.95335
-0.0996939 0.046488 0.00261571 -0.0484672 0.0485377 -1.51688
-0.109849 0.00575696 0.00576403 0.00904933 0.0107291 1.00364
-0.104007 -0.0358125 -0.013713 -0.00211256 0.0138748 -2.98874
-0.0830181 -0.0721665 0.0106386 0.0130666 0.0168498 0.887466
-0.049939 -0.0980107 -0.00389492 0.00671965 0.00776685 2.0961
-0.00958713 -0.109581 0.004051 0.00826275 0.00920238 1.11496
0.0321609 -0.105194 0.00872268 -0.0540556 0.0547548 -1.41081
0.0692252 -0.0854861 0.00879375 0.176566 0.176785 1.52103
0.0962082 -0.0533291 -0.0873131 -0.359398 0.369852 -1.80912
0.10918 -0.0134056 0.102059 0.567324 0.576431 1.3928
0.106252 0.0284701 0.102546 -0.771196 0.777984 -1.4386
# x y Real Imaginary Modulus Phase <-> f = 0 s = 3
0.000959919 0.109996 0.904488 0.00762027 0.90452 0.00842476
-0.0403151 0.102346 -0.48312 0.20034 0.523011 2.7485
-0.075719 0.0797912 0.175173 -0.167436 0.242323 -0.76282
-0.100096 0.0456163 -0.0477077 0.0993998 0.110256 2.01828
-0.109895 0.00479813 0.0019052 -0.0457519 0.0457916 -1.52918
-0.103691 -0.0367188 0.00597414 0.0200685 0.0209388 1.28146
-0.0823851 -0.0728882 -0.00801863 -0.0081241 0.0114149 -2.34966
-0.0490818 -0.0984428 0.011643 0.00338445 0.012125 0.282889
-0.0086305 -0.109661 -0.00687061 -0.000688913 0.00690506 -3.04166
0.0330776 -0.104909 -0.00304854 0.011688 0.0120791 1.82594
0.0699686 -0.0848787 0.0071099 -0.0668414 0.0672185 -1.46483
0.0966699 -0.0524875 0.0417267 0.15532 0.160828 1.30834
0.109293 -0.0124524 -0.0820183 -0.288438 0.299873 -1.84784
0.105999 0.0293962 0.0482187 0.527693 0.529891 1.47967
0.0872689 0.0669638 0.148117 -0.794082 0.807778 -1.38639
# x y Real Imaginary Modulus Phase <-> f = 0 s = 4
-0.0412067 0.10199 0.881858 -0.013562 0.881962 -0.0153776
-0.0764124 0.0791274 -0.479897 0.176926 0.511472 2.78838
-0.10049 0.044741 0.199817 -0.170794 0.262863 -0.707246
-0.109933 0.00383894 -0.0630278 0.10379 0.121428 2.11654
-0.103366 -0.0376222 0.0232068 -0.0512576 0.0562663 -1.14566
-0.0817459 -0.0736044 -0.00696679 0.0155095 0.0170024 1.99298
-0.0482208 -0.0988673 -0.0012695 -0.00267321 0.00295934 -2.01416
-0.00767321 -0.109732 0.00977714 -0.00235222 0.0100561 -0.236097
0.0339919 -0.104616 -0.00556458 -0.00200982 0.00591641 -2.79499
0.0707066 -0.0842649 0.00803945 0.0188812 0.0205215 1.16826
0.0971242 -0.0516419 -0.0276548 -0.0406877 0.0491963 -2.16776
0.109397 -0.0114981 0.0490536 0.0937064 0.105769 1.08854
0.105739 0.0303201 -0.0668341 -0.212666 0.222921 -1.87529
0.0866812 0.0677228 0.0102401 0.442034 0.442152 1.54763
0.055 0.0952628 0.230201 -0.742429 0.777299 -1.27013
# x y Real Imaginary Modulus Phase <-> f = 0 s = 5
-0.0771 0.0784575 0.907472 -0.0203785 0.907701 -0.0224525
-0.100877 0.0438624 -0.554879 0.224138 0.598439 2.75769
-0.109962 0.00287946 0.263937 -0.209289 0.336845 -0.670427
-0.103034 -0.0385228 -0.126977 0.118539 0.173709 2.39055
-0.0811005 -0.0743149 0.0573588 -0.0381842 0.0689062 -0.587338
-0.0473562 -0.0992844 -0.0129692 0.0111851 0.0171262 2.42993
-0.00671534 -0.109795 0.00108817 -0.00394993 0.00409708 -1.30197
0.0349035 -0.104316 0.0118032 0.00604155 0.0132595 0.473089
0.0714393 -0.0836447 -0.0122374 0.000154351 0.0122384 3.12898
0.0975712 -0.0507923 0.0189059 0.00338078 0.0192058 0.176951
0.109494 -0.010543 -0.030702 -0.02091 0.0371462 -2.54369
0.10547 0.0312417 0.0591583 0.0645483 0.0875568 0.828941
0.0860869 0.0684766 -0.0829938 -0.174369 0.193113 -2.01503
0.0541666 0.0957391 0.0379314 0.408985 0.41074 1.47832
0.0143579 0.109059 0.199314 -0.725564 0.752442 -1.30271
# x y Real Imaginary Modulus Phase <-> f = 0 s = 6
-0.101256 0.0429804 0.84814 -0.0475874 0.849474 -0.0560491
-0.109983 0.00191976 -0.55447 0.311492 0.635975 2.62975
-0.102694 -0.0394205 0.320735 -0.238197 0.39951 -0.638786
-0.0804489 -0.0750198 -0.155286 0.0987736 0.184038 2.57507
-0.046488 -0.0996939 0.0507114 -0.0362542 0.0623379 -0.620665
-0.00575696 -0.109849 0.00287643 0.0226227 0.0228049 1.44433
0.0358125 -0.104007 -0.00726781 0.00577628 0.00928367 2.47005
0.0721665 -0.0830181 0.0236087 0.00547672 0.0242357 0.227947
0.0980107 -0.049939 -0.0259251 0.00956413 0.027633 2.78817
0.109581 -0.00958713 0.00659327 -0.00841356 0.0106892 -0.906106
0.105194 0.0321609 -0.0311775 -0.0140208 0.034185 -2.71898
0.0854861 0.0692252 0.0650922 0.0511116 0.082761 0.665662
0.0533291 0.0962082 -0.0814912 -0.150071 0.170769 -2.06826
0.0134056 0.10918 0.0281151 0.393385 0.394389 1.49945
-0.0284701 0.106252 0.23021 -0.748724 0.783316 -1.2725
# x y Real Imaginary Modulus Phase <-> f = 0 s = 7
-0.109996 0.000959919 0.772544 -0.0835015 0.777044 -0.107668
-0.102346 -0.0403151 -0.612058 0.357146 0.708639 2.61338
-0.0797912 -0.075719 0.353552 -0.201899 0.407139 -0.518867
-0.0456163 -0.100096 -0.123031 0.0870949 0.150739 2.52558
-0.00479813 -0.109895 0.00143107 -0.0404008 0.0404262 -1.53539
0.0367188 -0.103691 0.0109044 0.0157983 0.0191962 0.966661
0.0728882 -0.0823851 -0.0187217 0.00543498 0.0194946 2.85905
0.0984428 -0.0490818 0.010473 -3.01305e-06 0.010473 -0.000287696
0.109661 -0.0086305 -0.0249274 0.0129342 0.0280832 2.66296
0.104909 0.0330776 0.00174516 -0.00537731 0.00565341 -1.25698
0.0848787 0.0699686 -0.0346938 -0.0136563 0.0372848 -2.7666
0.0524875 0.0966699 0.0595637 0.0524949 0.0793949 0.722401
0.0124524 0.109293 -0.0728016 -0.186573 0.200274 -1.94283
-0.0293962 0.105999 0.0134639 0.466737 0.466931 1.54196
-0.0669638 0.0872689 0.156204 -0.773233 0.788853 -1.37146
# x y Real Imaginary Modulus Phase <-> f = 0 s = 8
-0.10199 -0.0412067 0.728755 -0.145052 0.74305 -0.196473
-0.0791274 -0.0764124 -0.622368 0.332506 0.705622 2.65091
-0.044741 -0.10049 0.271895 -0.176649 0.32424 -0.57616
-0.00383894 -0.109933 -0.0198905 0.0967105 0.0987348 1.77364
0.0376222 -0.103366 -0.0262802 -0.0259278 0.0369175 -2.36294
0.0736044 -0.0817459 0.029007 -0.00685273 0.0298055 -0.23199
0.0988673 -0.0482208 -0.029113 0.00519173 0.0295723 2.96512
0.109732 -0.00767321 0.0120584 0.00635506 0.0136305 0.485033
0.104616 0.0339919 -0.0205943 0.011165 0.0234261 2.6448
0.0842649 0.0707066 0.00775514 -0.00972329 0.0124372 -0.89753
0.0516419 0.0971242 -0.0340886 -0.0122494 0.0362226 -2.79662
0.0114981 0.109397 0.0526672 0.0591985 0.0792357 0.843718
-0.0303201 0.105739 -0.0861991 -0.232687 0.24814 -1.92557
-0.0677228 0.0866812 0.0780242 0.527692 0.533429 1.424
-0.0952628 0.055 0.0731558 -0.742663 0.746257 -1.47261
# x y Real Imaginary Modulus Phase <-> f = 0 s = 9
-0.0784575 -0.0771 0.861474 -0.0633326 0.863799 -0.0733845
-0.0438624 -0.100877 -0.49954 0.152977 0.522438 2.84443
-0.00287946 -0.109962 0.112468 -0.130054 0.171939 -0.857788
0.0385228 -0.103034 0.0204903 0.0543627 0.058096 1.21035
0.0743149 -0.0811005 -0.0291076 -0.0154112 0.0329356 -2.65466
0.0992844 -0.0473562 0.0266051 -0.0177531 0.0319844 -0.588429
0.109795 -0.00671534 -0.0368897 -0.00532027 0.0372714 -2.99836
0.104316 0.0349035 0.0104025 0.0149374 0.0182026 0.962487
0.0836447 0.0714393 -0.0177926 0.00113499 0.0178288 3.07789
0.0507923 0.0975712 0.0145648 0.000492437 0.0145731 0.0337971
0.010543 0.109494 -0.028744 -0.0280898 0.0401902 -2.36771
-0.0312417 0.10547 0.0479681 0.119934 0.129171 1.19033
-0.0684766 0.0860869 -0.0755389 -0.303164 0.312433 -1.81499
-0.0957391 0.0541666 0.082589 0.587256 0.593035 1.43108
-0.109059 0.0143579 0.00784796 -0.800883 0.800922 -1.561
# x y Real Imaginary Modulus Phase <-> f = 0 s = 10
-0.0429804 -0.101256 0.901409 0.123935 0.909889 0.136633
-0.00191976 -0.109983 -0.346879 0.113596 0.365005 2.82512
0.0394205 -0.102694 0.0718305 -0.11492 0.135522 -1.01216
0.0750198 -0.0804489 0.00692363 0.0475213 0.0480231 1.42612
0.0996939 -0.046488 -0.0246636 -0.0177734 0.0304005 -2.51715
0.109849 -0.00575696 0.0379069 -0.0077448 0.03869 -0.201537
0.104007 0.0358125 -0.0317308 -0.00114529 0.0317515 -3.10551
0.0830181 0.0721665 0.0100879 0.00396712 0.0108399 0.374678
0.049939 0.0980107 -0.0040431 0.00723261 0.00828597 2.08053
0.00958713 0.109581 0.00988441 0.00362493 0.0105281 0.351502
-0.0321609 0.105194 -0.0136738 -0.0405551 0.0427982 -1.89599
-0.0692252 0.0854861 0.0207331 0.135435 0.137013 1.41889
-0.0962082 0.0533291 -0.0328232 -0.307312 0.30906 -1.6772
-0.10918 0.0134056 0.0538955 0.611839 0.614208 1.48294
-0.106252 -0.0284701 0.121384 -0.778313 0.787721 -1.41608
# x y Real Imaginary Modulus Phase <-> f = 0 s = 11
-0.000959919 -0.109996 0.763201 0.204727 0.790183 0.262078
0.0403151 -0.102346 -0.329469 0.0912865 0.341882 2.8713
0.075719 -0.0797912 0.0991629 -0.114864 0.151747 -0.858627
0.100096 -0.0456163 -0.00599153 0.0640704 0.0643499 1.66404
0.109895 -0.00479813 -0.0205591 -0.0328905 0.0387874 -2.12945
0.103691 0.0367188 0.0112381 0.0152644 0.0189552 0.936166
0.0823851 0.0728882 -0.00670188 -0.00791355 0.0103701 -2.27348
0.0490818 0.0984428 0.0127384 0.00203694 0.0129002 0.158563
0.0086305 0.109661 -0.00454622 0.000246434 0.00455289 3.08744
-0.0330776 0.104909 0.0113323 0.0174135 0.0207762 0.993875
-0.0699686 0.0848787 -0.0177915 -0.0326989 0.0372257 -2.0691
-0.0966699 0.0524875 0.0252776 0.0879062 0.0914683 1.2908
-0.109293 0.0124524 -0.0462394 -0.230695 0.235283 -1.76861
-0.105999 -0.0293962 0.0028789 0.425735 0.425745 1.56403
-0.0872689 -0.0669638 0.290852 -0.67329 0.733426 -1.16302
# x y Real Imaginary Modulus Phase <-> f = 0 s = 12
0.0412067 -0.10199 0.819474 0.197827 0.843014 0.236876
0.0764124 -0.0791274 -0.42569 0.105556 0.438582 2.89853
0.10049 -0.044741 0.172575 -0.152803 0.230502 -0.724706
0.109933 -0.00383894 -0.0718857 0.101571 0.124435 2.1867
0.103366 0.0376222 0.0368126 -0.0524822 0.0641057 -0.959111
0.0817459 0.0736044 -0.0128138 0.0098726 0.016176 2.48512
0.0482208 0.0988673 -0.000398663 -0.00269153 0.00272089 -1.71784
0.00767321 0.109732 0.00496658 0.00358161 0.0061233 0.624775
-0.0339919 0.104616 -0.00565434 0.000603611 0.00568646 3.03524
-0.0707066 0.0842649 0.0154662 3.90643e-06 0.0154662 0.000252578
-0.0971242 0.0516419 -0.0278823 -0.0158535 0.0320743 -2.62459
-0.109397 0.0114981 0.0566973 0.0399222 0.0693424 0.613491
-0.105739 -0.0303201 -0.0779975 -0.106461 0.131976 -2.20309
-0.0866812 -0.0677228 0.0290484 0.279684 0.281188 1.46731
-0.055 -0.0952628 0.277026 -0.514163 0.584043 -1.0766
# x y Real Imaginary Modulus Phase <-> f = 0 s = 13
0.0771 -0.0784575 0.951512 0.042457 0.952458 0.044591
0.100877 -0.0438624 -0.582841 0.242124 0.631132 2.74786
0.109962 -0.00287946 0.332779 -0.228222 0.403519 -0.601137
0.103034 0.0385228 -0.187247 0.101227 0.212858 2.64599
0.0811005 0.0743149 0.0818137 -0.0195483 0.0841167 -0.23454
0.0473562 0.0992844 -0.0282821 -0.00348541 0.0284961 -3.01897
0.00671534 0.109795 0.0107454 -0.00600905 0.0123115 -0.509893
-0.0349035 0.104316 0.00716635 0.00629386 0.00953777 0.720669
-0.0714393 0.0836447 -0.00353529 0.00860519 0.00930309 1.96061
-0.0975712 0.0507923 0.00749805 -0.00296116 0.00806159 -0.376123
-0.109494 0.010543 -0.0301461 0.0125499 0.0326541 2.74711
-0.10547 -0.0312417 0.050022 -0.00845193 0.050731 -0.167383
-0.0860869 -0.0684766 -0.0681285 -0.0705305 0.0980614 -2.33887
-0.0541666 -0.0957391 0.0243318 0.234309 0.235569 1.46732
-0.0143579 -0.109059 0.300693 -0.537963 0.616296 -1.06111
# x y Real Imaginary Modulus Phase <-> f = 0 s = 14
0.101256 -0.0429804 0.750028 -0.0918328 0.755629 -0.121833
0.109983 -0.00191976 -0.571529 0.454714 0.73035 2.46953
0.102694 0.0394205 0.415239 -0.299604 0.512041 -0.625024
0.0804489 0.0750198 -0.213161 0.127763 0.248518 2.60163
0.046488 0.0996939 0.0917461 -0.0443437 0.1019 -0.450224
0.00575696 0.109849 -0.0193305 0.0201593 0.0279297 2.33521
-0.0358125 0.104007 -0.00690975 -0.0133575 0.0150389 -2.04818
-0.0721665 0.0830181 0.00576997 0.00869134 0.0104323 0.984728
-0.0980107 0.049939 -0.00626811 0.0227139 0.023563 1.84005
-0.109581 0.00958713 0.00178581 -0.0271769 0.0272355 -1.50518
-0.105194 -0.0321609 -0.00838322 0.0211318 0.0227339 1.94846
-0.0854861 -0.0692252 0.0408223 -0.00434141 0.0410525 -0.105951
-0.0533291 -0.0962082 -0.0635501 -0.0744722 0.0979016 -2.27723
-0.0134056 -0.10918 0.00825734 0.307603 0.307713 1.54396
0.0284701 -0.106252 0.31524 -0.724174 0.789813 -1.16023
# x y Real Imaginary Modulus Phase <-> f = 0 s = 15
0.109996 -0.000959919 0.663289 0.0157949 0.663477 0.0238085
0.102346 0.0403151 -0.535378 0.437535 0.691424 2.45642
0.0797912 0.075719 0.352753 -0.281677 0.451416 -0.673833
0.0456163 0.100096 -0.154527 0.135603 0.205588 2.42133
0.00479813 0.109895 0.039019 -0.0485107 0.0622557 -0.893415
-0.0367188 0.103691 -0.0035131 0.0180333 0.0183723 1.7632
-0.0728882 0.0823851 -0.0230917 -0.00517873 0.0236653 -2.92097
-0.0984428 0.0490818 0.00740941 0.00444491 0.00864041 0.540346
-0.109661 0.0086305 -0.0197595 0.0269047 0.0333812 2.20426
-0.104909 -0.0330776 0.00231894 -0.0360318 0.0361064 -1.50653
-0.0848787 -0.0699686 -0.0115708 0.0262967 0.0287298 1.98531
-0.0524875 -0.0966699 0.0475575 0.0136974 0.0494907 0.280428
-0.0124524 -0.109293 -0.0746469 -0.146693 0.164593 -2.04151
0.0293962 -0.105999 0.00434277 0.480579 0.480599 1.56176
0.0669638 -0.0872689 0.0778978 -0.782239 0.786109 -1.47154
