# x y Real Imaginary Modulus Phase <-> f = 0 s = 0
0.10199 0.0412067 0.732246 -0.0360361 0.733132 -0.0491735
0.0791274 0.0764124 -0.569166 0.329666 0.657745 2.6166
0.044741 0.10049 0.296842 -0.22799 0.374292 -0.654954
0.00383894 0.109933 -0.0963937 0.106623 0.143736 2.30585
-0.0376222 0.103366 0.0141257 -0.0498602 0.0518226 -1.29472
-0.0736044 0.0817459 0.0047114 0.0136743 0.0144632 1.23899
-0.0988673 0.0482208 -0.0246596 0.000870021 0.024675 3.10633
-0.109732 0.00767321 0.00335913 0.00497094 0.0059995 0.976529
-0.104616 -0.0339919 -0.0194659 0.01985 0.0278018 2.34643
-0.0842649 -0.0707066 0.00968858 -0.0283201 0.0299316 -1.24117
-0.0516419 -0.0971242 -0.0264418 0.00931897 0.0280359 2.80275
-0.0114981 -0.109397 0.0569862 0.0665087 0.0875833 0.862355
0.0303201 -0.105739 -0.0492744 -0.280926 0.285215 -1.74443
0.0677228 -0.0866812 0.128923 0.640891 0.65373 1.37228
0.0952628 -0.055 -0.0157356 -0.636452 0.636646 -1.59552
# x y Real Imaginary Modulus Phase <-> f = 0 s = 1
0.0784575 0.0771 0.81699 -0.0821858 0.821113 -0.100259
0.0438624 0.100877 -0.576328 0.268929 0.635984 2.705
0.00287946 0.109962 0.236758 -0.174636 0.294197 -0.635527
-0.0385228 0.103034 -0.0569975 0.102191 0.117011 2.07958
-0.0743149 0.0811005 0.00208134 -0.0434719 0.0435217 -1.52296
-0.0992844 0.0473562 0.00220033 0.00915 0.00941085 1.3348
-0.109795 0.00671534 -0.0238043 0.00177773 0.0238706 3.06705
-0.104316 -0.0349035 0.0073711 0.0104594 0.0127958 0.956902
-0.0836447 -0.0714393 -0.0171422 0.0177628 0.0246855 2.33842
-0.0507923 -0.0975712 0.0124225 -0.00547695 0.0135763 -0.415252
-0.010543 -0.109494 -0.0233595 -0.0336575 0.0409694 -2.17751
0.0312417 -0.10547 0.0122182 0.140273 0.140805 1.48391
0.0684766 -0.0860869 -0.0548436 -0.393126 0.396933 -1.70941
0.0957391 -0.0541666 0.190085 0.631829 0.659803 1.27856
0.109059 -0.0143579 0.035665 -0.68532 0.686247 -1.5188
# x y Real Imaginary Modulus Phase <-> f = 0 s = 2
0.0429804 0.101256 0.8756 -0.0809304 0.879333 -0.0921666
0.00191976 0.109983 -0.527579 0.185741 0.55932 2.80308
-0.0394205 0.102694 0.188452 -0.176142 0.257954 -0.751647
-0.0750198 0.0804489 -0.040826 0.0985544 0.106676 1.96353
-0.0996939 0.046488 0.00223163 -0.0452855 0.0453404 -1.52156
-0.109849 0.00575696 0.00837943 0.00996163 0.0130173 0.87145
-0.104007 -0.0358125 -0.014292 -0.00397193 0.0148337 -2.87052
-0.0830181 -0.0721665 0.0129815 0.0115549 0.0173791 0.727322
-0.049939 -0.0980107 -0.00781503 0.00653392 0.0101866 2.44524
-0.00958713 -0.109581 0.00552528 0.00965592 0.011125 1.05106
0.0321609 -0.105194 0.00647909 -0.0544086 0.054793 -1.45227
0.0692252 -0.0854861 0.00728164 0.178151 0.1783 1.52995
0.0962082 -0.0533291 -0.0883893 -0.360207 0.370893 -1.81143
0.10918 -0.0134056 0.10349 0.568592 0.577933 1.39076
0.106252 0.0284701 0.100548 -0.773902 0.780406 -1.4416
# x y Real Imaginary Modulus Phase <-> f = 0 s = 3
0.000959919 0.109996 0.90422 0.00737254 0.90425 0.0081533
-0.0403151 0.102346 -0.482689 0.198461 0.521896 2.7515
-0.075719 0.0797912 0.174469 -0.167143 0.241612 -0.763956
-0.100096 0.0456163 -0.0466801 0.0998246 0.1102 2.00821
-0.109895 0.00479813 0.00107947 -0.0454198 0.0454327 -1.54703
-0.103691 -0.0367188 0.00569759 0.0198476 0.0206492 1.29125
-0.0823851 -0.0728882 -0.00705849 -0.00856558 0.0110992 -2.26003
-0.0490818 -0.0984428 0.0112461 0.00399633 0.0119351 0.341435
-0.0086305 -0.109661 -0.00627676 -0.000421589 0.0062909 -3.07453
0.0330776 -0.104909 -0.00332034 0.0108114 0.0113098 1.86877
0.0699686 -0.0848787 0.00616567 -0.0675586 0.0678393 -1.47978
0.0966699 -0.0524875 0.0413037 0.155027 0.160435 1.31042
0.109293 -0.0124524 -0.0807109 -0.287998 0.299094 -1.84404
0.105999 0.0293962 0.0466451 0.527513 0.529571 1.4826
0.0872689 0.0669638 0.147524 -0.79206 0.805682 -1.38665
# x y Real Imaginary Modulus Phase <-> f = 0 s = 4
-0.0412067 0.10199 0.881821 -0.0139213 0.88193 -0.0157857
-0.0764124 0.0791274 -0.479314 0.175842 0.510551 2.78998
-0.10049 0.044741 0.201131 -0.169831 0.263242 -0.701221
-0.109933 0.00383894 -0.0641924 0.103458 0.121755 2.12613
-0.103366 -0.0376222 0.0228883 -0.0495773 0.0546057 -1.13828
-0.0817459 -0.0736044 -0.00697281 0.0160794 0.0175262 1.97997
-0.0482208 -0.0988673 -0.00100259 -0.00340806 0.00355247 -1.85691
-0.00767321 -0.109732 0.00930576 -0.00034396 0.00931211 -0.0369452
0.0339919 -0.104616 -0.00589483 -0.00123057 0.0060219 -2.93579
0.0707066 -0.0842649 0.00757513 0.0189738 0.0204301 1.19094
0.0971242 -0.0516419 -0.027174 -0.0422406 0.0502264 -2.14246
0.109397 -0.0114981 0.049459 0.0933298 0.105625 1.08349
0.105739 0.0303201 -0.0671753 -0.213261 0.22359 -1.87595
0.0866812 0.0677228 0.0106582 0.442517 0.442646 1.54672
0.055 0.0952628 0.228887 -0.741883 0.776389 -1.27154
# x y Real Imaginary Modulus Phase <-> f = 0 s = 5
-0.0771 0.0784575 0.906976 -0.0231191 0.907271 -0.0254848
-0.100877 0.0438624 -0.557651 0.222521 0.600408 2.76192
-0.109962 0.00287946 0.265473 -0.210005 0.338493 -0.669266
-0.103034 -0.0385228 -0.128754 0.118829 0.175208 2.39626
-0.0811005 -0.0743149 0.0567014 -0.0388972 0.0687608 -0.601269
-0.0473562 -0.0992844 -0.0119987 0.00929871 0.0151801 2.4823
-0.00671534 -0.109795 -0.00180319 -0.00367295 0.0040917 -2.02717
0.0349035 -0.104316 0.0115056 0.00496332 0.0125305 0.407264
0.0714393 -0.0836447 -0.0148663 -0.00277028 0.0151222 -2.95736
0.0975712 -0.0507923 0.0190638 0.00563801 0.01988 0.287548
0.109494 -0.010543 -0.0303347 -0.0200749 0.0363757 -2.55698
0.10547 0.0312417 0.0601936 0.0627241 0.0869344 0.805982
0.0860869 0.0684766 -0.0852378 -0.175365 0.194983 -2.02323
0.0541666 0.0957391 0.0385546 0.406765 0.408588 1.4763
0.0143579 0.109059 0.197265 -0.727241 0.75352 -1.30592
# x y Real Imaginary Modulus Phase <-> f = 0 s = 6
-0.101256 0.0429804 0.844706 -0.0459001 0.845953 -0.0542852
-0.109983 0.00191976 -0.555559 0.308391 0.635414 2.63484
-0.102694 -0.0394205 0.322274 -0.239893 0.401758 -0.639892
-0.0804489 -0.0750198 -0.153966 0.103946 0.185769 2.54776
-0.046488 -0.0996939 0.0441245 -0.0393972 0.0591533 -0.728858
-0.00575696 -0.109849 -0.000843701 0.0179717 0.0179915 1.61771
0.0358125 -0.104007 -0.00920571 0.00109824 0.00927099 3.02285
0.0721665 -0.0830181 0.0151477 0.0133868 0.0202153 0.723765
0.0980107 -0.049939 -0.0214155 0.00854179 0.0230561 2.76207
0.109581 -0.00958713 0.00888165 -0.00472063 0.0100582 -0.488532
0.105194 0.0321609 -0.0324126 -0.0119261 0.0345371 -2.78902
0.0854861 0.0692252 0.0610404 0.0503772 0.0791441 0.689984
0.0533291 0.0962082 -0.0864827 -0.157396 0.179591 -2.07322
0.0134056 0.10918 0.0301407 0.392821 0.393975 1.49422
-0.0284701 0.106252 0.233893 -0.749521 0.785168 -1.26832
# x y Real Imaginary Modulus Phase <-> f = 0 s = 7
-0.109996 0.000959919 0.765335 -0.0806857 0.769576 -0.105037
-0.102346 -0.0403151 -0.612811 0.355889 0.708656 2.61545
-0.0797912 -0.075719 0.354557 -0.206621 0.410369 -0.527646
-0.0456163 -0.100096 -0.118896 0.0879607 0.147896 2.50464
-0.00479813 -0.109895 0.0071022 -0.0419084 0.0425059 -1.40292
0.0367188 -0.103691 0.00770807 0.00946736 0.0122084 0.887473
0.0728882 -0.0823851 -0.0255262 0.00307006 0.0257102 3.0219
0.0984428 -0.0490818 0.00981883 0.00726748 0.0122158 0.637172
0.109661 -0.0086305 -0.0229744 0.0115308 0.0257057 2.67643
0.104909 0.0330776 0.00401765 -0.00817375 0.00910778 -1.11395
0.0848787 0.0699686 -0.0319723 -0.0112409 0.0338908 -2.80351
0.0524875 0.0966699 0.0583578 0.0523911 0.0784248 0.731574
0.0124524 0.109293 -0.0792342 -0.177474 0.194359 -1.9907
-0.0293962 0.105999 0.0112169 0.465302 0.465437 1.54669
-0.0669638 0.0872689 0.151413 -0.767794 0.782582 -1.37609
# x y Real Imaginary Modulus Phase <-> f = 0 s = 8
-0.10199 -0.0412067 0.725754 -0.147547 0.740601 -0.200568
-0.0791274 -0.0764124 -0.62248 0.327185 0.703229 2.65766
-0.044741 -0.10049 0.25995 -0.172963 0.312234 -0.587103
-0.00383894 -0.109933 -0.0291908 0.0919999 0.0965199 1.87804
0.0376222 -0.103366 -0.0257549 -0.0314596 0.0406574 -2.25681
0.0736044 -0.0817459 0.0243082 -0.00457832 0.0247356 -0.186164
0.0988673 -0.0482208 -0.0345055 0.00480193 0.034838 3.00332
0.109732 -0.00767321 0.0075185 0.00655406 0.00997414 0.716972
0.104616 0.0339919 -0.0223996 0.0130956 0.0259468 2.61255
0.0842649 0.0707066 0.010054 -0.00830933 0.0130433 -0.690676
0.0516419 0.0971242 -0.0342742 -0.00879702 0.0353852 -2.89035
0.0114981 0.109397 0.0601844 0.0649108 0.0885188 0.823162
-0.0303201 0.105739 -0.0741609 -0.237031 0.248362 -1.87402
-0.0677228 0.0866812 0.0794337 0.526589 0.532546 1.42108
-0.0952628 0.055 0.0691317 -0.747444 0.750635 -1.47857
# x y Real Imaginary Modulus Phase <-> f = 0 s = 9
-0.0784575 -0.0771 0.863132 -0.0595301 0.865183 -0.0688608
-0.0438624 -0.100877 -0.506823 0.150014 0.528558 2.85382
-0.00287946 -0.109962 0.111813 -0.137398 0.177145 -0.887701
0.0385228 -0.103034 0.0158794 0.0584228 0.0605424 1.30541
0.0743149 -0.0811005 -0.0323585 -0.0136247 0.0351099 -2.74307
0.0992844 -0.0473562 0.0320083 -0.0155144 0.0355701 -0.451331
0.109795 -0.00671534 -0.0340857 0.00354931 0.0342699 3.03784
0.104316 0.0349035 0.0116486 0.0145909 0.0186704 0.897066
0.0836447 0.0714393 -0.0153593 0.010909 0.0188392 2.52402
0.0507923 0.0975712 0.0181695 -0.00265901 0.018363 -0.145313
0.010543 0.109494 -0.0302308 -0.0256445 0.0396427 -2.43809
-0.0312417 0.10547 0.0445866 0.11259 0.121097 1.19373
-0.0684766 0.0860869 -0.0767038 -0.3008 0.310425 -1.82048
-0.0957391 0.0541666 0.0811349 0.5969 0.602389 1.4357
-0.109059 0.0143579 0.00700035 -0.795501 0.795532 -1.562
# x y Real Imaginary Modulus Phase <-> f = 0 s = 10
-0.0429804 -0.101256 0.896565 0.128758 0.905763 0.142638
-0.00191976 -0.109983 -0.350218 0.11455 0.368475 2.82548
0.0394205 -0.102694 0.0726996 -0.114352 0.135505 -1.0045
0.0750198 -0.0804489 0.00957023 0.0524547 0.0533206 1.39033
0.0996939 -0.046488 -0.0279595 -0.00956297 0.0295497 -2.81204
0.109849 -0.00575696 0.0296659 -0.00228796 0.029754 -0.0769718
0.104007 0.0358125 -0.0250983 -0.00247508 0.02522 -3.04329
0.0830181 0.0721665 0.0156509 0.0152624 0.0218607 0.772832
0.049939 0.0980107 -0.0102947 -0.000850241 0.0103298 -3.05919
0.00958713 0.109581 0.0102232 0.00739809 0.0126193 0.626427
-0.0321609 0.105194 -0.0103364 -0.0416818 0.0429444 -1.81388
-0.0692252 0.0854861 0.0255064 0.130538 0.133007 1.37783
-0.0962082 0.0533291 -0.033661 -0.308621 0.310451 -1.67944
-0.10918 0.0134056 0.0456056 0.601078 0.602806 1.49507
-0.106252 -0.0284701 0.120309 -0.78105 0.790261 -1.41796
# x y Real Imaginary Modulus Phase <-> f = 0 s = 11
-0.000959919 -0.109996 0.767563 0.21062 0.795936 0.267809
0.0403151 -0.102346 -0.318194 0.096793 0.33259 2.84629
0.075719 -0.0797912 0.100042 -0.119144 0.155575 -0.872327
0.100096 -0.0456163 -0.00512724 0.0735539 0.0737324 1.64039
0.109895 -0.00479813 -0.0138596 -0.0325028 0.0353344 -1.97386
0.103691 0.0367188 0.00813291 0.0158956 0.0178554 1.09788
0.0823851 0.0728882 -0.00871044 -0.00550276 0.010303 -2.57816
0.0490818 0.0984428 0.0123736 0.00569324 0.0136205 0.431232
0.0086305 0.109661 -0.00524702 -0.00167401 0.00550759 -2.83276
-0.0330776 0.104909 0.00733649 0.00767516 0.0106175 0.807955
-0.0699686 0.0848787 -0.0119132 -0.0399341 0.0416732 -1.86071
-0.0966699 0.0524875 0.0278699 0.0987266 0.102585 1.29566
-0.109293 0.0124524 -0.0486896 -0.231555 0.236619 -1.77805
-0.105999 -0.0293962 4.88079e-05 0.423874 0.423874 1.57068
-0.0872689 -0.0669638 0.296474 -0.680744 0.742502 -1.16005
# x y Real Imaginary Modulus Phase <-> f = 0 s = 12
0.0412067 -0.10199 0.821092 0.199608 0.845007 0.238475
0.0764124 -0.0791274 -0.423317 0.103326 0.435745 2.90219
0.10049 -0.044741 0.173367 -0.154276 0.232071 -0.727199
0.109933 -0.00383894 -0.071698 0.104819 0.126995 2.17071
0.103366 0.0376222 0.0361215 -0.0513599 0.0627901 -0.957858
0.0817459 0.0736044 -0.0160801 0.0128571 0.0205882 2.46712
0.0482208 0.0988673 -0.00131268 -0.00410833 0.00431295 -1.88006
0.00767321 0.109732 0.00566166 0.00147818 0.00585145 0.255385
-0.0339919 0.104616 -0.0012447 0.000534109 0.00135446 2.73625
-0.0707066 0.0842649 0.0115702 0.0056542 0.0128779 0.454555
-0.0971242 0.0516419 -0.0297404 -0.0145699 0.0331176 -2.68606
-0.109397 0.0114981 0.0620681 0.0398599 0.0737649 0.570869
-0.105739 -0.0303201 -0.085211 -0.10688 0.13669 -2.24387
-0.0866812 -0.0677228 0.0253996 0.277644 0.278804 1.47957
-0.055 -0.0952628 0.275826 -0.512708 0.582193 -1.07723
# x y Real Imaginary Modulus Phase <-> f = 0 s = 13
0.0771 -0.0784575 0.950084 0.0343337 0.950704 0.0361219
0.100877 -0.0438624 -0.579031 0.239476 0.626598 2.74943
0.109962 -0.00287946 0.33635 -0.223789 0.403996 -0.587088
0.103034 0.0385228 -0.183735 0.106438 0.212338 2.61653
0.0811005 0.0743149 0.0840183 -0.0278547 0.0885153 -0.320128
0.0473562 0.0992844 -0.029254 1.39395e-05 0.029254 3.14112
0.00671534 0.109795 0.00449027 -0.00424247 0.00617746 -0.757029
-0.0349035 0.104316 0.00241933 0.00289327 0.00377149 0.874373
-0.0714393 0.0836447 -0.00312904 0.0101677 0.0106383 1.86934
-0.0975712 0.0507923 0.00577784 -0.00648065 0.00868229 -0.842667
-0.109494 0.010543 -0.029007 0.00950067 0.0305233 2.82507
-0.10547 -0.0312417 0.0508136 -0.00369524 0.0509478 -0.0725937
-0.0860869 -0.0684766 -0.0717531 -0.0671463 0.0982707 -2.38935
-0.0541666 -0.0957391 0.0228341 0.23624 0.237341 1.47444
-0.0143579 -0.109059 0.304606 -0.532949 0.613856 -1.05156
# x y Real Imaginary Modulus Phase <-> f = 0 s = 14
0.101256 -0.0429804 0.743208 -0.0923924 0.748929 -0.123681
0.109983 -0.00191976 -0.575486 0.446719 0.728521 2.4815
0.102694 0.0394205 0.415594 -0.303442 0.514583 -0.63067
0.0804489 0.0750198 -0.211217 0.12657 0.246237 2.60173
0.046488 0.0996939 0.0912759 -0.044333 0.101473 -0.452145
0.00575696 0.109849 -0.0220175 0.0202204 0.0298937 2.39872
-0.0358125 0.104007 -0.00264972 -0.00996098 0.0103074 -1.83079
-0.0721665 0.0830181 0.00554002 0.0109352 0.0122585 1.10186
-0.0980107 0.049939 -0.013151 0.0158307 0.0205806 2.26399
-0.109581 0.00958713 -0.000180017 -0.0242039 0.0242046 -1.57823
-0.105194 -0.0321609 -0.0132117 0.0236084 0.0270537 2.081
-0.0854861 -0.0692252 0.0374403 -0.009385 0.0385987 -0.245605
-0.0533291 -0.0962082 -0.0699147 -0.0761594 0.103384 -2.31347
-0.0134056 -0.10918 0.00316213 0.310956 0.310972 1.56063
0.0284701 -0.106252 0.313472 -0.728371 0.792962 -1.16438
# x y Real Imaginary Modulus Phase <-> f = 0 s = 15
0.109996 -0.000959919 0.660879 0.0155396 0.661062 0.0235092
0.102346 0.0403151 -0.529342 0.439861 0.688244 2.44826
0.0797912 0.075719 0.351502 -0.285679 0.452953 -0.68246
0.0456163 0.100096 -0.15615 0.136734 0.207555 2.42239
0.00479813 0.109895 0.0407478 -0.0553448 0.0687272 -0.936151
-0.0367188 0.103691 0.00172061 0.0226351 0.0227004 1.49493
-0.0728882 0.0823851 -0.0152795 -0.00398708 0.0157912 -2.88634
-0.0984428 0.0490818 0.00234927 0.00839897 0.00872134 1.29806
-0.109661 0.0086305 -0.0189798 0.0187583 0.0266853 2.36206
-0.104909 -0.0330776 4.72265e-05 -0.0351925 0.0351926 -1.56945
-0.0848787 -0.0699686 -0.0117121 0.0245261 0.0271791 2.01631
-0.0524875 -0.0966699 0.0505641 0.00902487 0.0513632 0.176624
-0.0124524 -0.109293 -0.0795345 -0.143979 0.164486 -2.07548
0.0293962 -0.105999 0.00275521 0.478775 0.478783 1.56504
0.0669638 -0.0872689 0.0751948 -0.785575 0.789166 -1.47537
