# x y Real Imaginary Modulus Phase <-> f = 0 s = 0
0.10199 0.0412067 0.732921 -0.0364804 0.733829 -0.0497329
0.0791274 0.0764124 -0.569721 0.329753 0.65827 2.61691
0.044741 0.10049 0.296853 -0.227727 0.37414 -0.654378
0.00383894 0.109933 -0.0960481 0.106856 0.143678 2.30298
-0.0376222 0.103366 0.0151473 -0.049119 0.0514015 -1.27167
-0.0736044 0.0817459 0.0028381 0.0127472 0.0130594 1.35173
-0.0988673 0.0482208 -0.0241296 0.000269006 0.0241311 3.13044
-0.109732 0.00767321 0.00179456 0.00436915 0.00472334 1.18107
-0.104616 -0.0339919 -0.0190964 0.0215346 0.0287822 2.29626
-0.0842649 -0.0707066 0.00957719 -0.0279788 0.0295725 -1.241
-0.0516419 -0.0971242 -0.0264369 0.00922063 0.0279988 2.80601
-0.0114981 -0.109397 0.0570221 0.0662464 0.0874078 0.86009
0.0303201 -0.105739 -0.0498669 -0.281581 0.285963 -1.74607
0.0677228 -0.0866812 0.128611 0.640281 0.653071 1.37257
0.0952628 -0.055 -0.0145306 -0.63807 0.638235 -1.59357
# x y Real Imaginary Modulus Phase <-> f = 0 s = 1
0.0784575 0.0771 0.818569 -0.0823971 0.822706 -0.100322
0.0438624 0.100877 -0.575807 0.269896 0.635922 2.70328
0.00287946 0.109962 0.236961 -0.174238 0.294125 -0.634028
-0.0385228 0.103034 -0.0569782 0.10285 0.117578 2.0767
-0.0743149 0.0811005 0.00227675 -0.0431299 0.0431899 -1.51806
-0.0992844 0.0473562 0.00247948 0.0105162 0.0108045 1.33925
-0.109795 0.00671534 -0.023709 0.00103236 0.0237315 3.09808
-0.104316 -0.0349035 0.00619267 0.0113577 0.0129363 1.07162
-0.0836447 -0.0714393 -0.0177504 0.0176559 0.0250361 2.35886
-0.0507923 -0.0975712 0.0131278 -0.00654119 0.0146672 -0.462262
-0.010543 -0.109494 -0.0232583 -0.0343383 0.0414737 -2.16614
0.0312417 -0.10547 0.0121168 0.139897 0.140421 1.4844
0.0684766 -0.0860869 -0.0563118 -0.392966 0.39698 -1.71313
0.0957391 -0.0541666 0.190636 0.632448 0.660555 1.27803
0.109059 -0.0143579 0.0351164 -0.68521 0.68611 -1.51959
# x y Real Imaginary Modulus Phase <-> f = 0 s = 2
0.0429804 0.101256 0.874426 -0.0808068 0.878152 -0.0921495
0.00191976 0.109983 -0.527864 0.185578 0.559535 2.80353
-0.0394205 0.102694 0.188066 -0.176566 0.257962 -0.753872
-0.0750198 0.0804489 -0.0411431 0.0992603 0.107449 1.96374
-0.0996939 0.046488 0.00173663 -0.0456555 0.0456885 -1.53278
-0.109849 0.00575696 0.00836668 0.0108144 0.0136731 0.912324
-0.104007 -0.0358125 -0.0152112 -0.00410984 0.0157566 -2.87771
-0.0830181 -0.0721665 0.0126528 0.0111836 0.0168868 0.723839
-0.049939 -0.0980107 -0.00723858 0.00631887 0.0096086 2.42393
-0.00958713 -0.109581 0.00514989 0.00954294 0.0108439 1.07593
0.0321609 -0.105194 0.00681879 -0.0534012 0.0538348 -1.44379
0.0692252 -0.0854861 0.00830484 0.177922 0.178116 1.52415
0.0962082 -0.0533291 -0.0875725 -0.360872 0.371346 -1.80886
0.10918 -0.0134056 0.103124 0.568347 0.577627 1.3913
0.106252 0.0284701 0.101113 -0.773962 0.780539 -1.44089
# x y Real Imaginary Modulus Phase <-> f = 0 s = 3
0.000959919 0.109996 0.904657 0.0072764 0.904686 0.00804309
-0.0403151 0.102346 -0.482915 0.19848 0.522113 2.75164
-0.075719 0.0797912 0.174155 -0.167022 0.241301 -0.764493
-0.100096 0.0456163 -0.0466691 0.100042 0.110392 2.00728
-0.109895 0.00479813 0.000858317 -0.0452119 0.04522 -1.55181
-0.103691 -0.0367188 0.00594911 0.0198209 0.0206944 1.27921
-0.0823851 -0.0728882 -0.00695916 -0.00862077 0.0110792 -2.24995
-0.0490818 -0.0984428 0.0113337 0.00385161 0.0119702 0.327593
-0.0086305 -0.109661 -0.00624751 -0.000558034 0.00627238 -3.05251
0.0330776 -0.104909 -0.00347612 0.0108349 0.0113789 1.88125
0.0699686 -0.0848787 0.00649522 -0.0677175 0.0680282 -1.47517
0.0966699 -0.0524875 0.0412868 0.154545 0.159965 1.30974
0.109293 -0.0124524 -0.0807516 -0.287351 0.298482 -1.84475
0.105999 0.0293962 0.0468382 0.527838 0.529912 1.48229
0.0872689 0.0669638 0.147729 -0.791774 0.805438 -1.38634
# x y Real Imaginary Modulus Phase <-> f = 0 s = 4
-0.0412067 0.10199 0.881903 -0.0133944 0.882005 -0.0151869
-0.0764124 0.0791274 -0.479652 0.175771 0.510844 2.79034
-0.10049 0.044741 0.20093 -0.1696 0.26294 -0.701044
-0.109933 0.00383894 -0.064041 0.103614 0.121808 2.1244
-0.103366 -0.0376222 0.0232079 -0.0494312 0.0546082 -1.13185
-0.0817459 -0.0736044 -0.00730355 0.0158768 0.0174761 2.00195
-0.0482208 -0.0988673 -0.000779544 -0.00337502 0.00346388 -1.79779
-0.00767321 -0.109732 0.00955763 -0.000194256 0.0095596 -0.0203219
0.0339919 -0.104616 -0.00550486 -0.00114567 0.00562281 -2.9364
0.0707066 -0.0842649 0.00767037 0.0194705 0.0209269 1.19552
0.0971242 -0.0516419 -0.0273683 -0.0422204 0.0503149 -2.14592
0.109397 -0.0114981 0.0493145 0.0934093 0.105628 1.08505
0.105739 0.0303201 -0.0671662 -0.213204 0.223534 -1.87599
0.0866812 0.0677228 0.0107378 0.442579 0.442709 1.54654
0.055 0.0952628 0.228684 -0.741585 0.776045 -1.27168
# x y Real Imaginary Modulus Phase <-> f = 0 s = 5
-0.0771 0.0784575 0.906945 -0.023152 0.90724 -0.0255219
-0.100877 0.0438624 -0.557946 0.222432 0.600649 2.76224
-0.109962 0.00287946 0.265532 -0.209302 0.338104 -0.667527
-0.103034 -0.0385228 -0.129093 0.11818 0.175018 2.4003
-0.0811005 -0.0743149 0.0564342 -0.0385678 0.0683541 -0.599506
-0.0473562 -0.0992844 -0.0126272 0.00953566 0.0158232 2.49479
-0.00671534 -0.109795 -0.00152308 -0.00267999 0.00308255 -2.08759
0.0349035 -0.104316 0.0116341 0.00409447 0.0123336 0.338399
0.0714393 -0.0836447 -0.0147165 -0.00259226 0.014943 -2.96723
0.0975712 -0.0507923 0.0198045 0.00596302 0.0206828 0.29246
0.109494 -0.010543 -0.0297734 -0.0197819 0.035746 -2.55515
0.10547 0.0312417 0.0598233 0.0633028 0.0870981 0.81365
0.0860869 0.0684766 -0.0856304 -0.175632 0.195395 -2.02444
0.0541666 0.0957391 0.0388742 0.406843 0.408696 1.47553
0.0143579 0.109059 0.197146 -0.727241 0.753489 -1.30607
# x y Real Imaginary Modulus Phase <-> f = 0 s = 6
-0.101256 0.0429804 0.846022 -0.0465582 0.847303 -0.0549765
-0.109983 0.00191976 -0.554076 0.310264 0.635031 2.63113
-0.102694 -0.0394205 0.322079 -0.238492 0.400766 -0.637378
-0.0804489 -0.0750198 -0.153218 0.104625 0.185532 2.54247
-0.046488 -0.0996939 0.0445778 -0.0388748 0.0591475 -0.717167
-0.00575696 -0.109849 0.000778431 0.0184075 0.018424 1.52853
0.0358125 -0.104007 -0.0103927 0.0032029 0.010875 2.84264
0.0721665 -0.0830181 0.0153471 0.0109863 0.0188741 0.621287
0.0980107 -0.049939 -0.022573 0.00831055 0.0240542 2.78883
0.109581 -0.00958713 0.00877411 -0.00490011 0.0100497 -0.509326
0.105194 0.0321609 -0.0313266 -0.0119686 0.0335351 -2.77665
0.0854861 0.0692252 0.0619529 0.051124 0.0803232 0.689924
0.0533291 0.0962082 -0.0870252 -0.156962 0.179473 -2.07704
0.0134056 0.10918 0.0288824 0.394156 0.395213 1.49765
-0.0284701 0.106252 0.233703 -0.750624 0.786164 -1.26896
# x y Real Imaginary Modulus Phase <-> f = 0 s = 7
-0.109996 0.000959919 0.765177 -0.0804717 0.769397 -0.104782
-0.102346 -0.0403151 -0.614044 0.355435 0.709496 2.61688
-0.0797912 -0.075719 0.355422 -0.206867 0.41124 -0.527103
-0.0456163 -0.100096 -0.117341 0.0876359 0.146455 2.50011
-0.00479813 -0.109895 0.00553811 -0.0448668 0.0452073 -1.44798
0.0367188 -0.103691 0.00743455 0.0099194 0.0123963 0.927618
0.0728882 -0.0823851 -0.0256921 0.00375301 0.0259648 2.99654
0.0984428 -0.0490818 0.0116328 0.00653139 0.0133409 0.511602
0.109661 -0.0086305 -0.023883 0.0130475 0.0272146 2.64159
0.104909 0.0330776 0.00411006 -0.00719214 0.00828369 -1.05162
0.0848787 0.0699686 -0.0306098 -0.0114788 0.0326914 -2.78282
0.0524875 0.0966699 0.0595192 0.0486966 0.0769019 0.68572
0.0124524 0.109293 -0.0805437 -0.175762 0.193338 -2.00049
-0.0293962 0.105999 0.0115595 0.467484 0.467627 1.54607
-0.0669638 0.0872689 0.152654 -0.769102 0.784105 -1.37486
# x y Real Imaginary Modulus Phase <-> f = 0 s = 8
-0.10199 -0.0412067 0.727927 -0.1468 0.742582 -0.199
-0.0791274 -0.0764124 -0.623169 0.32853 0.704465 2.65643
-0.044741 -0.10049 0.261901 -0.174692 0.314816 -0.588244
-0.00383894 -0.109933 -0.0246432 0.0913488 0.0946144 1.83429
0.0376222 -0.103366 -0.0256727 -0.0325268 0.0414376 -2.23897
0.0736044 -0.0817459 0.0231811 -0.00643544 0.0240578 -0.270797
0.0988673 -0.0482208 -0.0369916 0.00552842 0.0374025 2.99324
0.109732 -0.00767321 0.00991699 0.00441614 0.0108558 0.418947
0.104616 0.0339919 -0.0227793 0.0132444 0.0263498 2.61494
0.0842649 0.0707066 0.0104061 -0.00901214 0.0137661 -0.713737
0.0516419 0.0971242 -0.0335247 -0.00878197 0.0346559 -2.88539
0.0114981 0.109397 0.059533 0.0648644 0.088043 0.82823
-0.0303201 0.105739 -0.0752983 -0.235659 0.247396 -1.88007
-0.0677228 0.0866812 0.0793552 0.527063 0.533003 1.42136
-0.0952628 0.055 0.0695926 -0.746369 0.749607 -1.47782
# x y Real Imaginary Modulus Phase <-> f = 0 s = 9
-0.0784575 -0.0771 0.862676 -0.059088 0.864697 -0.068387
-0.0438624 -0.100877 -0.507374 0.151361 0.52947 2.85168
-0.00287946 -0.109962 0.113649 -0.136206 0.177393 -0.875432
0.0385228 -0.103034 0.0163919 0.0592941 0.0615181 1.30108
0.0743149 -0.0811005 -0.0322869 -0.0112516 0.0341913 -2.80626
0.0992844 -0.0473562 0.027833 -0.0166171 0.032416 -0.538232
0.109795 -0.00671534 -0.0327691 0.0037763 0.0329859 3.02686
0.104316 0.0349035 0.0111912 0.0114818 0.0160335 0.798216
0.0836447 0.0714393 -0.0166207 0.00946877 0.0191287 2.62375
0.0507923 0.0975712 0.0165788 -0.0022382 0.0167292 -0.134193
0.010543 0.109494 -0.0285528 -0.0241973 0.0374269 -2.43858
-0.0312417 0.10547 0.0415288 0.113552 0.120907 1.22018
-0.0684766 0.0860869 -0.0774579 -0.299508 0.309362 -1.82387
-0.0957391 0.0541666 0.0792914 0.595263 0.60052 1.43837
-0.109059 0.0143579 0.00726752 -0.795843 0.795877 -1.56166
# x y Real Imaginary Modulus Phase <-> f = 0 s = 10
-0.0429804 -0.101256 0.89712 0.129204 0.906376 0.143037
-0.00191976 -0.109983 -0.350082 0.116021 0.368806 2.82157
0.0394205 -0.102694 0.0729527 -0.114795 0.136015 -1.00468
0.0750198 -0.0804489 0.00937615 0.052805 0.0536309 1.39507
0.0996939 -0.046488 -0.0276885 -0.011562 0.0300055 -2.74603
0.109849 -0.00575696 0.0295036 -0.00397833 0.0297706 -0.134034
0.104007 0.0358125 -0.027333 -0.00132828 0.0273652 -3.09303
0.0830181 0.0721665 0.014716 0.0149966 0.0210109 0.794841
0.049939 0.0980107 -0.00847767 -0.00144697 0.00860027 -2.97254
0.00958713 0.109581 0.0119564 0.00658841 0.0136515 0.503637
-0.0321609 0.105194 -0.0105268 -0.0425187 0.0438024 -1.8135
-0.0692252 0.0854861 0.0245444 0.130776 0.13306 1.38527
-0.0962082 0.0533291 -0.0348825 -0.308077 0.310045 -1.68354
-0.10918 0.0134056 0.0451309 0.60349 0.605175 1.49615
-0.106252 -0.0284701 0.120583 -0.783113 0.792342 -1.41802
# x y Real Imaginary Modulus Phase <-> f = 0 s = 11
-0.000959919 -0.109996 0.766518 0.209342 0.79459 0.266606
0.0403151 -0.102346 -0.318843 0.0953521 0.332796 2.851
0.075719 -0.0797912 0.0969556 -0.117905 0.15265 -0.882594
0.100096 -0.0456163 -0.00760816 0.0722752 0.0726746 1.67568
0.109895 -0.00479813 -0.012024 -0.0323383 0.0345013 -1.92678
0.103691 0.0367188 0.00922872 0.0159261 0.0184068 1.04561
0.0823851 0.0728882 -0.00697451 -0.00403011 0.00805516 -2.61763
0.0490818 0.0984428 0.0122372 0.00626471 0.0137476 0.473153
0.0086305 0.109661 -0.00420225 -0.00126695 0.00438909 -2.84877
-0.0330776 0.104909 0.00752617 0.00800127 0.0109847 0.815986
-0.0699686 0.0848787 -0.0126827 -0.0379627 0.0400252 -1.89322
-0.0966699 0.0524875 0.0262401 0.099151 0.102564 1.31208
-0.109293 0.0124524 -0.0491056 -0.232377 0.237509 -1.77905
-0.105999 -0.0293962 -0.000484727 0.424103 0.424103 1.57194
-0.0872689 -0.0669638 0.295736 -0.680323 0.741822 -1.16074
# x y Real Imaginary Modulus Phase <-> f = 0 s = 12
0.0412067 -0.10199 0.821194 0.200583 0.845336 0.239567
0.0764124 -0.0791274 -0.423421 0.102964 0.43576 2.90305
0.10049 -0.044741 0.172543 -0.155011 0.231947 -0.731926
0.109933 -0.00383894 -0.0709498 0.104801 0.126559 2.16591
0.103366 0.0376222 0.0371362 -0.0519556 0.063863 -0.950228
0.0817459 0.0736044 -0.015604 0.0132578 0.0204757 2.43731
0.0482208 0.0988673 -0.000352135 -0.00436296 0.00437714 -1.65133
0.00767321 0.109732 0.0050299 0.00118647 0.00516794 0.231648
-0.0339919 0.104616 -0.00135115 -0.000982981 0.00167088 -2.51264
-0.0707066 0.0842649 0.0108252 0.0074648 0.0131495 0.603695
-0.0971242 0.0516419 -0.0302304 -0.0146788 0.0336058 -2.68956
-0.109397 0.0114981 0.0606986 0.0393458 0.0723354 0.575121
-0.105739 -0.0303201 -0.0836239 -0.108251 0.136789 -2.22854
-0.0866812 -0.0677228 0.0265113 0.278476 0.279735 1.47588
-0.055 -0.0952628 0.276107 -0.511675 0.581417 -1.07596
# x y Real Imaginary Modulus Phase <-> f = 0 s = 13
0.0771 -0.0784575 0.949446 0.0340887 0.950058 0.0358883
0.100877 -0.0438624 -0.57727 0.239418 0.624949 2.74844
0.109962 -0.00287946 0.338174 -0.225925 0.406699 -0.588976
0.103034 0.0385228 -0.182717 0.105072 0.210774 2.61972
0.0811005 0.0743149 0.0837 -0.0284843 0.088414 -0.32802
0.0473562 0.0992844 -0.0282407 0.000495122 0.028245 3.12406
0.00671534 0.109795 0.00480948 -0.00203405 0.00522192 -0.400112
-0.0349035 0.104316 0.00267198 0.00260117 0.00372902 0.771971
-0.0714393 0.0836447 -0.00158699 0.0105635 0.010682 1.71991
-0.0975712 0.0507923 0.00524669 -0.00742011 0.00908767 -0.955327
-0.109494 0.010543 -0.0291472 0.0087797 0.0304408 2.84902
-0.10547 -0.0312417 0.0525014 -0.00487179 0.052727 -0.0925286
-0.0860869 -0.0684766 -0.0738968 -0.0670145 0.0997581 -2.405
-0.0541666 -0.0957391 0.0248525 0.236242 0.237546 1.46598
-0.0143579 -0.109059 0.304692 -0.534086 0.614886 -1.05236
# x y Real Imaginary Modulus Phase <-> f = 0 s = 14
0.101256 -0.0429804 0.743123 -0.0902189 0.74858 -0.120814
0.109983 -0.00191976 -0.574091 0.448568 0.728556 2.47833
0.102694 0.0394205 0.414119 -0.304005 0.513725 -0.633249
0.0804489 0.0750198 -0.209372 0.124115 0.243395 2.60649
0.046488 0.0996939 0.0925123 -0.0446726 0.102733 -0.44986
0.00575696 0.109849 -0.0206964 0.019305 0.0283023 2.39096
-0.0358125 0.104007 -0.00293927 -0.0104633 0.0108683 -1.84465
-0.0721665 0.0830181 0.00553687 0.0109657 0.0122843 1.10322
-0.0980107 0.049939 -0.0125672 0.0166282 0.020843 2.21798
-0.109581 0.00958713 0.00111424 -0.0248508 0.0248758 -1.52599
-0.105194 -0.0321609 -0.0134539 0.024415 0.0278766 2.07445
-0.0854861 -0.0692252 0.0378026 -0.00787227 0.0386136 -0.205312
-0.0533291 -0.0962082 -0.068815 -0.0781999 0.104167 -2.29244
-0.0134056 -0.10918 0.00230491 0.308574 0.308582 1.56333
0.0284701 -0.106252 0.312627 -0.72722 0.791571 -1.16479
# x y Real Imaginary Modulus Phase <-> f = 0 s = 15
0.109996 -0.000959919 0.660787 0.0146121 0.660949 0.0221096
0.102346 0.0403151 -0.530361 0.440596 0.689498 2.44838
0.0797912 0.075719 0.351009 -0.285566 0.452499 -0.682954
0.0456163 0.100096 -0.155374 0.136316 0.206696 2.42144
0.00479813 0.109895 0.0390561 -0.0548423 0.067328 -0.951961
-0.0367188 0.103691 0.0020513 0.0229283 0.0230198 1.48157
-0.0728882 0.0823851 -0.0164791 -0.0044811 0.0170775 -2.87609
-0.0984428 0.0490818 0.00439399 0.00805117 0.00917216 1.07122
-0.109661 0.0086305 -0.0184351 0.0186672 0.0262358 2.34994
-0.104909 -0.0330776 -0.00036553 -0.0351137 0.0351156 -1.58121
-0.0848787 -0.0699686 -0.0135346 0.0235809 0.027189 2.09185
-0.0524875 -0.0966699 0.0498321 0.00998138 0.0508219 0.197684
-0.0124524 -0.109293 -0.0787251 -0.144903 0.164908 -2.06848
0.0293962 -0.105999 0.00449393 0.478477 0.478498 1.5614
0.0669638 -0.0872689 0.0745292 -0.784139 0.787673 -1.47604
