# x y Real Imaginary Modulus Phase <-> f = 0 s = 0
0.10199 0.0412067 0.733125 -0.035072 0.733963 -0.0478026
0.0791274 0.0764124 -0.567591 0.330467 0.656786 2.61434
0.044741 0.10049 0.295331 -0.227123 0.372566 -0.65558
0.00383894 0.109933 -0.0934823 0.10817 0.142967 2.28349
-0.0376222 0.103366 0.0172001 -0.0495035 0.0524065 -1.23639
-0.0736044 0.0817459 0.00553701 0.0105083 0.0118779 1.08585
-0.0988673 0.0482208 -0.0226939 0.0016302 0.0227524 3.06988
-0.109732 0.00767321 0.00145594 0.00396338 0.00422234 1.21875
-0.104616 -0.0339919 -0.0191503 0.0238016 0.0305491 2.24833
-0.0842649 -0.0707066 0.00931194 -0.0291285 0.0305807 -1.26138
-0.0516419 -0.0971242 -0.0258384 0.00908365 0.0273886 2.80353
-0.0114981 -0.109397 0.0559401 0.064941 0.0857124 0.859722
0.0303201 -0.105739 -0.0475768 -0.283715 0.287677 -1.73694
0.0677228 -0.0866812 0.128398 0.639841 0.652597 1.37276
0.0952628 -0.055 -0.0162481 -0.639487 0.639693 -1.5962
# x y Real Imaginary Modulus Phase <-> f = 0 s = 1
0.0784575 0.0771 0.817354 -0.0837552 0.821634 -0.102115
0.0438624 0.100877 -0.574344 0.271698 0.635367 2.69973
0.00287946 0.109962 0.23946 -0.172742 0.295264 -0.624934
-0.0385228 0.103034 -0.0571097 0.103988 0.118638 2.07302
-0.0743149 0.0811005 0.00145821 -0.043109 0.0431337 -1.53698
-0.0992844 0.0473562 0.00369381 0.0112715 0.0118613 1.25411
-0.109795 0.00671534 -0.025204 0.00319696 0.0254059 3.01542
-0.104316 -0.0349035 0.00557372 0.0106456 0.0120165 1.08847
-0.0836447 -0.0714393 -0.0182318 0.0174828 0.0252596 2.37716
-0.0507923 -0.0975712 0.016148 -0.00466242 0.0168076 -0.281087
-0.010543 -0.109494 -0.0246889 -0.0345437 0.0424595 -2.19133
0.0312417 -0.10547 0.013847 0.141714 0.142389 1.47339
0.0684766 -0.0860869 -0.0554313 -0.39081 0.394721 -1.71169
0.0957391 -0.0541666 0.191431 0.635917 0.664105 1.27839
0.109059 -0.0143579 0.0332114 -0.687404 0.688206 -1.52252
# x y Real Imaginary Modulus Phase <-> f = 0 s = 2
0.0429804 0.101256 0.872636 -0.082674 0.876543 -0.0944586
0.00191976 0.109983 -0.52707 0.184019 0.55827 2.80569
-0.0394205 0.102694 0.187538 -0.176772 0.257718 -0.755855
-0.0750198 0.0804489 -0.039513 0.100996 0.10845 1.94372
-0.0996939 0.046488 0.00115803 -0.0449653 0.0449802 -1.54505
-0.109849 0.00575696 0.00909287 0.0105865 0.0139554 0.861151
-0.104007 -0.0358125 -0.0153371 -0.00287317 0.0156039 -2.9564
-0.0830181 -0.0721665 0.0135661 0.00842279 0.0159681 0.555625
-0.049939 -0.0980107 -0.00871092 0.00765396 0.0115958 2.42069
-0.00958713 -0.109581 0.00656525 0.00982899 0.01182 0.981908
0.0321609 -0.105194 0.00670897 -0.0529106 0.0533343 -1.44467
0.0692252 -0.0854861 0.00866838 0.17887 0.17908 1.52237
0.0962082 -0.0533291 -0.0877256 -0.361856 0.372338 -1.80864
0.10918 -0.0134056 0.104265 0.56572 0.575248 1.38854
0.106252 0.0284701 0.100624 -0.774711 0.781219 -1.44163
# x y Real Imaginary Modulus Phase <-> f = 0 s = 3
0.000959919 0.109996 0.904379 0.00717593 0.904408 0.00793448
-0.0403151 0.102346 -0.483174 0.199127 0.522598 2.75068
-0.075719 0.0797912 0.174856 -0.167167 0.241908 -0.762923
-0.100096 0.0456163 -0.0467649 0.0998458 0.110255 2.00882
-0.109895 0.00479813 0.000420191 -0.0453555 0.0453575 -1.56153
-0.103691 -0.0367188 0.00641354 0.0191508 0.0201962 1.24764
-0.0823851 -0.0728882 -0.00678695 -0.00808619 0.0105569 -2.26906
-0.0490818 -0.0984428 0.0111267 0.0044639 0.0119888 0.38153
-0.0086305 -0.109661 -0.00589907 -0.0011848 0.00601687 -2.94338
0.0330776 -0.104909 -0.00344361 0.0112117 0.0117286 1.86879
0.0699686 -0.0848787 0.00641851 -0.0675433 0.0678476 -1.47605
0.0966699 -0.0524875 0.0411263 0.154586 0.159963 1.31078
0.109293 -0.0124524 -0.0813326 -0.287714 0.298989 -1.84629
0.105999 0.0293962 0.0456021 0.528743 0.530705 1.48476
0.0872689 0.0669638 0.147941 -0.791707 0.80541 -1.38606
# x y Real Imaginary Modulus Phase <-> f = 0 s = 4
-0.0412067 0.10199 0.881283 -0.0138946 0.881393 -0.015765
-0.0764124 0.0791274 -0.479594 0.176688 0.511106 2.78861
-0.10049 0.044741 0.200283 -0.170362 0.262938 -0.704844
-0.109933 0.00383894 -0.0643186 0.104347 0.122577 2.12318
-0.103366 -0.0376222 0.0233424 -0.0491903 0.0544477 -1.12773
-0.0817459 -0.0736044 -0.0062732 0.0162183 0.0173893 1.93987
-0.0482208 -0.0988673 -0.000264717 -0.00326084 0.00327157 -1.6518
-0.00767321 -0.109732 0.00878312 -0.000348952 0.00879005 -0.0397089
0.0339919 -0.104616 -0.00612738 -0.00172054 0.00636435 -2.86785
0.0707066 -0.0842649 0.00763891 0.0193347 0.0207891 1.19453
0.0971242 -0.0516419 -0.0276621 -0.0418682 0.050181 -2.15465
0.109397 -0.0114981 0.0485251 0.0933952 0.105249 1.09162
0.105739 0.0303201 -0.0668812 -0.21303 0.223283 -1.875
0.0866812 0.0677228 0.0110698 0.442328 0.442466 1.54578
0.055 0.0952628 0.229321 -0.741319 0.775978 -1.27079
# x y Real Imaginary Modulus Phase <-> f = 0 s = 5
-0.0771 0.0784575 0.906358 -0.0222849 0.906632 -0.0245824
-0.100877 0.0438624 -0.557994 0.22263 0.600768 2.76196
-0.109962 0.00287946 0.264965 -0.208938 0.337434 -0.667719
-0.103034 -0.0385228 -0.129142 0.118821 0.175489 2.39779
-0.0811005 -0.0743149 0.0571702 -0.0380093 0.0686522 -0.58674
-0.0473562 -0.0992844 -0.0125292 0.0107338 0.0164984 2.43322
-0.00671534 -0.109795 -0.00129149 -0.00428371 0.00447417 -1.86362
0.0349035 -0.104316 0.0101096 0.00374084 0.0107795 0.354404
0.0714393 -0.0836447 -0.0155345 -0.00288034 0.0157993 -2.95826
0.0975712 -0.0507923 0.0186251 0.00529642 0.0193636 0.277056
0.109494 -0.010543 -0.0316067 -0.0189826 0.036869 -2.60074
0.10547 0.0312417 0.0604664 0.0631158 0.0874059 0.806833
0.0860869 0.0684766 -0.0858687 -0.176305 0.196104 -2.02403
0.0541666 0.0957391 0.0390887 0.406577 0.408451 1.47495
0.0143579 0.109059 0.196621 -0.728765 0.754823 -1.30727
# x y Real Imaginary Modulus Phase <-> f = 0 s = 6
-0.101256 0.0429804 0.8442 -0.0463306 0.845471 -0.0548261
-0.109983 0.00191976 -0.55338 0.306298 0.632494 2.63606
-0.102694 -0.0394205 0.322288 -0.24106 0.402466 -0.642197
-0.0804489 -0.0750198 -0.155344 0.106282 0.188222 2.54157
-0.046488 -0.0996939 0.0451685 -0.0367156 0.0582084 -0.682532
-0.00575696 -0.109849 0.00322833 0.0204318 0.0206853 1.41409
0.0358125 -0.104007 -0.0116585 0.002794 0.0119886 2.90638
0.0721665 -0.0830181 0.0149812 0.0137968 0.0203664 0.744265
0.0980107 -0.049939 -0.0213399 0.00918573 0.0232329 2.73512
0.109581 -0.00958713 0.00927032 -0.00440072 0.0102618 -0.443212
0.105194 0.0321609 -0.0358807 -0.00915865 0.0370312 -2.89168
0.0854861 0.0692252 0.0637005 0.0513142 0.0817979 0.678119
0.0533291 0.0962082 -0.0854844 -0.155313 0.177285 -2.07395
0.0134056 0.10918 0.0295748 0.393067 0.394178 1.4957
-0.0284701 0.106252 0.236161 -0.751212 0.787459 -1.26621
# x y Real Imaginary Modulus Phase <-> f = 0 s = 7
-0.109996 0.000959919 0.767879 -0.0822341 0.772269 -0.106686
-0.102346 -0.0403151 -0.612053 0.355487 0.7078 2.6154
-0.0797912 -0.075719 0.355484 -0.203718 0.40972 -0.520385
-0.0456163 -0.100096 -0.117771 0.0885343 0.147337 2.49697
-0.00479813 -0.109895 0.00676064 -0.0422423 0.0427799 -1.4121
0.0367188 -0.103691 0.00908011 0.0107542 0.0140749 0.869603
0.0728882 -0.0823851 -0.024085 0.00822492 0.0254507 2.81251
0.0984428 -0.0490818 0.0128981 0.00746828 0.0149042 0.524851
0.109661 -0.0086305 -0.0248313 0.00788025 0.0260517 2.83429
0.104909 0.0330776 0.00430887 -0.00492145 0.00654118 -0.851667
0.0848787 0.0699686 -0.0315133 -0.00991085 0.033035 -2.83689
0.0524875 0.0966699 0.0607294 0.0497707 0.0785186 0.686548
0.0124524 0.109293 -0.0811595 -0.179986 0.197438 -1.99442
-0.0293962 0.105999 0.0116353 0.467578 0.467723 1.54592
-0.0669638 0.0872689 0.154424 -0.77401 0.789264 -1.37387
# x y Real Imaginary Modulus Phase <-> f = 0 s = 8
-0.10199 -0.0412067 0.729316 -0.142569 0.74312 -0.193049
-0.0791274 -0.0764124 -0.622431 0.332098 0.705485 2.65147
-0.044741 -0.10049 0.263335 -0.174597 0.315958 -0.585475
-0.00383894 -0.109933 -0.0245449 0.0923857 0.0955906 1.83048
0.0376222 -0.103366 -0.0303487 -0.0285348 0.0416566 -2.38699
0.0736044 -0.0817459 0.0284072 -0.00504083 0.028851 -0.175621
0.0988673 -0.0482208 -0.0369741 0.00583469 0.0374316 2.98508
0.109732 -0.00767321 0.00927039 0.00132709 0.0093649 0.142187
0.104616 0.0339919 -0.0269155 0.0122554 0.0295743 2.71431
0.0842649 0.0707066 0.0114471 -0.00901593 0.0145713 -0.667143
0.0516419 0.0971242 -0.0335056 -0.00970159 0.0348819 -2.85975
0.0114981 0.109397 0.0614615 0.0639623 0.0887056 0.805334
-0.0303201 0.105739 -0.0759244 -0.235374 0.247317 -1.88283
-0.0677228 0.0866812 0.0805024 0.526513 0.532632 1.41907
-0.0952628 0.055 0.0672254 -0.745846 0.748869 -1.48091
# x y Real Imaginary Modulus Phase <-> f = 0 s = 9
-0.0784575 -0.0771 0.861933 -0.0550515 0.863689 -0.0637831
-0.0438624 -0.100877 -0.505562 0.151918 0.527894 2.84968
-0.00287946 -0.109962 0.114434 -0.136404 0.178049 -0.872762
0.0385228 -0.103034 0.0149723 0.0581246 0.060022 1.31869
0.0743149 -0.0811005 -0.0282945 -0.0119177 0.030702 -2.74294
0.0992844 -0.0473562 0.0275249 -0.0178481 0.0328051 -0.575274
0.109795 -0.00671534 -0.0386355 0.0025606 0.0387203 3.07541
0.104316 0.0349035 0.00928511 0.0166871 0.0190964 1.06303
0.0836447 0.0714393 -0.0168797 0.0138044 0.0218056 2.45608
0.0507923 0.0975712 0.0154559 0.00194184 0.0155774 0.124983
0.010543 0.109494 -0.0281095 -0.0244858 0.0372787 -2.42498
-0.0312417 0.10547 0.0478095 0.112401 0.122146 1.16863
-0.0684766 0.0860869 -0.0777212 -0.301368 0.311228 -1.82319
-0.0957391 0.0541666 0.0809317 0.593572 0.599064 1.43529
-0.109059 0.0143579 0.00688008 -0.793904 0.793934 -1.56213
# x y Real Imaginary Modulus Phase <-> f = 0 s = 10
-0.0429804 -0.101256 0.899476 0.131577 0.909049 0.145251
-0.00191976 -0.109983 -0.351173 0.115878 0.369798 2.82287
0.0394205 -0.102694 0.0731459 -0.11661 0.137652 -1.01057
0.0750198 -0.0804489 0.0117633 0.0559119 0.057136 1.36343
0.0996939 -0.046488 -0.0251579 -0.0107032 0.02734 -2.73935
0.109849 -0.00575696 0.0304231 -0.00649263 0.0311082 -0.210257
0.104007 0.0358125 -0.0269589 0.00206686 0.0270381 3.06508
0.0830181 0.0721665 0.0142155 0.0119379 0.0185632 0.698529
0.049939 0.0980107 -0.0058803 0.000533845 0.00590448 3.05106
0.00958713 0.109581 0.0147226 0.00985521 0.0177167 0.589888
-0.0321609 0.105194 -0.00858798 -0.0398325 0.0407478 -1.78315
-0.0692252 0.0854861 0.0258592 0.128675 0.131248 1.37247
-0.0962082 0.0533291 -0.0378165 -0.309114 0.311419 -1.69253
-0.10918 0.0134056 0.0424265 0.601743 0.603237 1.50041
-0.106252 -0.0284701 0.120912 -0.782741 0.792025 -1.41754
# x y Real Imaginary Modulus Phase <-> f = 0 s = 11
-0.000959919 -0.109996 0.764927 0.208877 0.792933 0.26657
0.0403151 -0.102346 -0.321946 0.0963817 0.336063 2.85071
0.075719 -0.0797912 0.0998374 -0.118205 0.154726 -0.869439
0.100096 -0.0456163 -0.00371318 0.0718753 0.0719711 1.62241
0.109895 -0.00479813 -0.0117307 -0.0332405 0.0352497 -1.91005
0.103691 0.0367188 0.00607171 0.0165335 0.0176131 1.21885
0.0823851 0.0728882 -0.00567264 -0.00343674 0.0066325 -2.59689
0.0490818 0.0984428 0.00705362 0.00755171 0.0103335 0.819488
0.0086305 0.109661 -0.00471933 0.00179676 0.00504979 2.77781
-0.0330776 0.104909 0.00747533 0.00681679 0.0101168 0.739354
-0.0699686 0.0848787 -0.0138235 -0.0377781 0.0402278 -1.92158
-0.0966699 0.0524875 0.0284852 0.0997509 0.103738 1.29264
-0.109293 0.0124524 -0.0482815 -0.232433 0.237395 -1.77561
-0.105999 -0.0293962 -0.000933932 0.417875 0.417876 1.57303
-0.0872689 -0.0669638 0.291928 -0.68244 0.742258 -1.16658
# x y Real Imaginary Modulus Phase <-> f = 0 s = 12
0.0412067 -0.10199 0.82036 0.199038 0.844161 0.238023
0.0764124 -0.0791274 -0.420616 0.102889 0.433018 2.90169
0.10049 -0.044741 0.170678 -0.155832 0.231116 -0.73996
0.109933 -0.00383894 -0.0710064 0.106025 0.127606 2.1609
0.103366 0.0376222 0.0398328 -0.0502816 0.0641474 -0.900833
0.0817459 0.0736044 -0.0180418 0.0114069 0.0213453 2.5778
0.0482208 0.0988673 -0.00242 -0.00286207 0.00374805 -2.2727
0.00767321 0.109732 0.00605886 0.00298009 0.00675209 0.457112
-0.0339919 0.104616 0.000316363 0.000376542 0.000491803 0.872031
-0.0707066 0.0842649 0.0108057 0.00743923 0.0131189 0.602933
-0.0971242 0.0516419 -0.0324885 -0.0129426 0.0349716 -2.76249
-0.109397 0.0114981 0.0618995 0.0387331 0.0730192 0.559133
-0.105739 -0.0303201 -0.0855334 -0.108208 0.137931 -2.23969
-0.0866812 -0.0677228 0.0266726 0.276986 0.278267 1.4748
-0.055 -0.0952628 0.275929 -0.511802 0.581445 -1.07634
# x y Real Imaginary Modulus Phase <-> f = 0 s = 13
0.0771 -0.0784575 0.950658 0.0371116 0.951382 0.039018
0.100877 -0.0438624 -0.57745 0.241744 0.62601 2.74512
0.109962 -0.00287946 0.335859 -0.223363 0.403351 -0.586883
0.103034 0.0385228 -0.181262 0.107009 0.210492 2.60829
0.0811005 0.0743149 0.0837019 -0.025179 0.087407 -0.292207
0.0473562 0.0992844 -0.0257771 0.000361249 0.0257796 3.12758
0.00671534 0.109795 0.00301757 0.000296352 0.00303209 0.0978948
-0.0349035 0.104316 0.00162812 0.00657758 0.00677609 1.32815
-0.0714393 0.0836447 0.00259353 0.00973082 0.0100705 1.31032
-0.0975712 0.0507923 0.00565557 -0.00632729 0.00848646 -0.841397
-0.109494 0.010543 -0.028706 0.00885169 0.0300398 2.84249
-0.10547 -0.0312417 0.0516346 -0.00420904 0.0518059 -0.081336
-0.0860869 -0.0684766 -0.0730418 -0.0636465 0.0968813 -2.42482
-0.0541666 -0.0957391 0.0242998 0.235033 0.236285 1.46777
-0.0143579 -0.109059 0.303913 -0.533364 0.613873 -1.05288
# x y Real Imaginary Modulus Phase <-> f = 0 s = 14
0.101256 -0.0429804 0.74214 -0.0889918 0.747456 -0.119343
0.109983 -0.00191976 -0.573241 0.443707 0.724901 2.48289
0.102694 0.0394205 0.413195 -0.305196 0.513688 -0.636181
0.0804489 0.0750198 -0.208762 0.127466 0.2446 2.59343
0.046488 0.0996939 0.0928851 -0.0463843 0.103823 -0.463145
0.00575696 0.109849 -0.0212011 0.0231357 0.0313807 2.31259
-0.0358125 0.104007 -0.00559335 -0.00703004 0.00898371 -2.24287
-0.0721665 0.0830181 0.00525834 0.0116031 0.012739 1.1453
-0.0980107 0.049939 -0.0137334 0.0146026 0.020046 2.32553
-0.109581 0.00958713 0.00232772 -0.0262367 0.0263398 -1.48231
-0.105194 -0.0321609 -0.015223 0.0236358 0.0281139 2.14299
-0.0854861 -0.0692252 0.0388062 -0.00767033 0.039557 -0.195142
-0.0533291 -0.0962082 -0.0724548 -0.0781713 0.106585 -2.31826
-0.0134056 -0.10918 0.000628986 0.307837 0.307837 1.56875
0.0284701 -0.106252 0.313704 -0.729275 0.793884 -1.16456
# x y Real Imaginary Modulus Phase <-> f = 0 s = 15
0.109996 -0.000959919 0.660716 0.0180884 0.660964 0.0273701
0.102346 0.0403151 -0.52541 0.439059 0.68471 2.44549
0.0797912 0.075719 0.346932 -0.285606 0.449369 -0.688749
0.0456163 0.100096 -0.161079 0.136529 0.211156 2.4385
0.00479813 0.109895 0.0355906 -0.0532499 0.0640487 -0.981617
-0.0367188 0.103691 0.000986419 0.0229283 0.0229495 1.5278
-0.0728882 0.0823851 -0.0156563 -0.00431302 0.0162395 -2.87278
-0.0984428 0.0490818 0.00353678 0.00789195 0.00864822 1.14948
-0.109661 0.0086305 -0.0185595 0.0175368 0.0255342 2.38452
-0.104909 -0.0330776 -0.00404573 -0.0360923 0.0363183 -1.68242
-0.0848787 -0.0699686 -0.0152904 0.0248251 0.0291561 2.12284
-0.0524875 -0.0966699 0.0521991 0.00773402 0.052769 0.147094
-0.0124524 -0.109293 -0.0806694 -0.144031 0.165083 -2.08135
0.0293962 -0.105999 0.00148446 0.478547 0.478549 1.56769
0.0669638 -0.0872689 0.072454 -0.785347 0.788682 -1.4788
