# x y Real Imaginary Modulus Phase <-> f = 0 s = 0
0.10199 0.0412067 0.732921 -0.0367215 0.733841 -0.0500611
0.0791274 0.0764124 -0.569521 0.329938 0.658189 2.61651
0.044741 0.10049 0.29548 -0.22709 0.372664 -0.655266
0.00383894 0.109933 -0.0948986 0.1069 0.142945 2.29679
-0.0376222 0.103366 0.0151113 -0.0490189 0.0512953 -1.27176
-0.0736044 0.0817459 0.00373721 0.0143384 0.0148175 1.31583
-0.0988673 0.0482208 -0.0239074 0.000284852 0.0239091 3.12968
-0.109732 0.00767321 0.0030297 0.00453182 0.00545128 0.981498
-0.104616 -0.0339919 -0.0203957 0.0201163 0.028647 2.36309
-0.0842649 -0.0707066 0.00884533 -0.0284384 0.0297823 -1.26925
-0.0516419 -0.0971242 -0.0263932 0.00938336 0.0280115 2.80001
-0.0114981 -0.109397 0.0572892 0.0661738 0.0875273 0.857236
0.0303201 -0.105739 -0.0500756 -0.282371 0.286776 -1.74631
0.0677228 -0.0866812 0.128825 0.640748 0.65357 1.37239
0.0952628 -0.055 -0.0169167 -0.637567 0.637791 -1.59732
# x y Real Imaginary Modulus Phase <-> f = 0 s = 1
0.0784575 0.0771 0.817375 -0.0828728 0.821566 -0.101044
0.0438624 0.100877 -0.576183 0.270197 0.636391 2.7031
0.00287946 0.109962 0.236174 -0.175363 0.294161 -0.638693
-0.0385228 0.103034 -0.0568836 0.10304 0.117699 2.07521
-0.0743149 0.0811005 0.00302778 -0.0422476 0.042356 -1.49925
-0.0992844 0.0473562 0.00345634 0.00972741 0.0103232 1.22939
-0.109795 0.00671534 -0.0220785 0.00110405 0.0221061 3.09163
-0.104316 -0.0349035 0.00787565 0.0108729 0.0134256 0.943922
-0.0836447 -0.0714393 -0.0169689 0.0178 0.0245924 2.33229
-0.0507923 -0.0975712 0.014637 -0.00633434 0.0159489 -0.408426
-0.010543 -0.109494 -0.0237718 -0.0345785 0.0419615 -2.17307
0.0312417 -0.10547 0.0127851 0.139389 0.139974 1.47933
0.0684766 -0.0860869 -0.0552384 -0.392703 0.396569 -1.71054
0.0957391 -0.0541666 0.191801 0.632413 0.660859 1.27633
0.109059 -0.0143579 0.0357451 -0.68641 0.68734 -1.51877
# x y Real Imaginary Modulus Phase <-> f = 0 s = 2
0.0429804 0.101256 0.874826 -0.0810648 0.878574 -0.0924
0.00191976 0.109983 -0.527143 0.184792 0.558595 2.80442
-0.0394205 0.102694 0.187976 -0.176727 0.258007 -0.754564
-0.0750198 0.0804489 -0.0408385 0.0986886 0.106805 1.96315
-0.0996939 0.046488 0.00201819 -0.0453475 0.0453924 -1.52632
-0.109849 0.00575696 0.00810991 0.0108974 0.013584 0.931015
-0.104007 -0.0358125 -0.0154862 -0.00372229 0.0159273 -2.90571
-0.0830181 -0.0721665 0.0131631 0.0111717 0.0172648 0.703749
-0.049939 -0.0980107 -0.00854404 0.00649663 0.0107334 2.49149
-0.00958713 -0.109581 0.00510365 0.00957435 0.0108497 1.08106
0.0321609 -0.105194 0.00697042 -0.053901 0.0543499 -1.44219
0.0692252 -0.0854861 0.0078918 0.178984 0.179157 1.52673
0.0962082 -0.0533291 -0.0873397 -0.360039 0.370481 -1.80878
0.10918 -0.0134056 0.103421 0.567652 0.576997 1.39058
0.106252 0.0284701 0.1009 -0.775059 0.781599 -1.44134
# x y Real Imaginary Modulus Phase <-> f = 0 s = 3
0.000959919 0.109996 0.904442 0.00756869 0.904473 0.00836816
-0.0403151 0.102346 -0.482774 0.198445 0.521969 2.7516
-0.075719 0.0797912 0.17431 -0.167346 0.241638 -0.765019
-0.100096 0.0456163 -0.0466471 0.0996294 0.110009 2.00869
-0.109895 0.00479813 0.000760307 -0.0450378 0.0450442 -1.55392
-0.103691 -0.0367188 0.00625708 0.0199593 0.0209171 1.26701
-0.0823851 -0.0728882 -0.00688477 -0.00840597 0.0108656 -2.25704
-0.0490818 -0.0984428 0.0109211 0.00326601 0.011399 0.290591
-0.0086305 -0.109661 -0.00670681 -0.000544154 0.00672885 -3.06064
0.0330776 -0.104909 -0.00311468 0.0105849 0.0110336 1.85698
0.0699686 -0.0848787 0.00611546 -0.0676589 0.0679347 -1.48065
0.0966699 -0.0524875 0.0406359 0.155389 0.160615 1.31501
0.109293 -0.0124524 -0.0809152 -0.287328 0.298504 -1.8453
0.105999 0.0293962 0.0466049 0.527844 0.529897 1.48273
0.0872689 0.0669638 0.14764 -0.791811 0.805458 -1.38645
# x y Real Imaginary Modulus Phase <-> f = 0 s = 4
-0.0412067 0.10199 0.881996 -0.0137086 0.882102 -0.0155414
-0.0764124 0.0791274 -0.479701 0.17588 0.510928 2.79017
-0.10049 0.044741 0.200948 -0.169657 0.26299 -0.701165
-0.109933 0.00383894 -0.0640989 0.103569 0.1218 2.125
-0.103366 -0.0376222 0.0229659 -0.0496002 0.054659 -1.13717
-0.0817459 -0.0736044 -0.00697782 0.0161506 0.0175935 1.97862
-0.0482208 -0.0988673 -0.000764657 -0.00359328 0.00367374 -1.78047
-0.00767321 -0.109732 0.00958853 -4.70628e-05 0.00958864 -0.0049082
0.0339919 -0.104616 -0.00562472 -0.0013697 0.00578909 -2.90273
0.0707066 -0.0842649 0.00785474 0.0196539 0.0211654 1.19059
0.0971242 -0.0516419 -0.0268641 -0.0419979 0.0498548 -2.13986
0.109397 -0.0114981 0.0494179 0.0934341 0.105698 1.08429
0.105739 0.0303201 -0.0673039 -0.212758 0.22315 -1.87718
0.0866812 0.0677228 0.0107135 0.442416 0.442546 1.54659
0.055 0.0952628 0.22866 -0.741386 0.775847 -1.27163
# x y Real Imaginary Modulus Phase <-> f = 0 s = 5
-0.0771 0.0784575 0.906925 -0.0233695 0.907226 -0.0257621
-0.100877 0.0438624 -0.55788 0.221616 0.600286 2.76346
-0.109962 0.00287946 0.265479 -0.209374 0.338108 -0.667791
-0.103034 -0.0385228 -0.129267 0.118378 0.175281 2.40014
-0.0811005 -0.0743149 0.0566563 -0.03874 0.0686348 -0.599752
-0.0473562 -0.0992844 -0.0127049 0.00956909 0.0159054 2.49606
-0.00671534 -0.109795 -0.00148849 -0.00270575 0.00308815 -2.07373
0.0349035 -0.104316 0.0121624 0.00429555 0.0128987 0.339507
0.0714393 -0.0836447 -0.0146482 -0.00248677 0.0148578 -2.97343
0.0975712 -0.0507923 0.0197173 0.00568265 0.0205198 0.280602
0.109494 -0.010543 -0.0300467 -0.0200725 0.0361346 -2.55264
0.10547 0.0312417 0.060432 0.0638491 0.0879132 0.812886
0.0860869 0.0684766 -0.085069 -0.175366 0.19491 -2.02245
0.0541666 0.0957391 0.0384067 0.406604 0.408414 1.47662
0.0143579 0.109059 0.197365 -0.727606 0.753899 -1.30592
# x y Real Imaginary Modulus Phase <-> f = 0 s = 6
-0.101256 0.0429804 0.845454 -0.0453921 0.846672 -0.0536381
-0.109983 0.00191976 -0.555396 0.311034 0.636559 2.63109
-0.102694 -0.0394205 0.32113 -0.238027 0.399727 -0.637856
-0.0804489 -0.0750198 -0.155375 0.103671 0.186786 2.5532
-0.046488 -0.0996939 0.0443248 -0.0387803 0.0588948 -0.718781
-0.00575696 -0.109849 0.0001193 0.0198599 0.0198602 1.56479
0.0358125 -0.104007 -0.00882566 0.00342889 0.00946834 2.77103
0.0721665 -0.0830181 0.0160505 0.0106123 0.0192416 0.584198
0.0980107 -0.049939 -0.0213593 0.00695682 0.0224637 2.82672
0.109581 -0.00958713 0.00902937 -0.00550575 0.0105756 -0.547566
0.105194 0.0321609 -0.0315815 -0.0101456 0.0331711 -2.83076
0.0854861 0.0692252 0.0611538 0.0519827 0.080262 0.704513
0.0533291 0.0962082 -0.0859269 -0.158807 0.180563 -2.06676
0.0134056 0.10918 0.0300289 0.394124 0.395267 1.49475
-0.0284701 0.106252 0.234513 -0.751412 0.787157 -1.26828
# x y Real Imaginary Modulus Phase <-> f = 0 s = 7
-0.109996 0.000959919 0.762768 -0.0817434 0.767135 -0.106759
-0.102346 -0.0403151 -0.612463 0.354602 0.70771 2.61677
-0.0797912 -0.075719 0.353847 -0.207455 0.410177 -0.530274
-0.0456163 -0.100096 -0.117883 0.0875398 0.146832 2.50284
-0.00479813 -0.109895 0.00580706 -0.0449835 0.0453567 -1.44241
0.0367188 -0.103691 0.00779389 0.00952101 0.0123042 0.884817
0.0728882 -0.0823851 -0.0260711 0.00428283 0.0264206 2.97877
0.0984428 -0.0490818 0.0102646 0.00523578 0.0115228 0.471681
0.109661 -0.0086305 -0.0234296 0.0118109 0.0262382 2.67467
0.104909 0.0330776 0.00341167 -0.00846961 0.00913092 -1.18787
0.0848787 0.0699686 -0.0307793 -0.0127245 0.0333058 -2.74958
0.0524875 0.0966699 0.0609024 0.0509877 0.0794283 0.697018
0.0124524 0.109293 -0.0801501 -0.175862 0.193265 -1.99843
-0.0293962 0.105999 0.0106918 0.465831 0.465954 1.54785
-0.0669638 0.0872689 0.153274 -0.768249 0.78339 -1.37387
# x y Real Imaginary Modulus Phase <-> f = 0 s = 8
-0.10199 -0.0412067 0.72846 -0.146356 0.743017 -0.198272
-0.0791274 -0.0764124 -0.621998 0.327942 0.703156 2.65639
-0.044741 -0.10049 0.261585 -0.17332 0.313794 -0.585166
-0.00383894 -0.109933 -0.0247398 0.0929491 0.0961852 1.83093
0.0376222 -0.103366 -0.0232105 -0.0328246 0.0402018 -2.18628
0.0736044 -0.0817459 0.023185 -0.00566287 0.0238665 -0.239557
0.0988673 -0.0482208 -0.0348236 0.00384975 0.0350358 3.03149
0.109732 -0.00767321 0.0085263 0.00472724 0.00974908 0.506238
0.104616 0.0339919 -0.0232811 0.0152526 0.0278325 2.56161
0.0842649 0.0707066 0.0109248 -0.00599625 0.0124622 -0.501973
0.0516419 0.0971242 -0.0328992 -0.00884805 0.0340682 -2.87886
0.0114981 0.109397 0.0589426 0.0645318 0.087399 0.830633
-0.0303201 0.105739 -0.0738934 -0.234218 0.245598 -1.8764
-0.0677228 0.0866812 0.0785675 0.528271 0.534082 1.42315
-0.0952628 0.055 0.0689549 -0.747844 0.751017 -1.47885
# x y Real Imaginary Modulus Phase <-> f = 0 s = 9
-0.0784575 -0.0771 0.861995 -0.0604056 0.864109 -0.0699621
-0.0438624 -0.100877 -0.506335 0.150574 0.528249 2.85254
-0.00287946 -0.109962 0.114189 -0.137004 0.178351 -0.875977
0.0385228 -0.103034 0.0155547 0.0573892 0.0594599 1.30612
0.0743149 -0.0811005 -0.0312107 -0.0115705 0.0332863 -2.78658
0.0992844 -0.0473562 0.0286311 -0.0167589 0.0331753 -0.529569
0.109795 -0.00671534 -0.034893 0.0051042 0.0352643 2.99634
0.104316 0.0349035 0.0114385 0.0139295 0.0180241 0.883279
0.0836447 0.0714393 -0.0153721 0.0097633 0.0182105 2.57574
0.0507923 0.0975712 0.0181327 -0.00222531 0.0182687 -0.122113
0.010543 0.109494 -0.0309387 -0.0240797 0.039205 -2.48022
-0.0312417 0.10547 0.0410701 0.112209 0.119489 1.21993
-0.0684766 0.0860869 -0.0770434 -0.300368 0.310091 -1.82188
-0.0957391 0.0541666 0.078051 0.597344 0.602422 1.44087
-0.109059 0.0143579 0.00587223 -0.793957 0.793979 -1.5634
# x y Real Imaginary Modulus Phase <-> f = 0 s = 10
-0.0429804 -0.101256 0.898756 0.128604 0.907911 0.142126
-0.00191976 -0.109983 -0.35095 0.113159 0.368743 2.82968
0.0394205 -0.102694 0.0737753 -0.115183 0.136784 -1.00112
0.0750198 -0.0804489 0.00734453 0.0530636 0.0535695 1.43326
0.0996939 -0.046488 -0.0300914 -0.0132111 0.0328638 -2.7279
0.109849 -0.00575696 0.0292431 -0.00170135 0.0292926 -0.0581139
0.104007 0.0358125 -0.0239202 -0.000303295 0.0239221 -3.12891
0.0830181 0.0721665 0.0174408 0.0133311 0.0219522 0.652628
0.049939 0.0980107 -0.0113211 -0.0010337 0.0113682 -3.05054
0.00958713 0.109581 0.0104748 0.00893546 0.0137682 0.706258
-0.0321609 0.105194 -0.00801173 -0.0408576 0.0416357 -1.76443
-0.0692252 0.0854861 0.0237125 0.132324 0.134431 1.39348
-0.0962082 0.0533291 -0.0358814 -0.308343 0.310424 -1.68664
-0.10918 0.0134056 0.0438636 0.602671 0.604265 1.49814
-0.106252 -0.0284701 0.122873 -0.78198 0.791574 -1.41494
# x y Real Imaginary Modulus Phase <-> f = 0 s = 11
-0.000959919 -0.109996 0.765299 0.210052 0.793602 0.267873
0.0403151 -0.102346 -0.318671 0.0958546 0.332775 2.84941
0.075719 -0.0797912 0.0996047 -0.11914 0.155291 -0.874468
0.100096 -0.0456163 -0.00613589 0.0717717 0.0720335 1.65608
0.109895 -0.00479813 -0.0114793 -0.0328238 0.0347732 -1.90723
0.103691 0.0367188 0.00929288 0.0202725 0.0223009 1.14098
0.0823851 0.0728882 -0.00944833 -0.00631438 0.0113641 -2.55246
0.0490818 0.0984428 0.0115307 0.00562335 0.0128288 0.453749
0.0086305 0.109661 -0.00312092 -0.00387606 0.00497634 -2.24869
-0.0330776 0.104909 0.00672771 0.00770718 0.0102305 0.853148
-0.0699686 0.0848787 -0.0139286 -0.0393931 0.041783 -1.91066
-0.0966699 0.0524875 0.0254125 0.0983795 0.101609 1.31801
-0.109293 0.0124524 -0.0473407 -0.233156 0.237914 -1.77112
-0.105999 -0.0293962 -0.00125315 0.423598 0.4236 1.57375
-0.0872689 -0.0669638 0.295664 -0.680717 0.742154 -1.16104
# x y Real Imaginary Modulus Phase <-> f = 0 s = 12
0.0412067 -0.10199 0.820686 0.199788 0.844655 0.238795
0.0764124 -0.0791274 -0.423085 0.10362 0.43559 2.90141
0.10049 -0.044741 0.171869 -0.154856 0.231343 -0.733373
0.109933 -0.00383894 -0.0707123 0.103673 0.125493 2.16939
0.103366 0.0376222 0.0367309 -0.0508368 0.062718 -0.945112
0.0817459 0.0736044 -0.0159495 0.0137037 0.021028 2.43179
0.0482208 0.0988673 2.68764e-05 -0.00422788 0.00422796 -1.56444
0.00767321 0.109732 0.00619498 0.00183475 0.00646097 0.287936
-0.0339919 0.104616 -0.000187681 0.000903526 0.000922813 1.7756
-0.0707066 0.0842649 0.0114139 0.00566416 0.012742 0.460645
-0.0971242 0.0516419 -0.0299524 -0.0134208 0.0328217 -2.72034
-0.109397 0.0114981 0.0617647 0.0390027 0.0730486 0.56324
-0.105739 -0.0303201 -0.0851836 -0.107557 0.137203 -2.24063
-0.0866812 -0.0677228 0.0266977 0.278928 0.280203 1.47537
-0.055 -0.0952628 0.274839 -0.512794 0.581803 -1.07879
# x y Real Imaginary Modulus Phase <-> f = 0 s = 13
0.0771 -0.0784575 0.950656 0.0354176 0.951316 0.0372387
0.100877 -0.0438624 -0.578206 0.241145 0.626477 2.74647
0.109962 -0.00287946 0.336284 -0.225854 0.405088 -0.591421
0.103034 0.0385228 -0.183465 0.105212 0.211492 2.62091
0.0811005 0.0743149 0.0852568 -0.0283007 0.0898313 -0.320502
0.0473562 0.0992844 -0.0278931 0.00027297 0.0278944 3.13181
0.00671534 0.109795 0.00437655 -0.00217302 0.00488632 -0.460855
-0.0349035 0.104316 0.00292245 0.00452839 0.00538953 0.997688
-0.0714393 0.0836447 -0.00251636 0.0095283 0.00985498 1.82899
-0.0975712 0.0507923 0.00468392 -0.00558621 0.00729005 -0.873029
-0.109494 0.010543 -0.029609 0.00875421 0.0308761 2.85412
-0.10547 -0.0312417 0.05221 -0.00410897 0.0523714 -0.0785389
-0.0860869 -0.0684766 -0.0735048 -0.0662986 0.0989871 -2.40769
-0.0541666 -0.0957391 0.0247461 0.235477 0.236774 1.46609
-0.0143579 -0.109059 0.305477 -0.533211 0.614516 -1.05054
# x y Real Imaginary Modulus Phase <-> f = 0 s = 14
0.101256 -0.0429804 0.742499 -0.0898577 0.747917 -0.120435
0.109983 -0.00191976 -0.575034 0.447558 0.728679 2.48021
0.102694 0.0394205 0.412776 -0.304797 0.513113 -0.63604
0.0804489 0.0750198 -0.210605 0.12513 0.244974 2.60549
0.046488 0.0996939 0.0912803 -0.0451644 0.101843 -0.459469
0.00575696 0.109849 -0.0214785 0.0209124 0.0299775 2.36955
-0.0358125 0.104007 -0.00137062 -0.0109333 0.0110189 -1.69551
-0.0721665 0.0830181 0.00506058 0.0111306 0.012227 1.14408
-0.0980107 0.049939 -0.0129206 0.0170097 0.0213605 2.22042
-0.109581 0.00958713 0.00190636 -0.0246674 0.0247409 -1.49367
-0.105194 -0.0321609 -0.0142687 0.022548 0.0266835 2.135
-0.0854861 -0.0692252 0.0394919 -0.00682854 0.0400779 -0.171217
-0.0533291 -0.0962082 -0.0703881 -0.0764499 0.103919 -2.31494
-0.0134056 -0.10918 0.00104245 0.308852 0.308853 1.56742
0.0284701 -0.106252 0.313729 -0.726698 0.791527 -1.16325
# x y Real Imaginary Modulus Phase <-> f = 0 s = 15
0.109996 -0.000959919 0.658043 0.0138249 0.658188 0.021006
0.102346 0.0403151 -0.52931 0.440494 0.688624 2.44752
0.0797912 0.075719 0.351911 -0.28538 0.453082 -0.681377
0.0456163 0.100096 -0.157738 0.136174 0.208386 2.42943
0.00479813 0.109895 0.0405688 -0.0550434 0.0683784 -0.935646
-0.0367188 0.103691 0.000291543 0.0224014 0.0224033 1.55778
-0.0728882 0.0823851 -0.0166963 -0.00384172 0.0171326 -2.91543
-0.0984428 0.0490818 0.00490048 0.00786947 0.00927056 1.01384
-0.109661 0.0086305 -0.0198953 0.0183838 0.0270885 2.39566
-0.104909 -0.0330776 -0.000184827 -0.0356238 0.0356242 -1.57598
-0.0848787 -0.0699686 -0.0127851 0.0260362 0.0290059 2.02726
-0.0524875 -0.0966699 0.0503278 0.0110607 0.0515289 0.216334
-0.0124524 -0.109293 -0.0792887 -0.145336 0.165557 -2.07022
0.0293962 -0.105999 0.00406214 0.478095 0.478112 1.5623
0.0669638 -0.0872689 0.0748576 -0.783427 0.786996 -1.47553
