# x y Real Imaginary Modulus Phase <-> f = 0 s = 0
0.10199 0.0412067 0.733073 -0.0355778 0.733936 -0.0484943
0.0791274 0.0764124 -0.568906 0.330385 0.657882 2.61546
0.044741 0.10049 0.295861 -0.227197 0.373031 -0.65487
0.00383894 0.109933 -0.0962132 0.106196 0.143299 2.30691
-0.0376222 0.103366 0.014561 -0.0487667 0.0508941 -1.28064
-0.0736044 0.0817459 0.0031609 0.0136808 0.0140412 1.34373
-0.0988673 0.0482208 -0.0238703 -0.000185831 0.023871 -3.13381
-0.109732 0.00767321 0.00310848 0.00551161 0.00632776 1.05728
-0.104616 -0.0339919 -0.0191632 0.0206519 0.0281732 2.31882
-0.0842649 -0.0707066 0.00993624 -0.0290865 0.0307369 -1.24162
-0.0516419 -0.0971242 -0.0261457 0.00930523 0.0277522 2.79967
-0.0114981 -0.109397 0.057318 0.0669211 0.0881124 0.862539
0.0303201 -0.105739 -0.0495895 -0.281265 0.285603 -1.74531
0.0677228 -0.0866812 0.128215 0.641495 0.654183 1.37353
0.0952628 -0.055 -0.015301 -0.63717 0.637354 -1.59481
# x y Real Imaginary Modulus Phase <-> f = 0 s = 1
0.0784575 0.0771 0.817889 -0.0833107 0.822121 -0.101511
0.0438624 0.100877 -0.575485 0.270067 0.635703 2.70282
0.00287946 0.109962 0.236252 -0.174201 0.293532 -0.635358
-0.0385228 0.103034 -0.0565343 0.103574 0.117999 2.07044
-0.0743149 0.0811005 0.00256154 -0.0431335 0.0432094 -1.51148
-0.0992844 0.0473562 0.00275135 0.00964756 0.0100322 1.29299
-0.109795 0.00671534 -0.0225151 0.00131239 0.0225533 3.08337
-0.104316 -0.0349035 0.00680181 0.0103858 0.0124149 0.990976
-0.0836447 -0.0714393 -0.0173128 0.0170518 0.0243001 2.36379
-0.0507923 -0.0975712 0.0139109 -0.00672549 0.0154514 -0.450335
-0.010543 -0.109494 -0.0247871 -0.033806 0.0419195 -2.20347
0.0312417 -0.10547 0.0125434 0.14087 0.141428 1.48199
0.0684766 -0.0860869 -0.0552944 -0.392555 0.39643 -1.71073
0.0957391 -0.0541666 0.190514 0.63256 0.660626 1.27826
0.109059 -0.0143579 0.0354735 -0.685772 0.686689 -1.51911
# x y Real Imaginary Modulus Phase <-> f = 0 s = 2
0.0429804 0.101256 0.874532 -0.0812061 0.878294 -0.0925911
0.00191976 0.109983 -0.527574 0.185584 0.559264 2.80334
-0.0394205 0.102694 0.188167 -0.176658 0.258099 -0.753863
-0.0750198 0.0804489 -0.0403207 0.0996562 0.107504 1.95526
-0.0996939 0.046488 0.00165362 -0.0454169 0.0454469 -1.5344
-0.109849 0.00575696 0.0079461 0.0110101 0.013578 0.945647
-0.104007 -0.0358125 -0.0145969 -0.00455272 0.0152904 -2.83926
-0.0830181 -0.0721665 0.0125268 0.0105492 0.016377 0.699911
-0.049939 -0.0980107 -0.00798424 0.00652818 0.0103134 2.45619
-0.00958713 -0.109581 0.0056744 0.00947163 0.0110413 1.03104
0.0321609 -0.105194 0.00703388 -0.0535349 0.053995 -1.44016
0.0692252 -0.0854861 0.00774959 0.178464 0.178632 1.5274
0.0962082 -0.0533291 -0.0879936 -0.361339 0.371899 -1.80967
0.10918 -0.0134056 0.103475 0.568369 0.577712 1.39071
0.106252 0.0284701 0.10057 -0.774247 0.780751 -1.44163
# x y Real Imaginary Modulus Phase <-> f = 0 s = 3
0.000959919 0.109996 0.904831 0.00691519 0.904857 0.00764237
-0.0403151 0.102346 -0.482498 0.198656 0.521794 2.75102
-0.075719 0.0797912 0.174443 -0.167503 0.241842 -0.765104
-0.100096 0.0456163 -0.0467025 0.0999908 0.11036 2.00775
-0.109895 0.00479813 0.000477037 -0.0455131 0.0455156 -1.56032
-0.103691 -0.0367188 0.00620943 0.0194146 0.0203834 1.26124
-0.0823851 -0.0728882 -0.00705352 -0.00852364 0.0110637 -2.2621
-0.0490818 -0.0984428 0.0109945 0.00370249 0.0116012 0.324829
-0.0086305 -0.109661 -0.00614099 -0.000345505 0.0061507 -3.08539
0.0330776 -0.104909 -0.00370722 0.0108009 0.0114194 1.90143
0.0699686 -0.0848787 0.00617916 -0.0678569 0.0681376 -1.47999
0.0966699 -0.0524875 0.0412971 0.154967 0.160375 1.31036
0.109293 -0.0124524 -0.0803328 -0.28757 0.298579 -1.8432
0.105999 0.0293962 0.0466694 0.527702 0.529762 1.48259
0.0872689 0.0669638 0.147237 -0.792157 0.805724 -1.38702
# x y Real Imaginary Modulus Phase <-> f = 0 s = 4
-0.0412067 0.10199 0.882036 -0.0139136 0.882146 -0.0157731
-0.0764124 0.0791274 -0.479684 0.176117 0.510993 2.78972
-0.10049 0.044741 0.201045 -0.169729 0.26311 -0.701137
-0.109933 0.00383894 -0.0642026 0.103422 0.12173 2.12636
-0.103366 -0.0376222 0.0229659 -0.049483 0.0545528 -1.13626
-0.0817459 -0.0736044 -0.00696879 0.0160582 0.0175051 1.98024
-0.0482208 -0.0988673 -0.000502328 -0.00320958 0.00324865 -1.72605
-0.00767321 -0.109732 0.00967066 -5.5982e-05 0.00967082 -0.00578879
0.0339919 -0.104616 -0.00549669 -0.00132067 0.00565312 -2.9058
0.0707066 -0.0842649 0.00746654 0.0195905 0.0209652 1.20666
0.0971242 -0.0516419 -0.0272718 -0.0422899 0.0503208 -2.14356
0.109397 -0.0114981 0.0494744 0.0933617 0.10566 1.0835
0.105739 0.0303201 -0.0673221 -0.213143 0.223522 -1.87673
0.0866812 0.0677228 0.0106785 0.442124 0.442253 1.54665
0.055 0.0952628 0.228878 -0.741574 0.776091 -1.27143
# x y Real Imaginary Modulus Phase <-> f = 0 s = 5
-0.0771 0.0784575 0.906785 -0.0228685 0.907074 -0.025214
-0.100877 0.0438624 -0.557691 0.222448 0.600419 2.76206
-0.109962 0.00287946 0.265587 -0.209636 0.338354 -0.668202
-0.103034 -0.0385228 -0.129063 0.118546 0.175243 2.39864
-0.0811005 -0.0743149 0.0570106 -0.0383323 0.0686992 -0.591941
-0.0473562 -0.0992844 -0.0124096 0.00932374 0.015522 2.49724
-0.00671534 -0.109795 -0.00112203 -0.00323888 0.00342772 -1.90428
0.0349035 -0.104316 0.0116417 0.00438223 0.0124392 0.36002
0.0714393 -0.0836447 -0.0144485 -0.00291553 0.0147397 -2.94248
0.0975712 -0.0507923 0.0194913 0.0045614 0.0200179 0.229886
0.109494 -0.010543 -0.0295914 -0.0195182 0.0354487 -2.55851
0.10547 0.0312417 0.0596763 0.0634668 0.0871166 0.81617
0.0860869 0.0684766 -0.0846319 -0.175374 0.194727 -2.02041
0.0541666 0.0957391 0.0385397 0.406947 0.408768 1.47637
0.0143579 0.109059 0.197663 -0.727653 0.754022 -1.30555
# x y Real Imaginary Modulus Phase <-> f = 0 s = 6
-0.101256 0.0429804 0.846606 -0.0460345 0.847856 -0.0543218
-0.109983 0.00191976 -0.554314 0.30961 0.634919 2.63221
-0.102694 -0.0394205 0.324257 -0.238313 0.402412 -0.633801
-0.0804489 -0.0750198 -0.154233 0.103055 0.185495 2.55255
-0.046488 -0.0996939 0.0444161 -0.039297 0.0593047 -0.724324
-0.00575696 -0.109849 3.20737e-05 0.0170629 0.0170629 1.56892
0.0358125 -0.104007 -0.00948553 0.00248351 0.00980525 2.88552
0.0721665 -0.0830181 0.0144406 0.0111268 0.0182301 0.656509
0.0980107 -0.049939 -0.0212997 0.00792346 0.0227258 2.78546
0.109581 -0.00958713 0.0101684 -0.00480681 0.0112473 -0.441588
0.105194 0.0321609 -0.0314054 -0.0114912 0.0334416 -2.79083
0.0854861 0.0692252 0.0604767 0.0509369 0.0790696 0.699981
0.0533291 0.0962082 -0.0852266 -0.158581 0.180032 -2.06394
0.0134056 0.10918 0.0317855 0.394346 0.395625 1.49037
-0.0284701 0.106252 0.233896 -0.750375 0.785984 -1.26864
# x y Real Imaginary Modulus Phase <-> f = 0 s = 7
-0.109996 0.000959919 0.76497 -0.0804579 0.76919 -0.104793
-0.102346 -0.0403151 -0.612505 0.354583 0.707737 2.61683
-0.0797912 -0.075719 0.35521 -0.207141 0.411195 -0.527938
-0.0456163 -0.100096 -0.118852 0.0880719 0.147927 2.50386
-0.00479813 -0.109895 0.00524325 -0.043867 0.0441792 -1.45183
0.0367188 -0.103691 0.00980341 0.0101497 0.0141111 0.80275
0.0728882 -0.0823851 -0.025024 0.00420192 0.0253743 2.97523
0.0984428 -0.0490818 0.0102744 0.00690972 0.0123817 0.592043
0.109661 -0.0086305 -0.0234894 0.0120342 0.0263927 2.66813
0.104909 0.0330776 0.00336895 -0.00782223 0.00851687 -1.16412
0.0848787 0.0699686 -0.0311534 -0.0118243 0.0333219 -2.77884
0.0524875 0.0966699 0.0605079 0.0498445 0.0783944 0.689066
0.0124524 0.109293 -0.0804915 -0.176942 0.19439 -1.99772
-0.0293962 0.105999 0.011658 0.465954 0.4661 1.54578
-0.0669638 0.0872689 0.152037 -0.771553 0.78639 -1.37624
# x y Real Imaginary Modulus Phase <-> f = 0 s = 8
-0.10199 -0.0412067 0.725494 -0.146462 0.74013 -0.199202
-0.0791274 -0.0764124 -0.622607 0.326274 0.702918 2.65889
-0.044741 -0.10049 0.259864 -0.175044 0.31332 -0.592785
-0.00383894 -0.109933 -0.0253515 0.092666 0.0960713 1.83784
0.0376222 -0.103366 -0.024662 -0.0301363 0.0389411 -2.25662
0.0736044 -0.0817459 0.0245236 -0.00725933 0.0255755 -0.287796
0.0988673 -0.0482208 -0.0351159 0.00514132 0.0354902 2.99622
0.109732 -0.00767321 0.00889714 0.00511972 0.010265 0.522161
0.104616 0.0339919 -0.0225019 0.0143763 0.0267023 2.57306
0.0842649 0.0707066 0.00981494 -0.007553 0.0123847 -0.655891
0.0516419 0.0971242 -0.0329109 -0.00804555 0.0338801 -2.90183
0.0114981 0.109397 0.060361 0.0648633 0.0886041 0.821337
-0.0303201 0.105739 -0.074392 -0.235777 0.247234 -1.87643
-0.0677228 0.0866812 0.0797689 0.526816 0.532821 1.42052
-0.0952628 0.055 0.0698311 -0.74684 0.750097 -1.47757
# x y Real Imaginary Modulus Phase <-> f = 0 s = 9
-0.0784575 -0.0771 0.863193 -0.0609943 0.865346 -0.070544
-0.0438624 -0.100877 -0.507447 0.150747 0.529365 2.85283
-0.00287946 -0.109962 0.113181 -0.137943 0.178433 -0.883684
0.0385228 -0.103034 0.014709 0.0595445 0.0613344 1.32862
0.0743149 -0.0811005 -0.0299893 -0.0120605 0.0323236 -2.75923
0.0992844 -0.0473562 0.028542 -0.0166182 0.0330274 -0.527255
0.109795 -0.00671534 -0.0336821 0.00230722 0.033761 3.0732
0.104316 0.0349035 0.0111708 0.0121108 0.016476 0.825751
0.0836447 0.0714393 -0.0181128 0.0100966 0.0207368 2.63306
0.0507923 0.0975712 0.0190619 -0.00100075 0.0190882 -0.0524518
0.010543 0.109494 -0.0304404 -0.0238017 0.0386412 -2.47798
-0.0312417 0.10547 0.0429213 0.113736 0.121565 1.20994
-0.0684766 0.0860869 -0.0773945 -0.299524 0.309361 -1.82366
-0.0957391 0.0541666 0.0797847 0.595883 0.6012 1.43769
-0.109059 0.0143579 0.00537922 -0.795992 0.796011 -1.56404
# x y Real Imaginary Modulus Phase <-> f = 0 s = 10
-0.0429804 -0.101256 0.895521 0.129928 0.904898 0.144082
-0.00191976 -0.109983 -0.349149 0.112859 0.366936 2.82895
0.0394205 -0.102694 0.0728056 -0.115212 0.136288 -1.00723
0.0750198 -0.0804489 0.00939424 0.0532121 0.054035 1.39605
0.0996939 -0.046488 -0.0293924 -0.0112834 0.0314838 -2.77505
0.109849 -0.00575696 0.0307134 -0.00318265 0.0308778 -0.103256
0.104007 0.0358125 -0.0256039 -0.000617418 0.0256114 -3.11748
0.0830181 0.0721665 0.0144672 0.0146547 0.0205927 0.791838
0.049939 0.0980107 -0.0109685 0.0010965 0.0110232 3.04196
0.00958713 0.109581 0.0102278 0.0081015 0.0130477 0.669908
-0.0321609 0.105194 -0.00927615 -0.0424592 0.0434607 -1.78589
-0.0692252 0.0854861 0.0246273 0.130887 0.133184 1.38481
-0.0962082 0.0533291 -0.0338481 -0.307833 0.309689 -1.68031
-0.10918 0.0134056 0.0450025 0.601405 0.603087 1.49611
-0.106252 -0.0284701 0.121229 -0.783376 0.7927 -1.41726
# x y Real Imaginary Modulus Phase <-> f = 0 s = 11
-0.000959919 -0.109996 0.766187 0.210312 0.794527 0.267893
0.0403151 -0.102346 -0.318068 0.0960706 0.332261 2.84826
0.075719 -0.0797912 0.100076 -0.119379 0.155777 -0.873133
0.100096 -0.0456163 -0.00775077 0.073607 0.074014 1.67571
0.109895 -0.00479813 -0.0114084 -0.0330326 0.0349471 -1.90334
0.103691 0.0367188 0.0088907 0.0159264 0.0182399 1.06165
0.0823851 0.0728882 -0.00803812 -0.00523493 0.00959249 -2.56433
0.0490818 0.0984428 0.0116796 0.00627232 0.0132572 0.492834
0.0086305 0.109661 -0.00259143 -0.00196771 0.00325383 -2.49216
-0.0330776 0.104909 0.00712861 0.00789804 0.0106394 0.836558
-0.0699686 0.0848787 -0.0131405 -0.0398235 0.0419355 -1.88951
-0.0966699 0.0524875 0.0265451 0.0979936 0.101525 1.30626
-0.109293 0.0124524 -0.0483583 -0.231878 0.236867 -1.7764
-0.105999 -0.0293962 0.00113713 0.423137 0.423138 1.56811
-0.0872689 -0.0669638 0.295672 -0.681597 0.742964 -1.1615
# x y Real Imaginary Modulus Phase <-> f = 0 s = 12
0.0412067 -0.10199 0.820843 0.199147 0.844655 0.238014
0.0764124 -0.0791274 -0.422935 0.103257 0.435357 2.90213
0.10049 -0.044741 0.171729 -0.154265 0.230843 -0.731878
0.109933 -0.00383894 -0.0710448 0.104572 0.126422 2.16756
0.103366 0.0376222 0.0363134 -0.0505738 0.0622605 -0.948074
0.0817459 0.0736044 -0.0171357 0.0133548 0.0217251 2.47957
0.0482208 0.0988673 -0.000182361 -0.00341059 0.00341546 -1.62421
0.00767321 0.109732 0.00535144 0.00122208 0.00548921 0.224515
-0.0339919 0.104616 -0.00122097 -2.63668e-05 0.00122125 -3.12
-0.0707066 0.0842649 0.0114442 0.00733445 0.0135928 0.569941
-0.0971242 0.0516419 -0.0301962 -0.0147531 0.0336075 -2.68713
-0.109397 0.0114981 0.0617302 0.0392817 0.0731688 0.566716
-0.105739 -0.0303201 -0.0838384 -0.108276 0.13694 -2.22967
-0.0866812 -0.0677228 0.0261058 0.278795 0.280015 1.47743
-0.055 -0.0952628 0.275039 -0.511813 0.581032 -1.07769
# x y Real Imaginary Modulus Phase <-> f = 0 s = 13
0.0771 -0.0784575 0.948898 0.03601 0.949581 0.0379311
0.100877 -0.0438624 -0.577852 0.238871 0.625277 2.74961
0.109962 -0.00287946 0.336413 -0.225466 0.40498 -0.590448
0.103034 0.0385228 -0.183933 0.10554 0.212062 2.62066
0.0811005 0.0743149 0.0841193 -0.0277878 0.0885902 -0.319052
0.0473562 0.0992844 -0.0274133 0.000470084 0.0274173 3.12445
0.00671534 0.109795 0.00540447 -0.00194398 0.00574346 -0.345289
-0.0349035 0.104316 0.00242881 0.00519403 0.00573385 1.13339
-0.0714393 0.0836447 -0.000202094 0.0098687 0.00987077 1.59127
-0.0975712 0.0507923 0.00564453 -0.0063829 0.00852069 -0.846712
-0.109494 0.010543 -0.0298862 0.0097616 0.03144 2.82589
-0.10547 -0.0312417 0.0518084 -0.00547213 0.0520966 -0.105232
-0.0860869 -0.0684766 -0.0721226 -0.0664739 0.0980839 -2.39693
-0.0541666 -0.0957391 0.0232919 0.236063 0.237209 1.47245
-0.0143579 -0.109059 0.305545 -0.533553 0.614847 -1.05072
# x y Real Imaginary Modulus Phase <-> f = 0 s = 14
0.101256 -0.0429804 0.743015 -0.0907594 0.748537 -0.121548
0.109983 -0.00191976 -0.574661 0.447858 0.728568 2.47957
0.102694 0.0394205 0.413467 -0.302301 0.512192 -0.63132
0.0804489 0.0750198 -0.21118 0.125583 0.245699 2.6051
0.046488 0.0996939 0.0909903 -0.0440719 0.101102 -0.451056
0.00575696 0.109849 -0.0227934 0.0206717 0.0307711 2.40497
-0.0358125 0.104007 -0.00150732 -0.010664 0.01077 -1.71121
-0.0721665 0.0830181 0.00454278 0.0104106 0.0113586 1.15934
-0.0980107 0.049939 -0.0104691 0.0169173 0.0198947 2.12495
-0.109581 0.00958713 0.000338043 -0.0258156 0.0258178 -1.5577
-0.105194 -0.0321609 -0.0153736 0.0226136 0.0273445 2.16786
-0.0854861 -0.0692252 0.0376302 -0.00836703 0.0385492 -0.218789
-0.0533291 -0.0962082 -0.0692828 -0.078498 0.1047 -2.29392
-0.0134056 -0.10918 0.00137082 0.307465 0.307468 1.56634
0.0284701 -0.106252 0.31382 -0.727165 0.791993 -1.16338
# x y Real Imaginary Modulus Phase <-> f = 0 s = 15
0.109996 -0.000959919 0.658521 0.014267 0.658676 0.0216618
0.102346 0.0403151 -0.52925 0.440562 0.688622 2.44739
0.0797912 0.075719 0.351314 -0.285615 0.452766 -0.682612
0.0456163 0.100096 -0.157306 0.136182 0.208064 2.42805
0.00479813 0.109895 0.0405725 -0.0550056 0.0683501 -0.935275
-0.0367188 0.103691 0.0010957 0.02309 0.023116 1.52338
-0.0728882 0.0823851 -0.0176531 -0.00473517 0.0182771 -2.87953
-0.0984428 0.0490818 0.00481285 0.00724034 0.00869403 0.984138
-0.109661 0.0086305 -0.0184028 0.0192634 0.0266409 2.33335
-0.104909 -0.0330776 -0.000386576 -0.0354848 0.0354869 -1.58169
-0.0848787 -0.0699686 -0.0128983 0.0244694 0.0276608 2.0559
-0.0524875 -0.0966699 0.0491537 0.0108945 0.0503466 0.218115
-0.0124524 -0.109293 -0.0784406 -0.144655 0.164554 -2.06768
0.0293962 -0.105999 0.0027358 0.48012 0.480128 1.5651
0.0669638 -0.0872689 0.0743027 -0.786423 0.789925 -1.47659
