# x y Real Imaginary Modulus Phase <-> f = 0 s = 0
0.10199 0.0412067 0.735259 -0.0406861 0.736384 -0.0552793
0.0791274 0.0764124 -0.566591 0.322283 0.651837 2.62442
0.044741 0.10049 0.292282 -0.23443 0.374682 -0.676001
0.00383894 0.109933 -0.0969857 0.109131 0.145999 2.29734
-0.0376222 0.103366 0.0136207 -0.0497025 0.051535 -1.30332
-0.0736044 0.0817459 0.00245594 0.0172601 0.017434 1.42946
-0.0988673 0.0482208 -0.0171534 0.0114331 0.0206145 2.55369
-0.109732 0.00767321 0.00841376 0.00866293 0.0120763 0.799988
-0.104616 -0.0339919 -0.018223 0.0175027 0.025267 2.37635
-0.0842649 -0.0707066 0.010914 -0.0354187 0.0370621 -1.27189
-0.0516419 -0.0971242 -0.0255407 0.0063354 0.0263147 2.89845
-0.0114981 -0.109397 0.0571238 0.0650604 0.0865794 0.850263
0.0303201 -0.105739 -0.054963 -0.280281 0.285619 -1.76444
0.0677228 -0.0866812 0.124198 0.639029 0.650986 1.37883
0.0952628 -0.055 -0.0148712 -0.640896 0.641068 -1.594
# x y Real Imaginary Modulus Phase <-> f = 0 s = 1
0.0784575 0.0771 0.820402 -0.0811436 0.824406 -0.0985865
0.0438624 0.100877 -0.571264 0.273455 0.63334 2.69514
0.00287946 0.109962 0.236606 -0.179946 0.297259 -0.650208
-0.0385228 0.103034 -0.0587705 0.108528 0.123419 2.06711
-0.0743149 0.0811005 0.00499144 -0.0444942 0.0447733 -1.45908
-0.0992844 0.0473562 0.00315781 0.0152391 0.0155628 1.36647
-0.109795 0.00671534 -0.0169174 0.013047 0.0213641 2.48465
-0.104316 -0.0349035 0.0121489 0.0126759 0.0175577 0.806623
-0.0836447 -0.0714393 -0.0179382 0.0148288 0.0232739 2.45081
-0.0507923 -0.0975712 0.0110888 -0.00864874 0.0140628 -0.662399
-0.010543 -0.109494 -0.0255168 -0.0332296 0.0418964 -2.22565
0.0312417 -0.10547 0.0166203 0.143726 0.144684 1.45567
0.0684766 -0.0860869 -0.0573259 -0.388849 0.393052 -1.71717
0.0957391 -0.0541666 0.186009 0.63046 0.657327 1.2839
0.109059 -0.0143579 0.0361114 -0.691711 0.692653 -1.51864
# x y Real Imaginary Modulus Phase <-> f = 0 s = 2
0.0429804 0.101256 0.867975 -0.0873434 0.872358 -0.100291
0.00191976 0.109983 -0.524517 0.195624 0.55981 2.78461
-0.0394205 0.102694 0.187246 -0.186345 0.264169 -0.782986
-0.0750198 0.0804489 -0.0391019 0.103911 0.111024 1.93071
-0.0996939 0.046488 0.0042774 -0.0488279 0.0490149 -1.48342
-0.109849 0.00575696 0.00865657 0.0127379 0.015401 0.973899
-0.104007 -0.0358125 -0.0107094 0.00227912 0.0109492 2.93191
-0.0830181 -0.0721665 0.0173332 0.0110074 0.020533 0.565793
-0.049939 -0.0980107 -0.00696148 0.00750575 0.0102371 2.31859
-0.00958713 -0.109581 0.00627912 0.00938748 0.0112939 0.981261
0.0321609 -0.105194 0.00776841 -0.0550516 0.055597 -1.43061
0.0692252 -0.0854861 0.00761569 0.177346 0.17751 1.52788
0.0962082 -0.0533291 -0.0911736 -0.357832 0.369264 -1.82028
0.10918 -0.0134056 0.10099 0.560816 0.569837 1.39263
0.106252 0.0284701 0.106513 -0.773935 0.781231 -1.43403
# x y Real Imaginary Modulus Phase <-> f = 0 s = 3
0.000959919 0.109996 0.897396 -0.00293849 0.897401 -0.00327445
-0.0403151 0.102346 -0.482044 0.211891 0.526558 2.72745
-0.075719 0.0797912 0.175685 -0.174364 0.247524 -0.781624
-0.100096 0.0456163 -0.0466339 0.105187 0.115061 1.9881
-0.109895 0.00479813 0.00331675 -0.0456593 0.0457796 -1.49828
-0.103691 -0.0367188 0.00628976 0.0178814 0.0189553 1.23256
-0.0823851 -0.0728882 -0.00656262 -0.00596466 0.00886821 -2.40389
-0.0490818 -0.0984428 0.0120511 0.00132441 0.0121237 0.10946
-0.0086305 -0.109661 -0.00269508 0.000544096 0.00274945 2.94238
0.0330776 -0.104909 -0.00519103 0.00984755 0.011132 2.05592
0.0699686 -0.0848787 0.00400718 -0.068675 0.0687918 -1.51251
0.0966699 -0.0524875 0.0411654 0.153339 0.158769 1.30852
0.109293 -0.0124524 -0.086394 -0.289433 0.302052 -1.86087
0.105999 0.0293962 0.0524816 0.524045 0.526667 1.47098
0.0872689 0.0669638 0.140029 -0.789556 0.801877 -1.39527
# x y Real Imaginary Modulus Phase <-> f = 0 s = 4
-0.0412067 0.10199 0.87171 -0.0277014 0.87215 -0.0317676
-0.0764124 0.0791274 -0.478377 0.18659 0.513478 2.76969
-0.10049 0.044741 0.202128 -0.177616 0.269078 -0.72094
-0.109933 0.00383894 -0.0637747 0.104955 0.122812 2.11681
-0.103366 -0.0376222 0.0229969 -0.0489611 0.054093 -1.13168
-0.0817459 -0.0736044 -0.00968173 0.0148072 0.0176915 2.14988
-0.0482208 -0.0988673 -0.0012405 -5.00113e-05 0.0012415 -3.1013
-0.00767321 -0.109732 0.00909936 -0.00376665 0.00984815 -0.392471
0.0339919 -0.104616 -0.00291285 -0.000327476 0.0029312 -3.02964
0.0707066 -0.0842649 0.008111 0.0186689 0.0203548 1.16094
0.0971242 -0.0516419 -0.0262282 -0.0387377 0.0467817 -2.16597
0.109397 -0.0114981 0.0489437 0.094788 0.106678 1.09415
0.105739 0.0303201 -0.0715794 -0.214635 0.226256 -1.89269
0.0866812 0.0677228 0.0200656 0.444595 0.445048 1.52569
0.055 0.0952628 0.215963 -0.740724 0.771565 -1.2871
# x y Real Imaginary Modulus Phase <-> f = 0 s = 5
-0.0771 0.0784575 0.90212 -0.0298418 0.902613 -0.0330676
-0.100877 0.0438624 -0.554718 0.230905 0.600857 2.74715
-0.109962 0.00287946 0.262278 -0.217226 0.340554 -0.691719
-0.103034 -0.0385228 -0.129941 0.119986 0.176865 2.39601
-0.0811005 -0.0743149 0.0594218 -0.042621 0.0731266 -0.622218
-0.0473562 -0.0992844 -0.0171572 0.00591786 0.0181491 2.80945
-0.00671534 -0.109795 -0.00280206 -0.000843823 0.00292636 -2.84909
0.0349035 -0.104316 0.0133886 0.00241276 0.0136042 0.178297
0.0714393 -0.0836447 -0.00953515 -0.00076838 0.00956606 -3.06118
0.0975712 -0.0507923 0.018806 0.00507846 0.0194797 0.263753
0.109494 -0.010543 -0.0307231 -0.0194459 0.0363601 -2.5773
0.10547 0.0312417 0.0611928 0.0657429 0.0898147 0.821228
0.0860869 0.0684766 -0.0930279 -0.178624 0.201397 -2.05095
0.0541666 0.0957391 0.0499124 0.410549 0.413572 1.44982
0.0143579 0.109059 0.178914 -0.730445 0.752037 -1.33059
# x y Real Imaginary Modulus Phase <-> f = 0 s = 6
-0.101256 0.0429804 0.842619 -0.0439013 0.843762 -0.052054
-0.109983 0.00191976 -0.546493 0.306679 0.626663 2.63021
-0.102694 -0.0394205 0.320342 -0.238128 0.399154 -0.639235
-0.0804489 -0.0750198 -0.146731 0.107664 0.181993 2.50857
-0.046488 -0.0996939 0.0504507 -0.0387731 0.0636288 -0.655258
-0.00575696 -0.109849 -0.000440005 0.0136025 0.0136096 1.60313
0.0358125 -0.104007 -0.0146917 0.00355598 0.015116 2.90412
0.0721665 -0.0830181 0.0190227 0.0112677 0.0221094 0.53476
0.0980107 -0.049939 -0.0127271 0.0145097 0.0193006 2.29084
0.109581 -0.00958713 0.00936213 0.000900062 0.00940529 0.0958441
0.105194 0.0321609 -0.0310273 -0.0103662 0.0327131 -2.81915
0.0854861 0.0692252 0.0675444 0.0527527 0.0857035 0.663053
0.0533291 0.0962082 -0.0903432 -0.160049 0.183786 -2.08468
0.0134056 0.10918 0.0397491 0.398331 0.40031 1.47134
-0.0284701 0.106252 0.226242 -0.751771 0.785077 -1.27847
# x y Real Imaginary Modulus Phase <-> f = 0 s = 7
-0.109996 0.000959919 0.765542 -0.0763385 0.769339 -0.0993897
-0.102346 -0.0403151 -0.615018 0.356405 0.710825 2.61638
-0.0797912 -0.075719 0.345772 -0.202538 0.400724 -0.529879
-0.0456163 -0.100096 -0.119237 0.0960819 0.153131 2.46332
-0.00479813 -0.109895 0.00803695 -0.0430241 0.0437683 -1.38612
0.0367188 -0.103691 0.0116494 0.00525739 0.0127808 0.423935
0.0728882 -0.0823851 -0.0307562 0.000921515 0.03077 3.11164
0.0984428 -0.0490818 0.0138714 0.00831588 0.0161731 0.54005
0.109661 -0.0086305 -0.0140816 0.0225015 0.0265445 2.12998
0.104909 0.0330776 0.00565669 0.00159963 0.00587851 0.275589
0.0848787 0.0699686 -0.0300041 -0.0126018 0.032543 -2.74396
0.0524875 0.0966699 0.0642482 0.0531845 0.0834052 0.691462
0.0124524 0.109293 -0.0855966 -0.17987 0.199199 -2.01496
-0.0293962 0.105999 0.0201391 0.469252 0.469684 1.52791
-0.0669638 0.0872689 0.149317 -0.765456 0.779883 -1.37815
# x y Real Imaginary Modulus Phase <-> f = 0 s = 8
-0.10199 -0.0412067 0.72406 -0.150039 0.739442 -0.204328
-0.0791274 -0.0764124 -0.616829 0.322023 0.695829 2.66045
-0.044741 -0.10049 0.256604 -0.181548 0.314333 -0.615744
-0.00383894 -0.109933 -0.0241986 0.0954758 0.0984946 1.81902
0.0376222 -0.103366 -0.0261204 -0.0268186 0.0374368 -2.34301
0.0736044 -0.0817459 0.0300322 -0.00970048 0.03156 -0.312425
0.0988673 -0.0482208 -0.0374196 0.000607741 0.0374245 3.12535
0.109732 -0.00767321 0.0111217 0.00594592 0.0126113 0.490961
0.104616 0.0339919 -0.0143224 0.0241456 0.0280738 2.10618
0.0842649 0.0707066 0.0113543 -0.00352135 0.0118878 -0.300727
0.0516419 0.0971242 -0.0318467 -0.00899906 0.0330937 -2.8662
0.0114981 0.109397 0.0626054 0.0649056 0.0901785 0.803435
-0.0303201 0.105739 -0.0794608 -0.238737 0.251613 -1.8921
-0.0677228 0.0866812 0.0854274 0.519386 0.526364 1.40778
-0.0952628 0.055 0.0734216 -0.74333 0.746947 -1.47234
# x y Real Imaginary Modulus Phase <-> f = 0 s = 9
-0.0784575 -0.0771 0.863448 -0.050837 0.864943 -0.0588089
-0.0438624 -0.100877 -0.496927 0.157363 0.521248 2.83491
-0.00287946 -0.109962 0.110757 -0.141875 0.179987 -0.907955
0.0385228 -0.103034 0.0178156 0.0622372 0.0647369 1.292
0.0743149 -0.0811005 -0.030943 -0.00792281 0.0319412 -2.89093
0.0992844 -0.0473562 0.0361607 -0.0208633 0.0417477 -0.523307
0.109795 -0.00671534 -0.0322874 -0.000877141 0.0322993 -3.11443
0.104316 0.0349035 0.0141033 0.011311 0.0180788 0.675963
0.0836447 0.0714393 -0.00949076 0.0159783 0.0185844 2.10678
0.0507923 0.0975712 0.0172502 -0.00128002 0.0172977 -0.0740676
0.010543 0.109494 -0.0300751 -0.0243612 0.0387037 -2.46078
-0.0312417 0.10547 0.0423543 0.113478 0.121124 1.21357
-0.0684766 0.0860869 -0.0782738 -0.297457 0.307583 -1.82811
-0.0957391 0.0541666 0.0769705 0.597055 0.601996 1.44259
-0.109059 0.0143579 0.00272631 -0.796382 0.796387 -1.56737
# x y Real Imaginary Modulus Phase <-> f = 0 s = 10
-0.0429804 -0.101256 0.879754 0.134469 0.889971 0.151675
-0.00191976 -0.109983 -0.340654 0.126174 0.36327 2.78687
0.0394205 -0.102694 0.0680392 -0.120722 0.138576 -1.05757
0.0750198 -0.0804489 0.0124048 0.0552474 0.0566229 1.34993
0.0996939 -0.046488 -0.0275556 -0.0103487 0.0294348 -2.78233
0.109849 -0.00575696 0.0330712 -0.0078676 0.0339942 -0.233557
0.104007 0.0358125 -0.0275363 -0.00491445 0.0279714 -2.96498
0.0830181 0.0721665 0.0177151 0.0131016 0.0220336 0.636792
0.049939 0.0980107 -0.00708539 0.00246181 0.00750088 2.80719
0.00958713 0.109581 0.00819625 0.00736328 0.011018 0.731915
-0.0321609 0.105194 -0.00982293 -0.0447672 0.0458323 -1.7868
-0.0692252 0.0854861 0.0320616 0.130408 0.134292 1.32972
-0.0962082 0.0533291 -0.0396647 -0.298845 0.301466 -1.70275
-0.10918 0.0134056 0.0428681 0.595286 0.596828 1.49891
-0.106252 -0.0284701 0.128617 -0.775253 0.785849 -1.40639
# x y Real Imaginary Modulus Phase <-> f = 0 s = 11
-0.000959919 -0.109996 0.761111 0.201209 0.787258 0.25845
0.0403151 -0.102346 -0.313765 0.106508 0.33135 2.81435
0.075719 -0.0797912 0.0934545 -0.12334 0.154746 -0.922386
0.100096 -0.0456163 -0.000611613 0.0768529 0.0768553 1.57875
0.109895 -0.00479813 -0.0116824 -0.0382855 0.0400282 -1.86696
0.103691 0.0367188 0.00661134 0.0153204 0.016686 1.1634
0.0823851 0.0728882 -0.00806693 -0.00322248 0.00868676 -2.76155
0.0490818 0.0984428 0.0125348 0.00331583 0.012966 0.258607
0.0086305 0.109661 -0.00362444 0.000368941 0.00364316 3.04015
-0.0330776 0.104909 0.00172936 0.00788901 0.00807633 1.355
-0.0699686 0.0848787 -0.00958418 -0.041855 0.0429383 -1.7959
-0.0966699 0.0524875 0.0292715 0.105238 0.109233 1.29951
-0.109293 0.0124524 -0.0553389 -0.232578 0.239071 -1.80439
-0.105999 -0.0293962 0.0103276 0.418785 0.418913 1.54614
-0.0872689 -0.0669638 0.285616 -0.667581 0.726114 -1.16653
# x y Real Imaginary Modulus Phase <-> f = 0 s = 12
0.0412067 -0.10199 0.814253 0.187545 0.835573 0.226379
0.0764124 -0.0791274 -0.421035 0.110103 0.435193 2.88581
0.10049 -0.044741 0.172146 -0.160382 0.235279 -0.750035
0.109933 -0.00383894 -0.0718231 0.10558 0.127693 2.16816
0.103366 0.0376222 0.036457 -0.0508814 0.0625941 -0.949076
0.0817459 0.0736044 -0.0154731 0.0130647 0.020251 2.44039
0.0482208 0.0988673 0.00226009 -0.00225395 0.00319191 -0.784039
0.00767321 0.109732 0.00581871 -0.00110239 0.00592221 -0.187236
-0.0339919 0.104616 -0.000997026 0.000578276 0.00115259 2.61601
-0.0707066 0.0842649 0.00772124 0.00449044 0.00893206 0.526758
-0.0971242 0.0516419 -0.0265261 -0.0149302 0.0304392 -2.62894
-0.109397 0.0114981 0.0633529 0.0396386 0.0747316 0.559087
-0.105739 -0.0303201 -0.089115 -0.106643 0.138976 -2.26689
-0.0866812 -0.0677228 0.0373354 0.278806 0.281294 1.43768
-0.055 -0.0952628 0.266944 -0.507347 0.573289 -1.08644
# x y Real Imaginary Modulus Phase <-> f = 0 s = 13
0.0771 -0.0784575 0.941167 0.038521 0.941955 0.0409061
0.100877 -0.0438624 -0.569256 0.242501 0.618756 2.73888
0.109962 -0.00287946 0.330523 -0.225411 0.40007 -0.598532
0.103034 0.0385228 -0.181103 0.11082 0.212319 2.59246
0.0811005 0.0743149 0.0855807 -0.0295424 0.0905363 -0.332391
0.0473562 0.0992844 -0.0303893 -0.000838668 0.0304008 -3.114
0.00671534 0.109795 0.00553054 -0.00189646 0.00584666 -0.330343
-0.0349035 0.104316 0.00664707 0.00219569 0.00700033 0.31904
-0.0714393 0.0836447 -0.00422848 0.0115423 0.0122925 1.92196
-0.0975712 0.0507923 0.00350295 -0.0132596 0.0137145 -1.31251
-0.109494 0.010543 -0.0260647 0.0141745 0.0296696 2.64351
-0.10547 -0.0312417 0.0519172 -0.0045448 0.0521158 -0.0873168
-0.0860869 -0.0684766 -0.0781437 -0.0628521 0.100284 -2.46423
-0.0541666 -0.0957391 0.0333304 0.232629 0.235005 1.42849
-0.0143579 -0.109059 0.293287 -0.531893 0.607394 -1.06688
# x y Real Imaginary Modulus Phase <-> f = 0 s = 14
0.101256 -0.0429804 0.744215 -0.0842798 0.748972 -0.112766
0.109983 -0.00191976 -0.576123 0.444185 0.727474 2.48479
0.102694 0.0394205 0.409434 -0.301574 0.508511 -0.634846
0.0804489 0.0750198 -0.210321 0.126015 0.245184 2.60179
0.046488 0.0996939 0.0903215 -0.0469757 0.101807 -0.479594
0.00575696 0.109849 -0.0203783 0.0206091 0.0289829 2.35057
-0.0358125 0.104007 -0.000516093 -0.00897484 0.00898966 -1.62824
-0.0721665 0.0830181 0.0128742 0.0116974 0.0173947 0.737542
-0.0980107 0.049939 -0.0158347 0.0153605 0.0220609 2.37139
-0.109581 0.00958713 0.00363811 -0.0323097 0.0325139 -1.45867
-0.105194 -0.0321609 -0.0103158 0.0287558 0.0305501 1.91523
-0.0854861 -0.0692252 0.0405232 -0.0100011 0.0417391 -0.241965
-0.0533291 -0.0962082 -0.0760076 -0.0742656 0.106266 -2.36779
-0.0134056 -0.10918 0.00718842 0.307021 0.307106 1.54739
0.0284701 -0.106252 0.30832 -0.72106 0.784212 -1.16673
# x y Real Imaginary Modulus Phase <-> f = 0 s = 15
0.109996 -0.000959919 0.660998 0.0113379 0.661095 0.017151
0.102346 0.0403151 -0.533103 0.436127 0.688772 2.45592
0.0797912 0.075719 0.345219 -0.285584 0.448034 -0.691141
0.0456163 0.100096 -0.157366 0.137196 0.208774 2.42456
0.00479813 0.109895 0.039593 -0.0516743 0.0650987 -0.917006
-0.0367188 0.103691 0.00115581 0.0232341 0.0232628 1.52109
-0.0728882 0.0823851 -0.011142 0.000931914 0.0111809 3.05815
-0.0984428 0.0490818 0.0112677 0.0117219 0.0162593 0.805153
-0.109661 0.0086305 -0.020839 0.0167265 0.0267215 2.46524
-0.104909 -0.0330776 0.00407759 -0.0432167 0.0434086 -1.47672
-0.0848787 -0.0699686 -0.00974777 0.0269535 0.028662 1.91781
-0.0524875 -0.0966699 0.0561447 0.00937003 0.0569212 0.165367
-0.0124524 -0.109293 -0.0815657 -0.145341 0.166665 -2.0822
0.0293962 -0.105999 0.0105832 0.475939 0.476057 1.54856
0.0669638 -0.0872689 0.0776972 -0.778578 0.782445 -1.47133
