# x y Real Imaginary Modulus Phase <-> f = 0 s = 0
0.10199 0.0412067 0.74364 -0.0236081 0.744015 -0.031736
0.0791274 0.0764124 -0.557721 0.327397 0.646716 2.61077
0.044741 0.10049 0.293373 -0.233728 0.375096 -0.67272
0.00383894 0.109933 -0.0910943 0.11064 0.143315 2.25961
-0.0376222 0.103366 0.0095569 -0.0533575 0.0542066 -1.39356
-0.0736044 0.0817459 0.0086036 0.0199802 0.0217538 1.16419
-0.0988673 0.0482208 -0.022174 0.00354867 0.0224561 2.9829
-0.109732 0.00767321 0.00152404 0.00838749 0.00852483 1.39105
-0.104616 -0.0339919 -0.0147121 0.0201059 0.0249138 2.2025
-0.0842649 -0.0707066 0.0103563 -0.033489 0.0350537 -1.27088
-0.0516419 -0.0971242 -0.0204343 0.000956438 0.0204567 3.09482
-0.0114981 -0.109397 0.0574415 0.0677047 0.0887888 0.867225
0.0303201 -0.105739 -0.0566242 -0.28417 0.289757 -1.76748
0.0677228 -0.0866812 0.134794 0.638489 0.652562 1.36274
0.0952628 -0.055 -0.00373956 -0.641029 0.64104 -1.57663
# x y Real Imaginary Modulus Phase <-> f = 0 s = 1
0.0784575 0.0771 0.813395 -0.0733663 0.816697 -0.0899542
0.0438624 0.100877 -0.564872 0.277157 0.629203 2.68545
0.00287946 0.109962 0.233674 -0.179491 0.294653 -0.655001
-0.0385228 0.103034 -0.0521111 0.107125 0.119128 2.02355
-0.0743149 0.0811005 -0.000751758 -0.0433069 0.0433134 -1.58815
-0.0992844 0.0473562 0.00903742 0.0129264 0.0157723 0.960645
-0.109795 0.00671534 -0.0175025 0.000610983 0.0175131 3.1067
-0.104316 -0.0349035 0.00770061 0.0105547 0.0130653 0.940487
-0.0836447 -0.0714393 -0.0142877 0.0156046 0.0211576 2.31217
-0.0507923 -0.0975712 0.00862803 -0.00921263 0.012622 -0.818154
-0.010543 -0.109494 -0.0231637 -0.031635 0.0392088 -2.20282
0.0312417 -0.10547 0.0132555 0.144228 0.144836 1.47915
0.0684766 -0.0860869 -0.0627709 -0.39698 0.401912 -1.72762
0.0957391 -0.0541666 0.194473 0.617076 0.646995 1.2655
0.109059 -0.0143579 0.0545224 -0.680275 0.682456 -1.49082
# x y Real Imaginary Modulus Phase <-> f = 0 s = 2
0.0429804 0.101256 0.857742 -0.0799443 0.861459 -0.0929347
0.00191976 0.109983 -0.518514 0.198529 0.555221 2.77593
-0.0394205 0.102694 0.18322 -0.185328 0.260607 -0.791117
-0.0750198 0.0804489 -0.0383543 0.103127 0.110028 1.92686
-0.0996939 0.046488 0.00120836 -0.0483255 0.0483406 -1.5458
-0.109849 0.00575696 0.0141661 0.0146997 0.0204147 0.803882
-0.104007 -0.0358125 -0.0113669 -0.0073271 0.0135237 -2.56902
-0.0830181 -0.0721665 0.0128147 0.0120401 0.0175836 0.754244
-0.049939 -0.0980107 -0.00792197 0.00479049 0.00925778 2.59772
-0.00958713 -0.109581 0.0127149 0.0069347 0.0144831 0.499304
0.0321609 -0.105194 0.00658896 -0.0511628 0.0515854 -1.44272
0.0692252 -0.0854861 0.00562247 0.180445 0.180532 1.53965
0.0962082 -0.0533291 -0.0957106 -0.358715 0.371264 -1.83154
0.10918 -0.0134056 0.1052 0.558635 0.568454 1.38466
0.106252 0.0284701 0.105274 -0.763466 0.77069 -1.43377
# x y Real Imaginary Modulus Phase <-> f = 0 s = 3
0.000959919 0.109996 0.887066 -0.00708975 0.887095 -0.00799218
-0.0403151 0.102346 -0.477448 0.213442 0.522986 2.7212
-0.075719 0.0797912 0.168558 -0.178157 0.245259 -0.813077
-0.100096 0.0456163 -0.0423725 0.10592 0.114081 1.95134
-0.109895 0.00479813 -0.000552965 -0.0482194 0.0482226 -1.58226
-0.103691 -0.0367188 0.008559 0.0234988 0.025009 1.2215
-0.0823851 -0.0728882 -0.00789949 -0.0118713 0.0142594 -2.15794
-0.0490818 -0.0984428 0.0113741 0.00524603 0.0125257 0.432149
-0.0086305 -0.109661 -0.00468013 -0.00291375 0.00551304 -2.58474
0.0330776 -0.104909 -0.00118334 0.013759 0.0138098 1.65659
0.0699686 -0.0848787 -0.0010942 -0.0687989 0.0688076 -1.5867
0.0966699 -0.0524875 0.0473887 0.151075 0.158333 1.26684
0.109293 -0.0124524 -0.0840129 -0.284104 0.296265 -1.85831
0.105999 0.0293962 0.0568899 0.521921 0.525013 1.46222
0.0872689 0.0669638 0.138413 -0.779315 0.791511 -1.39502
# x y Real Imaginary Modulus Phase <-> f = 0 s = 4
-0.0412067 0.10199 0.864181 -0.0277427 0.864626 -0.0320919
-0.0764124 0.0791274 -0.470955 0.191283 0.508319 2.75579
-0.10049 0.044741 0.194934 -0.176756 0.263139 -0.736531
-0.109933 0.00383894 -0.0595928 0.110386 0.125444 2.06582
-0.103366 -0.0376222 0.0203617 -0.0550821 0.058725 -1.21671
-0.0817459 -0.0736044 -0.00813548 0.0185409 0.0202472 1.98429
-0.0482208 -0.0988673 -0.00458935 -0.00505585 0.00682816 -2.30787
-0.00767321 -0.109732 0.00837051 0.000596223 0.00839171 0.0711089
0.0339919 -0.104616 -0.00287059 -0.00341146 0.00445851 -2.27031
0.0707066 -0.0842649 0.0104346 0.0234577 0.0256738 1.15225
0.0971242 -0.0516419 -0.0329967 -0.0445051 0.0554029 -2.20878
0.109397 -0.0114981 0.0547437 0.0922758 0.107293 1.03535
0.105739 0.0303201 -0.0742885 -0.2145 0.227 -1.9042
0.0866812 0.0677228 0.0240888 0.441852 0.442508 1.51633
0.055 0.0952628 0.2118 -0.73707 0.766897 -1.29098
# x y Real Imaginary Modulus Phase <-> f = 0 s = 5
-0.0771 0.0784575 0.890734 -0.0315077 0.891291 -0.035358
-0.100877 0.0438624 -0.547385 0.229171 0.593423 2.7451
-0.109962 0.00287946 0.25875 -0.218506 0.338668 -0.701274
-0.103034 -0.0385228 -0.125473 0.123705 0.1762 2.36329
-0.0811005 -0.0743149 0.0555256 -0.0457539 0.071948 -0.689213
-0.0473562 -0.0992844 -0.0154755 0.0102639 0.0185699 2.55597
-0.00671534 -0.109795 -0.00514262 -0.00264875 0.00578467 -2.66597
0.0349035 -0.104316 0.0123955 0.00407136 0.013047 0.317354
0.0714393 -0.0836447 -0.0100558 -0.00486074 0.011169 -2.69133
0.0975712 -0.0507923 0.0226889 0.00886762 0.0243602 0.372581
0.109494 -0.010543 -0.035787 -0.0162063 0.0392856 -2.71637
0.10547 0.0312417 0.0654017 0.0619311 0.0900713 0.758148
0.0860869 0.0684766 -0.0935454 -0.176469 0.19973 -2.05823
0.0541666 0.0957391 0.0516643 0.406742 0.41001 1.44445
0.0143579 0.109059 0.175736 -0.722872 0.743927 -1.33231
# x y Real Imaginary Modulus Phase <-> f = 0 s = 6
-0.101256 0.0429804 0.833096 -0.0390347 0.83401 -0.0468208
-0.109983 0.00191976 -0.541738 0.313992 0.626156 2.61631
-0.102694 -0.0394205 0.320555 -0.244028 0.402871 -0.650672
-0.0804489 -0.0750198 -0.148302 0.110613 0.18501 2.50074
-0.046488 -0.0996939 0.0503221 -0.0395447 0.0640008 -0.666042
-0.00575696 -0.109849 -0.00253304 0.0149053 0.015119 1.73913
0.0358125 -0.104007 -0.0147365 -3.91136e-05 0.0147365 -3.13894
0.0721665 -0.0830181 0.0177263 0.0113339 0.02104 0.568877
0.0980107 -0.049939 -0.0174947 0.0078944 0.0191934 2.7177
0.109581 -0.00958713 0.0178395 -0.00235465 0.0179942 -0.131232
0.105194 0.0321609 -0.0330072 -0.00695654 0.0337323 -2.93387
0.0854861 0.0692252 0.0655314 0.047384 0.0808678 0.626044
0.0533291 0.0962082 -0.095734 -0.159143 0.185719 -2.11236
0.0134056 0.10918 0.043704 0.394085 0.396501 1.46035
-0.0284701 0.106252 0.218913 -0.742387 0.773991 -1.28405
# x y Real Imaginary Modulus Phase <-> f = 0 s = 7
-0.109996 0.000959919 0.763848 -0.0648781 0.766598 -0.0847325
-0.102346 -0.0403151 -0.606047 0.358374 0.704077 2.60757
-0.0797912 -0.075719 0.348852 -0.212048 0.408242 -0.546168
-0.0456163 -0.100096 -0.120534 0.0972774 0.154891 2.46257
-0.00479813 -0.109895 0.00849753 -0.0418923 0.0427454 -1.37067
0.0367188 -0.103691 0.00823399 0.00465931 0.00946086 0.51494
0.0728882 -0.0823851 -0.0273163 0.000747589 0.0273265 3.11423
0.0984428 -0.0490818 0.0116318 0.00997594 0.0153238 0.708916
0.109661 -0.0086305 -0.0202543 0.0137983 0.0245078 2.54356
0.104909 0.0330776 0.0137715 -0.00572164 0.0149127 -0.393772
0.0848787 0.0699686 -0.0296397 -0.00708905 0.0304757 -2.90683
0.0524875 0.0966699 0.066177 0.0520087 0.0841682 0.666086
0.0124524 0.109293 -0.090452 -0.175591 0.197519 -2.04647
-0.0293962 0.105999 0.0199369 0.463496 0.463925 1.52781
-0.0669638 0.0872689 0.149015 -0.756356 0.770896 -1.37627
# x y Real Imaginary Modulus Phase <-> f = 0 s = 8
-0.10199 -0.0412067 0.723501 -0.139009 0.736734 -0.189821
-0.0791274 -0.0764124 -0.616082 0.324881 0.696494 2.65632
-0.044741 -0.10049 0.259269 -0.184907 0.318451 -0.61952
-0.00383894 -0.109933 -0.0286506 0.0966828 0.100839 1.85889
0.0376222 -0.103366 -0.0201638 -0.0311513 0.0371077 -2.14526
0.0736044 -0.0817459 0.0274259 -0.0106568 0.0294236 -0.370613
0.0988673 -0.0482208 -0.0355296 0.0060529 0.0360415 2.97285
0.109732 -0.00767321 0.00762656 0.00768956 0.0108302 0.789512
0.104616 0.0339919 -0.018551 0.0154375 0.0241341 2.44755
0.0842649 0.0707066 0.0220368 -0.0082155 0.0235184 -0.356848
0.0516419 0.0971242 -0.0333859 -0.00977069 0.0347863 -2.85688
0.0114981 0.109397 0.0669741 0.0650909 0.0933935 0.771139
-0.0303201 0.105739 -0.0835707 -0.233126 0.247652 -1.915
-0.0677228 0.0866812 0.0900995 0.520728 0.528465 1.39947
-0.0952628 0.055 0.0737997 -0.730587 0.734305 -1.47012
# x y Real Imaginary Modulus Phase <-> f = 0 s = 9
-0.0784575 -0.0771 0.856448 -0.0520923 0.85803 -0.0607489
-0.0438624 -0.100877 -0.503755 0.162173 0.529216 2.83014
-0.00287946 -0.109962 0.114478 -0.141234 0.181802 -0.889652
0.0385228 -0.103034 0.0155408 0.0620877 0.0640032 1.32553
0.0743149 -0.0811005 -0.0262218 -0.0116156 0.0286793 -2.7246
0.0992844 -0.0473562 0.0325191 -0.018274 0.0373019 -0.511967
0.109795 -0.00671534 -0.0332081 0.00442919 0.0335022 3.009
0.104316 0.0349035 0.0120995 0.0115078 0.0166981 0.760343
0.0836447 0.0714393 -0.0134081 0.009622 0.0165033 2.51913
0.0507923 0.0975712 0.0217771 -0.00126313 0.0218137 -0.0579376
0.010543 0.109494 -0.036928 -0.026099 0.0452199 -2.52635
-0.0312417 0.10547 0.049716 0.114638 0.124955 1.1616
-0.0684766 0.0860869 -0.0828031 -0.30052 0.311719 -1.83966
-0.0957391 0.0541666 0.0841603 0.592245 0.598195 1.42964
-0.109059 0.0143579 0.00693035 -0.7891 0.789131 -1.56201
# x y Real Imaginary Modulus Phase <-> f = 0 s = 10
-0.0429804 -0.101256 0.883811 0.124366 0.892518 0.139798
-0.00191976 -0.109983 -0.348106 0.124286 0.369628 2.79866
0.0394205 -0.102694 0.0770566 -0.121735 0.144074 -1.00648
0.0750198 -0.0804489 0.00706415 0.0595182 0.0599359 1.45266
0.0996939 -0.046488 -0.0231139 -0.011329 0.025741 -2.68586
0.109849 -0.00575696 0.0314524 -0.00872173 0.0326393 -0.270503
0.104007 0.0358125 -0.0247371 -0.00147359 0.0247809 -3.08209
0.0830181 0.0721665 0.0156405 0.0128964 0.0202718 0.689533
0.049939 0.0980107 -0.012754 -0.00226815 0.0129541 -2.96559
0.00958713 0.109581 0.0122663 0.00799685 0.0146428 0.577735
-0.0321609 0.105194 -0.0145859 -0.0453229 0.0476121 -1.88215
-0.0692252 0.0854861 0.0320201 0.133137 0.136934 1.33477
-0.0962082 0.0533291 -0.0426563 -0.303916 0.306895 -1.71024
-0.10918 0.0134056 0.0495271 0.594854 0.596913 1.48773
-0.106252 -0.0284701 0.120681 -0.772343 0.781715 -1.4158
# x y Real Imaginary Modulus Phase <-> f = 0 s = 11
-0.000959919 -0.109996 0.768943 0.198346 0.794113 0.252444
0.0403151 -0.102346 -0.318965 0.100404 0.334395 2.83663
0.075719 -0.0797912 0.0980736 -0.12313 0.157415 -0.898192
0.100096 -0.0456163 -0.00460973 0.0759941 0.0761338 1.63138
0.109895 -0.00479813 -0.00833783 -0.0393692 0.0402424 -1.7795
0.103691 0.0367188 0.00713802 0.0147412 0.0163785 1.11985
0.0823851 0.0728882 -0.00676685 -0.00519958 0.00853381 -2.48643
0.0490818 0.0984428 0.0122195 0.00659482 0.0138855 0.494897
0.0086305 0.109661 -0.00787139 -0.00137303 0.00799024 -2.9689
-0.0330776 0.104909 0.00474461 0.010073 0.0111345 1.1306
-0.0699686 0.0848787 -0.0113006 -0.0414391 0.0429523 -1.83703
-0.0966699 0.0524875 0.0276994 0.107042 0.110567 1.31758
-0.109293 0.0124524 -0.0570321 -0.237403 0.244158 -1.80656
-0.105999 -0.0293962 0.0123955 0.423247 0.423429 1.54152
-0.0872689 -0.0669638 0.280591 -0.675691 0.731635 -1.1772
# x y Real Imaginary Modulus Phase <-> f = 0 s = 12
0.0412067 -0.10199 0.821394 0.190725 0.843246 0.228154
0.0764124 -0.0791274 -0.422847 0.109884 0.436891 2.88735
0.10049 -0.044741 0.172336 -0.157613 0.233541 -0.740806
0.109933 -0.00383894 -0.0732913 0.106729 0.12947 2.17255
0.103366 0.0376222 0.0375497 -0.0478171 0.0607984 -0.905096
0.0817459 0.0736044 -0.0123379 0.0147938 0.0192634 2.26593
0.0482208 0.0988673 0.00260906 -0.00533982 0.00594314 -1.11631
0.00767321 0.109732 0.00515699 0.00172185 0.00543685 0.322249
-0.0339919 0.104616 -0.00272453 -0.000481492 0.00276675 -2.96667
-0.0707066 0.0842649 0.00843159 0.00402292 0.00934214 0.445181
-0.0971242 0.0516419 -0.0257931 -0.0154871 0.0300855 -2.60085
-0.109397 0.0114981 0.0613986 0.0424347 0.0746358 0.604751
-0.105739 -0.0303201 -0.0878395 -0.109388 0.140291 -2.24737
-0.0866812 -0.0677228 0.0334328 0.28403 0.28599 1.45363
-0.055 -0.0952628 0.269102 -0.515686 0.581677 -1.08983
# x y Real Imaginary Modulus Phase <-> f = 0 s = 13
0.0771 -0.0784575 0.942961 0.0342887 0.943584 0.0363468
0.100877 -0.0438624 -0.576555 0.240575 0.624734 2.74629
0.109962 -0.00287946 0.332976 -0.228175 0.403655 -0.600763
0.103034 0.0385228 -0.185713 0.108634 0.215152 2.61231
0.0811005 0.0743149 0.082684 -0.0273152 0.0870791 -0.319069
0.0473562 0.0992844 -0.0299793 0.00576462 0.0305285 2.95162
0.00671534 0.109795 0.00819792 -0.00397927 0.00911265 -0.451899
-0.0349035 0.104316 0.00446918 0.00359157 0.00573349 0.67695
-0.0714393 0.0836447 -0.00617946 0.0109567 0.0125792 2.08432
-0.0975712 0.0507923 0.00216808 -0.0113007 0.0115068 -1.38125
-0.109494 0.010543 -0.0233431 0.00740253 0.0244887 2.83451
-0.10547 -0.0312417 0.0515935 -0.00174462 0.051623 -0.0338019
-0.0860869 -0.0684766 -0.0717422 -0.0709279 0.100885 -2.3619
-0.0541666 -0.0957391 0.0286656 0.237235 0.23896 1.45055
-0.0143579 -0.109059 0.298216 -0.538398 0.615471 -1.06497
# x y Real Imaginary Modulus Phase <-> f = 0 s = 14
0.101256 -0.0429804 0.740831 -0.0840032 0.745578 -0.112908
0.109983 -0.00191976 -0.566794 0.445959 0.721204 2.47495
0.102694 0.0394205 0.403743 -0.311327 0.509836 -0.65687
0.0804489 0.0750198 -0.214299 0.128751 0.250001 2.60058
0.046488 0.0996939 0.0884471 -0.0494061 0.101311 -0.509418
0.00575696 0.109849 -0.0261822 0.0217054 0.0340093 2.44941
-0.0358125 0.104007 0.00361827 -0.0113193 0.0118835 -1.26141
-0.0721665 0.0830181 0.00686614 0.0100218 0.0121482 0.970125
-0.0980107 0.049939 -0.0122048 0.0147243 0.019125 2.26291
-0.109581 0.00958713 0.00319616 -0.0298115 0.0299824 -1.46399
-0.105194 -0.0321609 -0.00993765 0.0243679 0.0263164 1.95802
-0.0854861 -0.0692252 0.038708 -0.00225904 0.0387739 -0.0582948
-0.0533291 -0.0962082 -0.0749677 -0.0776475 0.107932 -2.33864
-0.0134056 -0.10918 0.00515674 0.310166 0.310209 1.55417
0.0284701 -0.106252 0.306804 -0.729629 0.79151 -1.17275
# x y Real Imaginary Modulus Phase <-> f = 0 s = 15
0.109996 -0.000959919 0.67306 0.0149405 0.673225 0.0221943
0.102346 0.0403151 -0.521391 0.431429 0.676742 2.45033
0.0797912 0.075719 0.344417 -0.290768 0.450742 -0.701136
0.0456163 0.100096 -0.153493 0.14019 0.207879 2.40146
0.00479813 0.109895 0.0389569 -0.0602904 0.0717814 -0.99713
-0.0367188 0.103691 0.00315968 0.0302304 0.0303951 1.46665
-0.0728882 0.0823851 -0.0108373 -0.00659972 0.0126887 -2.5946
-0.0984428 0.0490818 0.00305152 0.0124946 0.0128618 1.33126
-0.109661 0.0086305 -0.0194218 0.0180964 0.0265459 2.39151
-0.104909 -0.0330776 0.00418733 -0.035044 0.0352933 -1.45187
-0.0848787 -0.0699686 -0.00862304 0.0232543 0.0248016 1.92589
-0.0524875 -0.0966699 0.0531745 0.0159442 0.0555134 0.291316
-0.0124524 -0.109293 -0.0795235 -0.144808 0.165207 -2.073
0.0293962 -0.105999 0.00438706 0.47577 0.47579 1.56158
0.0669638 -0.0872689 0.0708036 -0.778892 0.782103 -1.48014
