# x y Real Imaginary Modulus Phase <-> f = 0 s = 0
0.10199 0.0412067 0.726451 -0.056978 0.728682 -0.0782732
0.0791274 0.0764124 -0.590398 0.334613 0.678628 2.62597
0.044741 0.10049 0.299864 -0.207106 0.364433 -0.604435
0.00383894 0.109933 -0.0941774 0.0945353 0.13344 2.3543
-0.0376222 0.103366 0.0123732 -0.0465422 0.0481588 -1.31096
-0.0736044 0.0817459 -0.00564463 0.015573 0.0165645 1.91853
-0.0988673 0.0482208 -0.0192539 0.0105671 0.0219631 2.63965
-0.109732 0.00767321 0.000723101 0.0112872 0.0113104 1.50682
-0.104616 -0.0339919 -0.0227322 0.0205224 0.0306255 2.40724
-0.0842649 -0.0707066 0.0104685 -0.025355 0.0274311 -1.17924
-0.0516419 -0.0971242 -0.0214241 0.00676911 0.022468 2.83556
-0.0114981 -0.109397 0.0548162 0.0699994 0.0889086 0.906448
0.0303201 -0.105739 -0.0446996 -0.2849 0.288386 -1.72642
0.0677228 -0.0866812 0.121782 0.65052 0.661821 1.38573
0.0952628 -0.055 -0.0339825 -0.635468 0.636376 -1.62422
# x y Real Imaginary Modulus Phase <-> f = 0 s = 1
0.0784575 0.0771 0.834344 -0.0907551 0.839266 -0.108348
0.0438624 0.100877 -0.591498 0.246636 0.640858 2.74654
0.00287946 0.109962 0.232262 -0.161725 0.28302 -0.608241
-0.0385228 0.103034 -0.0558789 0.0901498 0.106063 2.12568
-0.0743149 0.0811005 0.00330257 -0.039182 0.0393209 -1.48671
-0.0992844 0.0473562 0.00646538 0.0133972 0.0148757 1.12117
-0.109795 0.00671534 -0.0168199 0.00846896 0.0188317 2.67514
-0.104316 -0.0349035 0.00404463 0.0115834 0.0122692 1.23486
-0.0836447 -0.0714393 -0.0190567 0.0213799 0.0286401 2.29881
-0.0507923 -0.0975712 0.0130712 -0.0127645 0.0182699 -0.773527
-0.010543 -0.109494 -0.0241525 -0.0294148 0.0380601 -2.25827
0.0312417 -0.10547 0.00435853 0.140526 0.140594 1.53979
0.0684766 -0.0860869 -0.0399132 -0.387348 0.389398 -1.67348
0.0957391 -0.0541666 0.187624 0.646218 0.672905 1.28822
0.109059 -0.0143579 0.0138473 -0.705202 0.705338 -1.55116
# x y Real Imaginary Modulus Phase <-> f = 0 s = 2
0.0429804 0.101256 0.906173 -0.0629814 0.908359 -0.069391
0.00191976 0.109983 -0.520485 0.161362 0.544925 2.84097
-0.0394205 0.102694 0.185639 -0.159239 0.244579 -0.709
-0.0750198 0.0804489 -0.0385362 0.0841741 0.092576 2.00013
-0.0996939 0.046488 0.00761013 -0.0395761 0.0403011 -1.38082
-0.109849 0.00575696 0.00599727 0.00995383 0.0116209 1.02853
-0.104007 -0.0358125 -0.0149 -0.00707408 0.016494 -2.69833
-0.0830181 -0.0721665 0.0123723 0.00759426 0.0145171 0.550512
-0.049939 -0.0980107 -0.0106808 0.00621333 0.0123566 2.61472
-0.00958713 -0.109581 0.00483583 0.0149899 0.0157506 1.25873
0.0321609 -0.105194 0.0125175 -0.0579718 0.0593078 -1.35814
0.0692252 -0.0854861 0.00599408 0.170311 0.170416 1.53562
0.0962082 -0.0533291 -0.0806571 -0.359868 0.368796 -1.79128
0.10918 -0.0134056 0.0899856 0.584623 0.591508 1.41807
0.106252 0.0284701 0.0962626 -0.79643 0.802226 -1.45051
# x y Real Imaginary Modulus Phase <-> f = 0 s = 3
0.000959919 0.109996 0.920152 0.0403973 0.921038 0.0438747
-0.0403151 0.102346 -0.481184 0.16362 0.508242 2.81382
-0.075719 0.0797912 0.172753 -0.147519 0.227168 -0.706771
-0.100096 0.0456163 -0.0450381 0.0867347 0.0977309 2.04974
-0.109895 0.00479813 0.00385716 -0.040295 0.0404792 -1.47536
-0.103691 -0.0367188 0.00467691 0.0153765 0.0160721 1.27553
-0.0823851 -0.0728882 -0.00628196 -0.00632289 0.00891303 -2.35295
-0.0490818 -0.0984428 0.00677678 0.00397634 0.00785723 0.530626
-0.0086305 -0.109661 -0.00377055 0.00286925 0.00473811 2.49111
0.0330776 -0.104909 -0.00503701 0.00773988 0.00923456 2.14772
0.0699686 -0.0848787 0.00547153 -0.0698119 0.070026 -1.49258
0.0966699 -0.0524875 0.0387685 0.148411 0.153391 1.31528
0.109293 -0.0124524 -0.072415 -0.278177 0.287448 -1.82546
0.105999 0.0293962 0.029974 0.526571 0.527424 1.51393
0.0872689 0.0669638 0.178051 -0.799568 0.819152 -1.35169
# x y Real Imaginary Modulus Phase <-> f = 0 s = 4
-0.0412067 0.10199 0.895607 0.0264819 0.895999 0.02956
-0.0764124 0.0791274 -0.478734 0.148915 0.50136 2.84002
-0.10049 0.044741 0.198378 -0.153627 0.250908 -0.658943
-0.109933 0.00383894 -0.0639404 0.0923343 0.112312 2.17646
-0.103366 -0.0376222 0.023546 -0.0430947 0.0491077 -1.07074
-0.0817459 -0.0736044 -0.00655842 0.0145726 0.0159805 1.99369
-0.0482208 -0.0988673 -0.00103931 0.000380533 0.00110679 2.79061
-0.00767321 -0.109732 0.0108588 -0.00102803 0.0109073 -0.0943915
0.0339919 -0.104616 -0.00376796 0.000654166 0.00382432 2.96969
0.0707066 -0.0842649 0.00546197 0.0172686 0.0181118 1.26446
0.0971242 -0.0516419 -0.0242264 -0.0396867 0.0464968 -2.11886
0.109397 -0.0114981 0.0443874 0.0870854 0.0977451 1.09942
0.105739 0.0303201 -0.0536505 -0.204406 0.21133 -1.82748
0.0866812 0.0677228 -0.00808991 0.429073 0.429149 1.58965
0.055 0.0952628 0.262769 -0.732743 0.778434 -1.22647
# x y Real Imaginary Modulus Phase <-> f = 0 s = 5
-0.0771 0.0784575 0.927593 0.00326818 0.927598 0.00352328
-0.100877 0.0438624 -0.559245 0.19726 0.593014 2.80249
-0.109962 0.00287946 0.263937 -0.193808 0.327452 -0.633375
-0.103034 -0.0385228 -0.126757 0.107483 0.166192 2.43829
-0.0811005 -0.0743149 0.0569572 -0.0372104 0.0680348 -0.578695
-0.0473562 -0.0992844 -0.0153666 0.00429243 0.0159548 2.8692
-0.00671534 -0.109795 -0.00123074 -0.00146594 0.00191408 -2.2692
0.0349035 -0.104316 0.012139 0.00433002 0.0128881 0.342634
0.0714393 -0.0836447 -0.00835795 -0.00128264 0.00845579 -2.98932
0.0975712 -0.0507923 0.0156957 0.00599565 0.0168018 0.364888
0.109494 -0.010543 -0.0269185 -0.0185523 0.0326924 -2.53815
0.10547 0.0312417 0.0529996 0.0595044 0.0796852 0.843152
0.0860869 0.0684766 -0.0738095 -0.169222 0.184619 -1.98209
0.0541666 0.0957391 0.0145766 0.394109 0.394379 1.53383
0.0143579 0.109059 0.233728 -0.716009 0.753191 -1.25527
# x y Real Imaginary Modulus Phase <-> f = 0 s = 6
-0.101256 0.0429804 0.869153 -0.0511909 0.870659 -0.0588295
-0.109983 0.00191976 -0.569086 0.297176 0.642007 2.66034
-0.102694 -0.0394205 0.330509 -0.224236 0.399397 -0.59612
-0.0804489 -0.0750198 -0.147881 0.0982199 0.177527 2.55531
-0.046488 -0.0996939 0.0484494 -0.0360249 0.060375 -0.639365
-0.00575696 -0.109849 -0.00124039 0.0128633 0.012923 1.66693
0.0358125 -0.104007 -0.0134386 0.00206817 0.0135968 2.98889
0.0721665 -0.0830181 0.0151397 0.0123907 0.0195638 0.685874
0.0980107 -0.049939 -0.0146776 0.0112631 0.0185011 2.48707
0.109581 -0.00958713 0.00585741 -0.00132299 0.00600496 -0.222139
0.105194 0.0321609 -0.0263149 -0.0111436 0.0285772 -2.74102
0.0854861 0.0692252 0.0544328 0.0475817 0.0722977 0.718341
0.0533291 0.0962082 -0.0712061 -0.14959 0.165673 -2.01507
0.0134056 0.10918 0.0110313 0.38073 0.38089 1.54183
-0.0284701 0.106252 0.266876 -0.744112 0.790522 -1.22644
# x y Real Imaginary Modulus Phase <-> f = 0 s = 7
-0.109996 0.000959919 0.777143 -0.0926219 0.782643 -0.118623
-0.102346 -0.0403151 -0.631584 0.354646 0.724342 2.62995
-0.0797912 -0.075719 0.353434 -0.191458 0.40196 -0.496454
-0.0456163 -0.100096 -0.120209 0.0868601 0.148307 2.51588
-0.00479813 -0.109895 0.0103626 -0.0377245 0.0391219 -1.30272
0.0367188 -0.103691 0.0102127 0.00541885 0.0115613 0.487827
0.0728882 -0.0823851 -0.0285452 0.00307485 0.0287103 3.03429
0.0984428 -0.0490818 0.00815453 0.0121449 0.0146285 0.979497
0.109661 -0.0086305 -0.0158166 0.0165099 0.0228636 2.33475
0.104909 0.0330776 0.000335702 -0.00241383 0.00243706 -1.43261
0.0848787 0.0699686 -0.0239038 -0.0131405 0.0272775 -2.63896
0.0524875 0.0966699 0.0535608 0.0474247 0.0715392 0.724711
0.0124524 0.109293 -0.0685359 -0.168293 0.181713 -1.95753
-0.0293962 0.105999 -0.00640247 0.454671 0.454716 1.58488
-0.0669638 0.0872689 0.174789 -0.784327 0.803568 -1.35153
# x y Real Imaginary Modulus Phase <-> f = 0 s = 8
-0.10199 -0.0412067 0.736861 -0.168036 0.755777 -0.224208
-0.0791274 -0.0764124 -0.636175 0.306777 0.706279 2.69227
-0.044741 -0.10049 0.256839 -0.167634 0.306704 -0.578258
-0.00383894 -0.109933 -0.0287959 0.0897 0.0942088 1.88143
0.0376222 -0.103366 -0.0219343 -0.0262042 0.0341726 -2.26773
0.0736044 -0.0817459 0.0262143 -0.00715575 0.0271734 -0.266479
0.0988673 -0.0482208 -0.0389874 0.0013372 0.0390103 3.10731
0.109732 -0.00767321 0.00610958 0.00915871 0.0110095 0.982508
0.104616 0.0339919 -0.0165204 0.0178601 0.0243291 2.31725
0.0842649 0.0707066 0.00800962 -0.00533549 0.00962401 -0.587635
0.0516419 0.0971242 -0.0279819 -0.0106336 0.0299342 -2.77843
0.0114981 0.109397 0.0541338 0.0602674 0.0810101 0.838961
-0.0303201 0.105739 -0.0632521 -0.229705 0.238254 -1.8395
-0.0677228 0.0866812 0.0589946 0.527685 0.530973 1.45946
-0.0952628 0.055 0.0736864 -0.764086 0.767631 -1.47466
# x y Real Imaginary Modulus Phase <-> f = 0 s = 9
-0.0784575 -0.0771 0.886002 -0.0569184 0.887828 -0.0641537
-0.0438624 -0.100877 -0.501722 0.137878 0.520322 2.8734
-0.00287946 -0.109962 0.112663 -0.133848 0.174952 -0.871127
0.0385228 -0.103034 0.0169964 0.0603878 0.062734 1.29644
0.0743149 -0.0811005 -0.0304366 -0.00897575 0.0317325 -2.85482
0.0992844 -0.0473562 0.0321512 -0.018425 0.0370565 -0.520386
0.109795 -0.00671534 -0.0339541 -0.000246278 0.033955 -3.13434
0.104316 0.0349035 0.00867089 0.0144255 0.0168309 1.02958
0.0836447 0.0714393 -0.010723 0.012209 0.0162493 2.29149
0.0507923 0.0975712 0.0119832 -0.000543451 0.0119955 -0.0453202
0.010543 0.109494 -0.026547 -0.0229367 0.0350832 -2.42903
-0.0312417 0.10547 0.0381286 0.109792 0.116224 1.23655
-0.0684766 0.0860869 -0.0613338 -0.297029 0.303295 -1.77443
-0.0957391 0.0541666 0.0643609 0.606058 0.609466 1.465
-0.109059 0.0143579 0.00164031 -0.81298 0.812982 -1.56878
# x y Real Imaginary Modulus Phase <-> f = 0 s = 10
-0.0429804 -0.101256 0.88906 0.16432 0.904117 0.182762
-0.00191976 -0.109983 -0.336853 0.109134 0.354091 2.82828
0.0394205 -0.102694 0.068753 -0.114322 0.133404 -1.02935
0.0750198 -0.0804489 0.00853685 0.0544136 0.0550792 1.41518
0.0996939 -0.046488 -0.0264145 -0.0123062 0.0291405 -2.7056
0.109849 -0.00575696 0.0299877 -0.00680639 0.0307504 -0.223191
0.104007 0.0358125 -0.0275955 -0.00150316 0.0276364 -3.08718
0.0830181 0.0721665 0.0137059 0.0152564 0.0205087 0.838882
0.049939 0.0980107 -0.00756421 0.00177027 0.0077686 2.9117
0.00958713 0.109581 0.0059931 0.00777702 0.00981831 0.914231
-0.0321609 0.105194 -0.00770803 -0.0408352 0.0415563 -1.75736
-0.0692252 0.0854861 0.0257803 0.125533 0.128153 1.36825
-0.0962082 0.0533291 -0.0272865 -0.298618 0.299862 -1.66192
-0.10918 0.0134056 0.0264407 0.600436 0.601018 1.52679
-0.106252 -0.0284701 0.139203 -0.795785 0.807869 -1.39762
# x y Real Imaginary Modulus Phase <-> f = 0 s = 11
-0.000959919 -0.109996 0.750436 0.227429 0.784142 0.294264
0.0403151 -0.102346 -0.309158 0.0951317 0.323463 2.84308
0.075719 -0.0797912 0.0940463 -0.115437 0.148897 -0.887155
0.100096 -0.0456163 -0.0039943 0.0733809 0.0734895 1.62518
0.109895 -0.00479813 -0.00864384 -0.0365437 0.0375521 -1.80306
0.103691 0.0367188 0.00414149 0.0158429 0.0163753 1.31511
0.0823851 0.0728882 -0.00742315 -0.00244494 0.00781542 -2.82342
0.0490818 0.0984428 0.0120851 0.00519291 0.0131536 0.405841
0.0086305 0.109661 -0.00267731 0.000588939 0.00274132 2.92507
-0.0330776 0.104909 0.00205218 0.00705052 0.00734311 1.28755
-0.0699686 0.0848787 -0.00707202 -0.0394831 0.0401115 -1.74803
-0.0966699 0.0524875 0.0212409 0.100359 0.102582 1.36223
-0.109293 0.0124524 -0.0449776 -0.228124 0.232516 -1.76546
-0.105999 -0.0293962 -0.00621131 0.413384 0.41343 1.58582
-0.0872689 -0.0669638 0.311141 -0.65988 0.729555 -1.1302
# x y Real Imaginary Modulus Phase <-> f = 0 s = 12
0.0412067 -0.10199 0.814332 0.210628 0.841131 0.253104
0.0764124 -0.0791274 -0.421592 0.1005 0.433405 2.90758
0.10049 -0.044741 0.175284 -0.154342 0.233551 -0.721949
0.109933 -0.00383894 -0.0761396 0.100127 0.125788 2.22094
0.103366 0.0376222 0.0369711 -0.0469409 0.0597521 -0.903657
0.0817459 0.0736044 -0.0159795 0.0151191 0.0219984 2.38385
0.0482208 0.0988673 0.00249086 -0.00241755 0.00347116 -0.770463
0.00767321 0.109732 0.00543009 -0.00231905 0.00590456 -0.403626
-0.0339919 0.104616 0.000191726 0.000785688 0.000808743 1.33145
-0.0707066 0.0842649 0.00661534 0.00171044 0.00683288 0.253015
-0.0971242 0.0516419 -0.0220008 -0.016098 0.0272613 -2.50991
-0.109397 0.0114981 0.0584151 0.0419858 0.0719384 0.623199
-0.105739 -0.0303201 -0.0813437 -0.105378 0.133122 -2.22818
-0.0866812 -0.0677228 0.0269804 0.272094 0.273428 1.47196
-0.055 -0.0952628 0.285096 -0.491276 0.568007 -1.04498
# x y Real Imaginary Modulus Phase <-> f = 0 s = 13
0.0771 -0.0784575 0.953394 0.0398546 0.954226 0.0417785
0.100877 -0.0438624 -0.583138 0.23394 0.628313 2.76007
0.109962 -0.00287946 0.336782 -0.218823 0.401629 -0.576197
0.103034 0.0385228 -0.181898 0.0955523 0.205468 2.65791
0.0811005 0.0743149 0.0803048 -0.0314218 0.0862333 -0.372968
0.0473562 0.0992844 -0.032265 -0.000311329 0.0322665 -3.13194
0.00671534 0.109795 0.00510855 -0.00584808 0.00776514 -0.852792
-0.0349035 0.104316 0.00356246 0.00417773 0.00549041 0.864723
-0.0714393 0.0836447 -0.00429478 0.0119243 0.0126741 1.9165
-0.0975712 0.0507923 0.00543747 -0.00946751 0.0109179 -1.04947
-0.109494 0.010543 -0.023999 0.00889018 0.0255927 2.78683
-0.10547 -0.0312417 0.0504947 -0.00310294 0.05059 -0.0613735
-0.0860869 -0.0684766 -0.073674 -0.0611706 0.0957586 -2.44865
-0.0541666 -0.0957391 0.026543 0.229828 0.231356 1.45582
-0.0143579 -0.109059 0.307248 -0.518271 0.6025 -1.03566
# x y Real Imaginary Modulus Phase <-> f = 0 s = 14
0.101256 -0.0429804 0.748973 -0.108241 0.756754 -0.143526
0.109983 -0.00191976 -0.587616 0.452683 0.741764 2.48518
0.102694 0.0394205 0.425508 -0.291388 0.515717 -0.600452
0.0804489 0.0750198 -0.205248 0.113502 0.234541 2.63645
0.046488 0.0996939 0.0860933 -0.0404633 0.095128 -0.439356
0.00575696 0.109849 -0.0204735 0.0160804 0.0260335 2.4758
-0.0358125 0.104007 0.00240664 -0.00726758 0.00765569 -1.25101
-0.0721665 0.0830181 0.00718222 0.0102159 0.0124879 0.95803
-0.0980107 0.049939 -0.0151217 0.0138031 0.0204741 2.40175
-0.109581 0.00958713 0.000426742 -0.0269799 0.0269833 -1.55498
-0.105194 -0.0321609 -0.00995524 0.0249297 0.0268439 1.95073
-0.0854861 -0.0692252 0.0390636 -0.00912347 0.0401148 -0.229442
-0.0533291 -0.0962082 -0.0699887 -0.0730615 0.101175 -2.33472
-0.0134056 -0.10918 -0.00383765 0.303992 0.304016 1.58342
0.0284701 -0.106252 0.321037 -0.724863 0.792775 -1.15387
# x y Real Imaginary Modulus Phase <-> f = 0 s = 15
0.109996 -0.000959919 0.640962 0.00245662 0.640967 0.00383268
0.102346 0.0403151 -0.548538 0.447117 0.707678 2.45771
0.0797912 0.075719 0.352989 -0.271157 0.445116 -0.655032
0.0456163 0.100096 -0.153319 0.130775 0.201516 2.43538
0.00479813 0.109895 0.0332068 -0.0495145 0.0596186 -0.980042
-0.0367188 0.103691 -0.00410271 0.0215217 0.0219092 1.75917
-0.0728882 0.0823851 -0.0175832 -0.00512131 0.0183139 -2.85817
-0.0984428 0.0490818 0.00768757 0.0137839 0.0157827 1.06204
-0.109661 0.0086305 -0.0264674 0.0242172 0.0358747 2.40056
-0.104909 -0.0330776 0.00739896 -0.0441974 0.0448124 -1.40493
-0.0848787 -0.0699686 -0.0100592 0.0269646 0.0287798 1.92786
-0.0524875 -0.0966699 0.0483498 0.0137052 0.0502547 0.276214
-0.0124524 -0.109293 -0.0768059 -0.146289 0.165226 -2.05426
0.0293962 -0.105999 -0.0035091 0.477991 0.478004 1.57814
0.0669638 -0.0872689 0.0748024 -0.794694 0.798207 -1.47695
