# x y Real Imaginary Modulus Phase <-> f = 0 s = 0
0.10199 0.0412067 0.72476 -0.0355451 0.725631 -0.0490047
0.0791274 0.0764124 -0.565994 0.330871 0.655611 2.61259
0.044741 0.10049 0.30002 -0.231794 0.379131 -0.657806
0.00383894 0.109933 -0.0969136 0.106242 0.143804 2.31031
-0.0376222 0.103366 0.0159691 -0.0519593 0.0543579 -1.27262
-0.0736044 0.0817459 0.00215216 0.0162179 0.0163601 1.43886
-0.0988673 0.0482208 -0.0218202 0.00378246 0.0221456 2.96995
-0.109732 0.00767321 -0.000762602 0.00500577 0.00506352 1.72198
-0.104616 -0.0339919 -0.0196462 0.0137638 0.0239878 2.53048
-0.0842649 -0.0707066 0.0123362 -0.0321152 0.0344031 -1.20405
-0.0516419 -0.0971242 -0.0250023 0.0059325 0.0256965 2.90862
-0.0114981 -0.109397 0.056796 0.0665216 0.0874695 0.864101
0.0303201 -0.105739 -0.0501089 -0.283699 0.28809 -1.74562
0.0677228 -0.0866812 0.13471 0.642029 0.656009 1.36398
0.0952628 -0.055 -0.0121944 -0.632445 0.632562 -1.59008
# x y Real Imaginary Modulus Phase <-> f = 0 s = 1
0.0784575 0.0771 0.815058 -0.0820552 0.819178 -0.100336
0.0438624 0.100877 -0.579897 0.277455 0.642854 2.69533
0.00287946 0.109962 0.242155 -0.175215 0.298896 -0.626367
-0.0385228 0.103034 -0.0598299 0.105519 0.1213 2.0866
-0.0743149 0.0811005 0.00465653 -0.0467081 0.0469396 -1.47143
-0.0992844 0.0473562 0.000785181 0.0140489 0.0140709 1.51497
-0.109795 0.00671534 -0.0221037 0.00533228 0.0227377 2.90488
-0.104316 -0.0349035 0.00352836 0.00896749 0.00963666 1.19594
-0.0836447 -0.0714393 -0.0204827 0.0109108 0.0232074 2.65214
-0.0507923 -0.0975712 0.0110449 -0.00630099 0.0127158 -0.518436
-0.010543 -0.109494 -0.0264336 -0.0336807 0.042815 -2.23622
0.0312417 -0.10547 0.0131356 0.142632 0.143236 1.47896
0.0684766 -0.0860869 -0.0566209 -0.396128 0.400154 -1.71277
0.0957391 -0.0541666 0.193238 0.633801 0.662604 1.27486
0.109059 -0.0143579 0.0304071 -0.682705 0.683382 -1.52629
# x y Real Imaginary Modulus Phase <-> f = 0 s = 2
0.0429804 0.101256 0.871795 -0.0914243 0.876576 -0.104487
0.00191976 0.109983 -0.534577 0.188374 0.566796 2.8028
-0.0394205 0.102694 0.192142 -0.178393 0.262188 -0.74831
-0.0750198 0.0804489 -0.0423133 0.101461 0.109931 1.96591
-0.0996939 0.046488 0.0017057 -0.0480595 0.0480897 -1.53532
-0.109849 0.00575696 0.00633277 0.0156479 0.0168808 1.18624
-0.104007 -0.0358125 -0.0153113 -0.00161055 0.0153958 -3.03679
-0.0830181 -0.0721665 0.0105964 0.0119512 0.0159723 0.845414
-0.049939 -0.0980107 -0.0105892 0.00731558 0.0128705 2.53703
-0.00958713 -0.109581 0.00567274 0.01205 0.0133185 1.13081
0.0321609 -0.105194 0.00733105 -0.0562606 0.0567363 -1.44122
0.0692252 -0.0854861 0.00819695 0.181273 0.181458 1.52561
0.0962082 -0.0533291 -0.0927131 -0.36267 0.374333 -1.82108
0.10918 -0.0134056 0.10777 0.567118 0.577267 1.383
0.106252 0.0284701 0.0997185 -0.771883 0.778298 -1.44232
# x y Real Imaginary Modulus Phase <-> f = 0 s = 3
0.000959919 0.109996 0.911432 -0.000116016 0.911432 -0.00012729
-0.0403151 0.102346 -0.488517 0.201335 0.528379 2.75067
-0.075719 0.0797912 0.179678 -0.169209 0.246812 -0.7554
-0.100096 0.0456163 -0.0500179 0.100862 0.112583 2.03116
-0.109895 0.00479813 0.00227772 -0.0465102 0.046566 -1.52186
-0.103691 -0.0367188 0.00491878 0.0203371 0.0209235 1.33349
-0.0823851 -0.0728882 -0.00645909 -0.00682754 0.00939868 -2.32847
-0.0490818 -0.0984428 0.0109699 0.00468375 0.0119279 0.403534
-0.0086305 -0.109661 -0.00541347 -0.00132448 0.00557314 -2.90164
0.0330776 -0.104909 -0.00330671 0.0105492 0.0110553 1.87455
0.0699686 -0.0848787 0.00456829 -0.0689935 0.0691446 -1.50468
0.0966699 -0.0524875 0.0397434 0.15601 0.160993 1.32135
0.109293 -0.0124524 -0.0809895 -0.293294 0.304271 -1.84022
0.105999 0.0293962 0.0484926 0.53413 0.536327 1.48026
0.0872689 0.0669638 0.137349 -0.79619 0.80795 -1.39997
# x y Real Imaginary Modulus Phase <-> f = 0 s = 4
-0.0412067 0.10199 0.888375 -0.0219638 0.888646 -0.0247186
-0.0764124 0.0791274 -0.486711 0.18036 0.519054 2.78671
-0.10049 0.044741 0.206422 -0.172863 0.269242 -0.697148
-0.109933 0.00383894 -0.0685365 0.105371 0.125699 2.14747
-0.103366 -0.0376222 0.0251764 -0.048152 0.0543366 -1.08903
-0.0817459 -0.0736044 -0.0083919 0.016633 0.0186301 2.03806
-0.0482208 -0.0988673 -0.0022758 -0.00306609 0.0038184 -2.20932
-0.00767321 -0.109732 0.00957764 0.000140238 0.00957866 0.0146412
0.0339919 -0.104616 -0.0034765 -0.00268988 0.00439562 -2.48307
0.0707066 -0.0842649 0.00632431 0.020813 0.0217527 1.2758
0.0971242 -0.0516419 -0.0273814 -0.0439212 0.0517572 -2.12826
0.109397 -0.0114981 0.0503009 0.0948418 0.107355 1.08315
0.105739 0.0303201 -0.0659408 -0.216377 0.226202 -1.8666
0.0866812 0.0677228 0.010722 0.448604 0.448732 1.5469
0.055 0.0952628 0.227495 -0.750051 0.783793 -1.27631
# x y Real Imaginary Modulus Phase <-> f = 0 s = 5
-0.0771 0.0784575 0.906528 -0.0310071 0.907058 -0.0341909
-0.100877 0.0438624 -0.562728 0.229367 0.607678 2.75455
-0.109962 0.00287946 0.268745 -0.213531 0.343248 -0.671409
-0.103034 -0.0385228 -0.131414 0.118573 0.177 2.40752
-0.0811005 -0.0743149 0.059326 -0.0426356 0.0730573 -0.623145
-0.0473562 -0.0992844 -0.0145025 0.00749417 0.0163244 2.66463
-0.00671534 -0.109795 -0.00317239 -0.00264934 0.00413317 -2.4458
0.0349035 -0.104316 0.0119962 0.00630895 0.013554 0.484162
0.0714393 -0.0836447 -0.0121941 -0.00228037 0.0124055 -2.95672
0.0975712 -0.0507923 0.016867 0.00723234 0.0183522 0.405074
0.109494 -0.010543 -0.0323147 -0.0231615 0.0397579 -2.51971
0.10547 0.0312417 0.0609996 0.0654477 0.089467 0.82056
0.0860869 0.0684766 -0.0861005 -0.178502 0.198182 -2.02022
0.0541666 0.0957391 0.0390997 0.412338 0.414188 1.47625
0.0143579 0.109059 0.195186 -0.737141 0.762545 -1.31195
# x y Real Imaginary Modulus Phase <-> f = 0 s = 6
-0.101256 0.0429804 0.841779 -0.0516821 0.843364 -0.0613194
-0.109983 0.00191976 -0.550792 0.312987 0.633508 2.62485
-0.102694 -0.0394205 0.326308 -0.242011 0.406258 -0.638144
-0.0804489 -0.0750198 -0.151736 0.10764 0.186039 2.52459
-0.046488 -0.0996939 0.0515402 -0.0380191 0.0640456 -0.635556
-0.00575696 -0.109849 -0.000194653 0.0146128 0.0146141 1.58412
0.0358125 -0.104007 -0.0142227 0.00183128 0.0143402 3.01354
0.0721665 -0.0830181 0.0127606 0.0129403 0.0181738 0.792389
0.0980107 -0.049939 -0.0175612 0.0093643 0.0199019 2.65171
0.109581 -0.00958713 0.00915031 -0.00114392 0.00922154 -0.124369
0.105194 0.0321609 -0.033299 -0.0129601 0.0357322 -2.77043
0.0854861 0.0692252 0.0629672 0.0522092 0.0817965 0.692264
0.0533291 0.0962082 -0.0855723 -0.161477 0.182749 -2.0581
0.0134056 0.10918 0.0302263 0.400601 0.401739 1.49549
-0.0284701 0.106252 0.229671 -0.758122 0.792147 -1.27664
# x y Real Imaginary Modulus Phase <-> f = 0 s = 7
-0.109996 0.000959919 0.761695 -0.0777534 0.765653 -0.101727
-0.102346 -0.0403151 -0.614048 0.361105 0.712356 2.60999
-0.0797912 -0.075719 0.3512 -0.207604 0.407972 -0.533869
-0.0456163 -0.100096 -0.123697 0.0948407 0.155871 2.48748
-0.00479813 -0.109895 0.0106552 -0.0443385 0.0456008 -1.33495
0.0367188 -0.103691 0.0122036 0.00558159 0.0134195 0.428968
0.0728882 -0.0823851 -0.0298045 -0.00190902 0.0298656 -3.07763
0.0984428 -0.0490818 0.00657621 0.00679632 0.00945708 0.801857
0.109661 -0.0086305 -0.0219881 0.0146358 0.0264137 2.55431
0.104909 0.0330776 0.00348098 -0.0025729 0.00432863 -0.63651
0.0848787 0.0699686 -0.0329681 -0.012921 0.0354097 -2.76807
0.0524875 0.0966699 0.0608475 0.0521815 0.0801581 0.708877
0.0124524 0.109293 -0.0807374 -0.181733 0.19886 -1.98887
-0.0293962 0.105999 0.013389 0.473569 0.473758 1.54253
-0.0669638 0.0872689 0.146318 -0.772466 0.786201 -1.3836
# x y Real Imaginary Modulus Phase <-> f = 0 s = 8
-0.10199 -0.0412067 0.719251 -0.147983 0.734317 -0.202915
-0.0791274 -0.0764124 -0.621553 0.329472 0.703477 2.65417
-0.044741 -0.10049 0.265728 -0.18138 0.321729 -0.598937
-0.00383894 -0.109933 -0.0288538 0.0934466 0.0977998 1.87028
0.0376222 -0.103366 -0.0213844 -0.0268376 0.0343154 -2.24359
0.0736044 -0.0817459 0.0310334 -0.00732575 0.0318863 -0.231817
0.0988673 -0.0482208 -0.0342344 -0.00137645 0.034262 -3.10141
0.109732 -0.00767321 0.00520409 0.0020464 0.00559199 0.374656
0.104616 0.0339919 -0.0226058 0.0156396 0.0274885 2.53636
0.0842649 0.0707066 0.0111344 -0.0025151 0.011415 -0.222157
0.0516419 0.0971242 -0.0352017 -0.0100934 0.0366202 -2.86235
0.0114981 0.109397 0.0592491 0.0686649 0.0906935 0.858876
-0.0303201 0.105739 -0.0757254 -0.239669 0.251348 -1.87683
-0.0677228 0.0866812 0.0855212 0.528852 0.535722 1.41047
-0.0952628 0.055 0.0675368 -0.744129 0.747188 -1.48028
# x y Real Imaginary Modulus Phase <-> f = 0 s = 9
-0.0784575 -0.0771 0.85999 -0.0602081 0.862095 -0.0698962
-0.0438624 -0.100877 -0.509249 0.160829 0.534042 2.83569
-0.00287946 -0.109962 0.118249 -0.138498 0.182112 -0.864103
0.0385228 -0.103034 0.00969305 0.063654 0.0643878 1.41968
0.0743149 -0.0811005 -0.0262474 -0.00654898 0.0270521 -2.89708
0.0992844 -0.0473562 0.0367763 -0.016906 0.040476 -0.43089
0.109795 -0.00671534 -0.0318675 -0.00185392 0.0319213 -3.08348
0.104316 0.0349035 0.00688319 0.00854865 0.0109753 0.892906
0.0836447 0.0714393 -0.0159712 0.0121416 0.0200623 2.49158
0.0507923 0.0975712 0.017338 0.00173076 0.0174242 0.0994949
0.010543 0.109494 -0.0296093 -0.0252221 0.0388956 -2.43604
-0.0312417 0.10547 0.0432663 0.115598 0.12343 1.21266
-0.0684766 0.0860869 -0.075692 -0.303783 0.313071 -1.81499
-0.0957391 0.0541666 0.081412 0.601032 0.606521 1.43616
-0.109059 0.0143579 -0.00122859 -0.792739 0.79274 -1.57235
# x y Real Imaginary Modulus Phase <-> f = 0 s = 10
-0.0429804 -0.101256 0.895235 0.124579 0.903862 0.13827
-0.00191976 -0.109983 -0.353661 0.118452 0.37297 2.81841
0.0394205 -0.102694 0.0785237 -0.118067 0.141795 -0.983894
0.0750198 -0.0804489 0.00423216 0.0560472 0.0562067 1.49543
0.0996939 -0.046488 -0.0232236 -0.00833582 0.0246743 -2.79698
0.109849 -0.00575696 0.0324597 -0.00511869 0.0328608 -0.156406
0.104007 0.0358125 -0.0283684 -0.00647654 0.0290983 -2.91714
0.0830181 0.0721665 0.0117264 0.0137426 0.0180656 0.864397
0.049939 0.0980107 -0.00999823 0.00126314 0.0100777 3.01592
0.00958713 0.109581 0.0106928 0.00855492 0.0136939 0.674781
-0.0321609 0.105194 -0.0108029 -0.0446592 0.0459472 -1.80813
-0.0692252 0.0854861 0.0287999 0.133265 0.136341 1.35796
-0.0962082 0.0533291 -0.0392724 -0.305238 0.307754 -1.69875
-0.10918 0.0134056 0.0473603 0.601985 0.603845 1.49228
-0.106252 -0.0284701 0.119468 -0.780731 0.789819 -1.41895
# x y Real Imaginary Modulus Phase <-> f = 0 s = 11
-0.000959919 -0.109996 0.77453 0.208556 0.802117 0.26303
0.0403151 -0.102346 -0.322912 0.093992 0.336313 2.85834
0.075719 -0.0797912 0.0998375 -0.119505 0.155721 -0.874823
0.100096 -0.0456163 -0.00650733 0.0753899 0.0756702 1.6569
0.109895 -0.00479813 -0.0096458 -0.0361249 0.0373905 -1.83172
0.103691 0.0367188 0.00509417 0.016038 0.0168276 1.26324
0.0823851 0.0728882 -0.00993007 -0.00347482 0.0105205 -2.80498
0.0490818 0.0984428 0.0108463 0.00726041 0.013052 0.589887
0.0086305 0.109661 -0.004628 -0.00105727 0.00474723 -2.917
-0.0330776 0.104909 0.00415413 0.00830043 0.00928191 1.10677
-0.0699686 0.0848787 -0.00816041 -0.0418348 0.0426233 -1.76344
-0.0966699 0.0524875 0.0264801 0.107066 0.110292 1.32834
-0.109293 0.0124524 -0.0518286 -0.239238 0.244787 -1.78414
-0.105999 -0.0293962 0.00698951 0.430666 0.430723 1.55457
-0.0872689 -0.0669638 0.287303 -0.683575 0.741497 -1.17292
# x y Real Imaginary Modulus Phase <-> f = 0 s = 12
0.0412067 -0.10199 0.827217 0.198295 0.850652 0.235274
0.0764124 -0.0791274 -0.427092 0.103893 0.439547 2.90297
0.10049 -0.044741 0.173353 -0.154271 0.232058 -0.72722
0.109933 -0.00383894 -0.0725415 0.104346 0.127084 2.1783
0.103366 0.0376222 0.0361892 -0.050424 0.0620664 -0.948292
0.0817459 0.0736044 -0.0168125 0.0143602 0.0221106 2.4347
0.0482208 0.0988673 0.00151059 -0.00362348 0.00392574 -1.17581
0.00767321 0.109732 0.00565947 0.00142531 0.00583618 0.246714
-0.0339919 0.104616 -0.00197785 0.000682686 0.00209236 2.80923
-0.0707066 0.0842649 0.00863069 0.00435715 0.00966817 0.467515
-0.0971242 0.0516419 -0.0256896 -0.0169636 0.030785 -2.55799
-0.109397 0.0114981 0.0610979 0.0430808 0.074759 0.614147
-0.105739 -0.0303201 -0.0842979 -0.112371 0.140476 -2.21441
-0.0866812 -0.0677228 0.0273602 0.285084 0.286394 1.47512
-0.055 -0.0952628 0.277825 -0.517767 0.587596 -1.07831
# x y Real Imaginary Modulus Phase <-> f = 0 s = 13
0.0771 -0.0784575 0.95194 0.0309202 0.952442 0.0324699
0.100877 -0.0438624 -0.578741 0.239924 0.626502 2.7486
0.109962 -0.00287946 0.337476 -0.22614 0.406238 -0.59037
0.103034 0.0385228 -0.184781 0.106731 0.213391 2.6178
0.0811005 0.0743149 0.087609 -0.0294074 0.0924128 -0.323849
0.0473562 0.0992844 -0.0285795 -6.58568e-05 0.0285796 -3.13929
0.00671534 0.109795 0.00613583 -0.002951 0.00680858 -0.448288
-0.0349035 0.104316 0.00432032 0.00428589 0.00608556 0.781397
-0.0714393 0.0836447 -0.00586139 0.0111351 0.0125836 2.05533
-0.0975712 0.0507923 0.00555362 -0.012263 0.013462 -1.14555
-0.109494 0.010543 -0.0235561 0.011184 0.0260763 2.69832
-0.10547 -0.0312417 0.0493792 0.00205928 0.0494221 0.0416793
-0.0860869 -0.0684766 -0.0727796 -0.0707713 0.101516 -2.37018
-0.0541666 -0.0957391 0.0242465 0.237758 0.238991 1.46917
-0.0143579 -0.109059 0.307935 -0.539432 0.621137 -1.05209
# x y Real Imaginary Modulus Phase <-> f = 0 s = 14
0.101256 -0.0429804 0.736412 -0.0866478 0.741492 -0.117124
0.109983 -0.00191976 -0.567807 0.450642 0.724901 2.47073
0.102694 0.0394205 0.414859 -0.308244 0.516838 -0.639012
0.0804489 0.0750198 -0.212626 0.126712 0.247519 2.60416
0.046488 0.0996939 0.0913063 -0.044731 0.101674 -0.455535
0.00575696 0.109849 -0.0233234 0.0213301 0.0316062 2.4008
-0.0358125 0.104007 -0.000823468 -0.00972082 0.00975563 -1.65531
-0.0721665 0.0830181 0.00552713 0.0122187 0.0134107 1.14599
-0.0980107 0.049939 -0.0179328 0.0127857 0.0220241 2.52221
-0.109581 0.00958713 0.00648477 -0.0293934 0.0301002 -1.35365
-0.105194 -0.0321609 -0.00854035 0.027145 0.0284568 1.87561
-0.0854861 -0.0692252 0.0376012 -0.00287847 0.0377112 -0.0764036
-0.0533291 -0.0962082 -0.0726058 -0.0806734 0.108535 -2.30361
-0.0134056 -0.10918 0.00126266 0.312098 0.3121 1.56675
0.0284701 -0.106252 0.312428 -0.73279 0.796613 -1.16778
# x y Real Imaginary Modulus Phase <-> f = 0 s = 15
0.109996 -0.000959919 0.660973 0.020363 0.661287 0.0307978
0.102346 0.0403151 -0.528233 0.44265 0.689179 2.44412
0.0797912 0.075719 0.349142 -0.289257 0.453399 -0.691867
0.0456163 0.100096 -0.161244 0.13665 0.21136 2.43857
0.00479813 0.109895 0.0412204 -0.0547019 0.0684939 -0.92503
-0.0367188 0.103691 -0.0034526 0.0232383 0.0234934 1.71829
-0.0728882 0.0823851 -0.0127144 -0.00334851 0.0131479 -2.88408
-0.0984428 0.0490818 0.00203181 0.00857024 0.00880779 1.33802
-0.109661 0.0086305 -0.0205906 0.0134964 0.0246196 2.56139
-0.104909 -0.0330776 0.00759801 -0.0383701 0.0391152 -1.37531
-0.0848787 -0.0699686 -0.00739629 0.0275872 0.0285615 1.83274
-0.0524875 -0.0966699 0.0523297 0.0146387 0.0543387 0.272767
-0.0124524 -0.109293 -0.0782111 -0.144818 0.164588 -2.06598
0.0293962 -0.105999 0.00240396 0.47895 0.478956 1.56578
0.0669638 -0.0872689 0.0688907 -0.780295 0.78333 -1.48274
