# x y Real Imaginary Modulus Phase <-> f = 0 s = 0
0.10199 0.0412067 0.725743 -0.0391268 0.726797 -0.0538606
0.0791274 0.0764124 -0.573692 0.333614 0.663642 2.61487
0.044741 0.10049 0.300194 -0.224623 0.37493 -0.642386
0.00383894 0.109933 -0.0970512 0.104841 0.142865 2.31763
-0.0376222 0.103366 0.0162224 -0.0488294 0.0514537 -1.25004
-0.0736044 0.0817459 0.00290148 0.0143315 0.0146223 1.37104
-0.0988673 0.0482208 -0.0214939 0.00251874 0.021641 3.02494
-0.109732 0.00767321 -0.000129021 0.00559259 0.00559408 1.59386
-0.104616 -0.0339919 -0.0198977 0.0154654 0.0252011 2.48088
-0.0842649 -0.0707066 0.00766503 -0.0334491 0.0343161 -1.34553
-0.0516419 -0.0971242 -0.0209726 0.00520717 0.0216093 2.89823
-0.0114981 -0.109397 0.0551023 0.065352 0.0854818 0.870285
0.0303201 -0.105739 -0.047044 -0.282511 0.286401 -1.7358
0.0677228 -0.0866812 0.127639 0.647173 0.65964 1.37607
0.0952628 -0.055 -0.0207694 -0.635072 0.635412 -1.60349
# x y Real Imaginary Modulus Phase <-> f = 0 s = 1
0.0784575 0.0771 0.817721 -0.0905368 0.822718 -0.110269
0.0438624 0.100877 -0.585976 0.266783 0.643849 2.71436
0.00287946 0.109962 0.239772 -0.16868 0.293161 -0.613071
-0.0385228 0.103034 -0.0596553 0.0999701 0.116416 2.10881
-0.0743149 0.0811005 0.0043617 -0.042469 0.0426924 -1.46845
-0.0992844 0.0473562 0.00345255 0.0106464 0.0111922 1.2572
-0.109795 0.00671534 -0.0218182 0.00501123 0.0223863 2.91583
-0.104316 -0.0349035 0.00338117 0.0107369 0.0112567 1.26572
-0.0836447 -0.0714393 -0.0198332 0.0149405 0.0248309 2.49598
-0.0507923 -0.0975712 0.00855274 -0.00795859 0.0116828 -0.749429
-0.010543 -0.109494 -0.0257278 -0.0320462 0.041096 -2.24726
0.0312417 -0.10547 0.00986877 0.140434 0.14078 1.50064
0.0684766 -0.0860869 -0.0513682 -0.395811 0.39913 -1.69985
0.0957391 -0.0541666 0.192769 0.637248 0.665766 1.27704
0.109059 -0.0143579 0.027547 -0.684909 0.685463 -1.5306
# x y Real Imaginary Modulus Phase <-> f = 0 s = 2
0.0429804 0.101256 0.889015 -0.0825399 0.892838 -0.0925788
0.00191976 0.109983 -0.533049 0.176846 0.561619 2.82126
-0.0394205 0.102694 0.193703 -0.169874 0.257639 -0.719949
-0.0750198 0.0804489 -0.0435165 0.0951461 0.104625 1.99976
-0.0996939 0.046488 0.00398221 -0.0441189 0.0442983 -1.48078
-0.109849 0.00575696 0.00817348 0.0125935 0.0150134 0.995109
-0.104007 -0.0358125 -0.0144753 -0.000961853 0.0145073 -3.07524
-0.0830181 -0.0721665 0.0104541 0.0128655 0.0165774 0.888436
-0.049939 -0.0980107 -0.0083589 0.00945355 0.0126191 2.29482
-0.00958713 -0.109581 0.00574639 0.0110911 0.0124913 1.09277
0.0321609 -0.105194 0.00834058 -0.0548893 0.0555194 -1.42
0.0692252 -0.0854861 0.00520709 0.178001 0.178077 1.54155
0.0962082 -0.0533291 -0.0861004 -0.364745 0.37477 -1.80261
0.10918 -0.0134056 0.102905 0.572954 0.582122 1.39309
0.106252 0.0284701 0.0956397 -0.780179 0.786019 -1.44882
# x y Real Imaginary Modulus Phase <-> f = 0 s = 3
0.000959919 0.109996 0.917618 0.0141369 0.917727 0.0154049
-0.0403151 0.102346 -0.492243 0.188585 0.527132 2.77573
-0.075719 0.0797912 0.179354 -0.161234 0.241173 -0.732248
-0.100096 0.0456163 -0.0495028 0.0968327 0.108752 2.04338
-0.109895 0.00479813 0.00261698 -0.044241 0.0443183 -1.51171
-0.103691 -0.0367188 0.00440574 0.0198203 0.0203041 1.35207
-0.0823851 -0.0728882 -0.00695885 -0.00727138 0.0100647 -2.33424
-0.0490818 -0.0984428 0.0102367 0.00412752 0.0110375 0.38327
-0.0086305 -0.109661 -0.00366309 0.00016361 0.00366674 3.09696
0.0330776 -0.104909 -0.00382331 0.0104996 0.011174 1.92001
0.0699686 -0.0848787 0.00773947 -0.0682279 0.0686654 -1.45784
0.0966699 -0.0524875 0.0381321 0.156488 0.161066 1.33178
0.109293 -0.0124524 -0.0768502 -0.289749 0.299767 -1.83006
0.105999 0.0293962 0.0396951 0.532979 0.534456 1.49646
0.0872689 0.0669638 0.153766 -0.802666 0.817262 -1.38152
# x y Real Imaginary Modulus Phase <-> f = 0 s = 4
-0.0412067 0.10199 0.896528 -0.00654754 0.896552 -0.00730309
-0.0764124 0.0791274 -0.485747 0.16766 0.513868 2.80924
-0.10049 0.044741 0.204247 -0.164711 0.262386 -0.678648
-0.109933 0.00383894 -0.0666834 0.101592 0.121522 2.15165
-0.103366 -0.0376222 0.0236417 -0.0477283 0.0532628 -1.11088
-0.0817459 -0.0736044 -0.00885191 0.0163022 0.0185504 2.06824
-0.0482208 -0.0988673 -0.001225 -0.00154768 0.00197381 -2.24034
-0.00767321 -0.109732 0.0102512 -0.000123034 0.0102519 -0.0120013
0.0339919 -0.104616 -0.00406534 -0.00185185 0.00446725 -2.71416
0.0707066 -0.0842649 0.00657481 0.0187721 0.0198902 1.23391
0.0971242 -0.0516419 -0.025015 -0.0427396 0.049522 -2.10033
0.109397 -0.0114981 0.047541 0.0935889 0.104972 1.10079
0.105739 0.0303201 -0.0623054 -0.212866 0.221797 -1.85554
0.0866812 0.0677228 0.00191774 0.443656 0.44366 1.56647
0.055 0.0952628 0.241771 -0.746807 0.784968 -1.2577
# x y Real Imaginary Modulus Phase <-> f = 0 s = 5
-0.0771 0.0784575 0.921222 -0.019811 0.921435 -0.0215019
-0.100877 0.0438624 -0.566215 0.216978 0.606365 2.77565
-0.109962 0.00287946 0.271459 -0.206011 0.340779 -0.649176
-0.103034 -0.0385228 -0.131403 0.11408 0.174014 2.42665
-0.0811005 -0.0743149 0.0581795 -0.0386962 0.0698731 -0.586929
-0.0473562 -0.0992844 -0.0140375 0.00649209 0.015466 2.70841
-0.00671534 -0.109795 -0.00241772 -0.00218983 0.00326201 -2.40561
0.0349035 -0.104316 0.0119818 0.00543684 0.0131576 0.425977
0.0714393 -0.0836447 -0.012356 -0.00326577 0.0127803 -2.8832
0.0975712 -0.0507923 0.0182002 0.0058135 0.0191061 0.309176
0.109494 -0.010543 -0.0292798 -0.0205823 0.0357902 -2.52889
0.10547 0.0312417 0.056855 0.0640976 0.0856796 0.845206
0.0860869 0.0684766 -0.0783146 -0.177224 0.193756 -1.98689
0.0541666 0.0957391 0.0267974 0.410193 0.411067 1.50556
0.0143579 0.109059 0.211157 -0.735023 0.764752 -1.29105
# x y Real Imaginary Modulus Phase <-> f = 0 s = 6
-0.101256 0.0429804 0.850105 -0.0553238 0.851903 -0.0649871
-0.109983 0.00191976 -0.562211 0.311532 0.642755 2.63559
-0.102694 -0.0394205 0.331201 -0.235469 0.406374 -0.61804
-0.0804489 -0.0750198 -0.151715 0.103856 0.183858 2.54132
-0.046488 -0.0996939 0.0513692 -0.0360257 0.0627427 -0.611604
-0.00575696 -0.109849 -0.000819074 0.013466 0.0134908 1.63155
0.0358125 -0.104007 -0.0129487 0.00302544 0.0132974 2.91206
0.0721665 -0.0830181 0.0141635 0.0139249 0.0198622 0.776905
0.0980107 -0.049939 -0.0191779 0.00891317 0.021148 2.70653
0.109581 -0.00958713 0.00995335 -0.00341346 0.0105224 -0.330376
0.105194 0.0321609 -0.0301822 -0.0115841 0.0323289 -2.77512
0.0854861 0.0692252 0.0584826 0.0517664 0.0781023 0.724555
0.0533291 0.0962082 -0.0790206 -0.159395 0.177908 -2.03104
0.0134056 0.10918 0.0213372 0.396719 0.397293 1.51706
-0.0284701 0.106252 0.246842 -0.756776 0.796016 -1.2555
# x y Real Imaginary Modulus Phase <-> f = 0 s = 7
-0.109996 0.000959919 0.763702 -0.0859263 0.768521 -0.112042
-0.102346 -0.0403151 -0.621493 0.360762 0.718611 2.61565
-0.0797912 -0.075719 0.353085 -0.202138 0.406852 -0.519947
-0.0456163 -0.100096 -0.12383 0.0901373 0.153162 2.51238
-0.00479813 -0.109895 0.00903044 -0.0403013 0.0413006 -1.35036
0.0367188 -0.103691 0.0104305 0.00353973 0.0110147 0.327168
0.0728882 -0.0823851 -0.0293037 0.00144376 0.0293392 3.09236
0.0984428 -0.0490818 0.00812262 0.00780323 0.0112635 0.765346
0.109661 -0.0086305 -0.0220846 0.0150995 0.026753 2.54188
0.104909 0.0330776 0.0054877 -0.00496668 0.00740153 -0.735602
0.0848787 0.0699686 -0.0281384 -0.0117456 0.0304915 -2.74616
0.0524875 0.0966699 0.0575682 0.0523091 0.0777839 0.737571
0.0124524 0.109293 -0.0755758 -0.177823 0.193217 -1.97267
-0.0293962 0.105999 0.0029088 0.468659 0.468668 1.56459
-0.0669638 0.0872689 0.153552 -0.779917 0.794889 -1.3764
# x y Real Imaginary Modulus Phase <-> f = 0 s = 8
-0.10199 -0.0412067 0.724025 -0.156561 0.740759 -0.212959
-0.0791274 -0.0764124 -0.628589 0.322719 0.706592 2.66728
-0.044741 -0.10049 0.265868 -0.174745 0.318153 -0.581464
-0.00383894 -0.109933 -0.0301835 0.0897759 0.0947141 1.89513
0.0376222 -0.103366 -0.0181614 -0.0252653 0.0311155 -2.19405
0.0736044 -0.0817459 0.0281546 -0.0112504 0.0303191 -0.380156
0.0988673 -0.0482208 -0.0363989 5.93877e-05 0.0363989 3.13996
0.109732 -0.00767321 0.00557741 0.00288587 0.00627979 0.477486
0.104616 0.0339919 -0.0227996 0.0167312 0.0282799 2.50852
0.0842649 0.0707066 0.0116821 -0.00515585 0.0127693 -0.415633
0.0516419 0.0971242 -0.0327679 -0.0099854 0.0342555 -2.8458
0.0114981 0.109397 0.0580036 0.0663229 0.0881087 0.852213
-0.0303201 0.105739 -0.0691293 -0.237679 0.247528 -1.85384
-0.0677228 0.0866812 0.0764164 0.53384 0.539282 1.42862
-0.0952628 0.055 0.0647574 -0.752276 0.755058 -1.48493
# x y Real Imaginary Modulus Phase <-> f = 0 s = 9
-0.0784575 -0.0771 0.869107 -0.0645996 0.871504 -0.0741923
-0.0438624 -0.100877 -0.511178 0.153174 0.533634 2.85046
-0.00287946 -0.109962 0.117695 -0.133979 0.178332 -0.850012
0.0385228 -0.103034 0.00970361 0.0614023 0.0621643 1.41406
0.0743149 -0.0811005 -0.0233529 -0.00548699 0.0239889 -2.91082
0.0992844 -0.0473562 0.0343496 -0.0220343 0.0408094 -0.570357
0.109795 -0.00671534 -0.0336417 -0.000214897 0.0336424 -3.1352
0.104316 0.0349035 0.00722638 0.00968701 0.0120855 0.929869
0.0836447 0.0714393 -0.0171077 0.0117199 0.0207372 2.54096
0.0507923 0.0975712 0.0165965 0.000583708 0.0166067 0.0351561
0.010543 0.109494 -0.0297613 -0.0249475 0.0388344 -2.44396
-0.0312417 0.10547 0.0388384 0.113522 0.119982 1.24116
-0.0684766 0.0860869 -0.0689488 -0.303269 0.311008 -1.79435
-0.0957391 0.0541666 0.076612 0.604952 0.609784 1.44483
-0.109059 0.0143579 -0.00275638 -0.801037 0.801042 -1.57424
# x y Real Imaginary Modulus Phase <-> f = 0 s = 10
-0.0429804 -0.101256 0.899189 0.134077 0.90913 0.148018
-0.00191976 -0.109983 -0.35149 0.113738 0.369434 2.82864
0.0394205 -0.102694 0.078722 -0.11531 0.13962 -0.971777
0.0750198 -0.0804489 0.00237266 0.0547096 0.0547611 1.52746
0.0996939 -0.046488 -0.0203709 -0.00745579 0.0216924 -2.79073
0.109849 -0.00575696 0.030836 -0.00927689 0.0322013 -0.292232
0.104007 0.0358125 -0.028527 -0.00353628 0.0287453 -3.01826
0.0830181 0.0721665 0.0128175 0.0152321 0.0199074 0.87127
0.049939 0.0980107 -0.0106174 0.00128212 0.0106946 3.02142
0.00958713 0.109581 0.00966486 0.00831808 0.0127515 0.710646
-0.0321609 0.105194 -0.0090146 -0.0423556 0.0433043 -1.7805
-0.0692252 0.0854861 0.026241 0.131849 0.134435 1.37434
-0.0962082 0.0533291 -0.0351793 -0.304152 0.306179 -1.68595
-0.10918 0.0134056 0.0390796 0.603075 0.60434 1.50609
-0.106252 -0.0284701 0.122808 -0.791235 0.800709 -1.41681
# x y Real Imaginary Modulus Phase <-> f = 0 s = 11
-0.000959919 -0.109996 0.77061 0.218229 0.800914 0.275965
0.0403151 -0.102346 -0.322894 0.0897193 0.335127 2.87057
0.075719 -0.0797912 0.0998403 -0.116081 0.15311 -0.860471
0.100096 -0.0456163 -0.00720027 0.0737843 0.0741347 1.66807
0.109895 -0.00479813 -0.00751238 -0.0342312 0.0350458 -1.78683
0.103691 0.0367188 0.00505975 0.0138289 0.0147255 1.22004
0.0823851 0.0728882 -0.00903102 -0.00191488 0.0092318 -2.93265
0.0490818 0.0984428 0.0113036 0.00671098 0.0131457 0.535775
0.0086305 0.109661 -0.00418458 7.74292e-06 0.00418458 3.13974
-0.0330776 0.104909 0.00416086 0.00796901 0.00898987 1.0896
-0.0699686 0.0848787 -0.00682907 -0.0410605 0.0416245 -1.73561
-0.0966699 0.0524875 0.0234154 0.104861 0.107444 1.3511
-0.109293 0.0124524 -0.0465771 -0.237311 0.241839 -1.7646
-0.105999 -0.0293962 0.000270392 0.429694 0.429694 1.57017
-0.0872689 -0.0669638 0.296977 -0.682827 0.744612 -1.16055
# x y Real Imaginary Modulus Phase <-> f = 0 s = 12
0.0412067 -0.10199 0.826163 0.20572 0.851391 0.244043
0.0764124 -0.0791274 -0.424723 0.0986521 0.43603 2.91337
0.10049 -0.044741 0.173191 -0.15072 0.22959 -0.716134
0.109933 -0.00383894 -0.0713437 0.10115 0.123779 2.18509
0.103366 0.0376222 0.0341298 -0.0484072 0.0592292 -0.956685
0.0817459 0.0736044 -0.0154052 0.014759 0.0213341 2.37761
0.0482208 0.0988673 0.0018001 -0.00281126 0.00333819 -1.00126
0.00767321 0.109732 0.00621064 0.00127776 0.00634072 0.202906
-0.0339919 0.104616 -0.00040008 0.000608719 0.000728424 2.15225
-0.0707066 0.0842649 0.00785065 0.00405952 0.00883812 0.477228
-0.0971242 0.0516419 -0.0248534 -0.015481 0.0292806 -2.58451
-0.109397 0.0114981 0.0576887 0.0419746 0.0713432 0.629014
-0.105739 -0.0303201 -0.0811559 -0.110658 0.137228 -2.20358
-0.0866812 -0.0677228 0.0228052 0.28283 0.283748 1.49034
-0.055 -0.0952628 0.283476 -0.510128 0.5836 -1.06359
# x y Real Imaginary Modulus Phase <-> f = 0 s = 13
0.0771 -0.0784575 0.957507 0.0318745 0.958038 0.0332768
0.100877 -0.0438624 -0.585251 0.238013 0.631798 2.75534
0.109962 -0.00287946 0.338928 -0.222266 0.405308 -0.580436
0.103034 0.0385228 -0.184131 0.103355 0.211155 2.63011
0.0811005 0.0743149 0.0851066 -0.0280497 0.0896098 -0.318371
0.0473562 0.0992844 -0.0282699 -0.00104443 0.0282892 -3.10466
0.00671534 0.109795 0.00565108 -0.00273393 0.00627767 -0.450594
-0.0349035 0.104316 0.00369168 0.00426429 0.00564027 0.857247
-0.0714393 0.0836447 -0.00329378 0.0121704 0.0126083 1.8351
-0.0975712 0.0507923 0.00285653 -0.0122144 0.012544 -1.34106
-0.109494 0.010543 -0.0207116 0.0098218 0.0229225 2.69878
-0.10547 -0.0312417 0.0485214 0.0033931 0.0486399 0.0698164
-0.0860869 -0.0684766 -0.0699573 -0.070624 0.0994072 -2.35145
-0.0541666 -0.0957391 0.0191786 0.235859 0.236637 1.48966
-0.0143579 -0.109059 0.312578 -0.53509 0.619698 -1.04211
# x y Real Imaginary Modulus Phase <-> f = 0 s = 14
0.101256 -0.0429804 0.740206 -0.0979396 0.746658 -0.13155
0.109983 -0.00191976 -0.577039 0.452408 0.733244 2.47667
0.102694 0.0394205 0.419394 -0.303708 0.517813 -0.626757
0.0804489 0.0750198 -0.213789 0.122712 0.246504 2.62052
0.046488 0.0996939 0.0926919 -0.0424106 0.101934 -0.42911
0.00575696 0.109849 -0.0222778 0.0187014 0.0290868 2.44325
-0.0358125 0.104007 -0.000890924 -0.0106054 0.0106427 -1.65461
-0.0721665 0.0830181 0.00560801 0.0123392 0.0135538 1.14422
-0.0980107 0.049939 -0.0154048 0.0156602 0.021967 2.34797
-0.109581 0.00958713 0.00189955 -0.0306454 0.0307042 -1.50889
-0.105194 -0.0321609 -0.00471898 0.0242 0.0246558 1.76338
-0.0854861 -0.0692252 0.0349259 -0.00080384 0.0349351 -0.0230115
-0.0533291 -0.0962082 -0.070209 -0.0795325 0.106088 -2.29401
-0.0134056 -0.10918 -0.00134767 0.308313 0.308316 1.57517
0.0284701 -0.106252 0.319583 -0.732586 0.799259 -1.15944
# x y Real Imaginary Modulus Phase <-> f = 0 s = 15
0.109996 -0.000959919 0.653502 0.0147542 0.653669 0.0225732
0.102346 0.0403151 -0.532179 0.446261 0.694524 2.44378
0.0797912 0.075719 0.355367 -0.286086 0.456214 -0.677809
0.0456163 0.100096 -0.160436 0.134482 0.209344 2.44397
0.00479813 0.109895 0.0422337 -0.0524625 0.0673498 -0.892998
-0.0367188 0.103691 -0.00130729 0.0229291 0.0229664 1.62775
-0.0728882 0.0823851 -0.0137818 -0.0053061 0.014768 -2.77408
-0.0984428 0.0490818 0.00259513 0.0106764 0.0109873 1.33235
-0.109661 0.0086305 -0.0208855 0.0141435 0.0252239 2.54634
-0.104909 -0.0330776 0.00298811 -0.0405167 0.0406267 -1.49718
-0.0848787 -0.0699686 -0.00353333 0.0237291 0.0239908 1.71861
-0.0524875 -0.0966699 0.05071 0.0153433 0.0529804 0.293812
-0.0124524 -0.109293 -0.0761298 -0.144914 0.163694 -2.05451
0.0293962 -0.105999 -0.00353411 0.481396 0.481409 1.57814
0.0669638 -0.0872689 0.0691847 -0.790508 0.793529 -1.4835
