# x y Real Imaginary Modulus Phase <-> f = 0 s = 0
0.10199 0.0412067 0.733991 -0.034437 0.734798 -0.0468831
0.0791274 0.0764124 -0.570456 0.328054 0.658057 2.6197
0.044741 0.10049 0.293101 -0.222868 0.36821 -0.650111
0.00383894 0.109933 -0.0962763 0.106496 0.143564 2.30584
-0.0376222 0.103366 0.00887359 -0.0496169 0.0504042 -1.39383
-0.0736044 0.0817459 0.00776694 0.0112072 0.0136355 0.964761
-0.0988673 0.0482208 -0.0263614 -0.0023696 0.0264677 -3.05194
-0.109732 0.00767321 0.000246658 0.000398865 0.000468971 1.01696
-0.104616 -0.0339919 -0.0196885 0.00782306 0.0211858 2.76338
-0.0842649 -0.0707066 0.0169101 -0.0301281 0.0345493 -1.05934
-0.0516419 -0.0971242 -0.0309566 0.0106757 0.0327457 2.8095
-0.0114981 -0.109397 0.0629453 0.0658896 0.0911238 0.808247
0.0303201 -0.105739 -0.0499124 -0.27597 0.280448 -1.74972
0.0677228 -0.0866812 0.126453 0.63599 0.648439 1.37453
0.0952628 -0.055 -0.0192115 -0.645519 0.645804 -1.60055
# x y Real Imaginary Modulus Phase <-> f = 0 s = 1
0.0784575 0.0771 0.80886 -0.0711466 0.811983 -0.0877333
0.0438624 0.100877 -0.563758 0.266514 0.623581 2.69998
0.00287946 0.109962 0.230746 -0.180205 0.292775 -0.663028
-0.0385228 0.103034 -0.0543958 0.102829 0.11633 2.05737
-0.0743149 0.0811005 -0.00173475 -0.0419924 0.0420282 -1.61208
-0.0992844 0.0473562 0.0105919 0.00555895 0.0119621 0.483312
-0.109795 0.00671534 -0.0214676 0.00200813 0.0215613 3.04832
-0.104316 -0.0349035 -0.0039367 0.00305664 0.00498404 2.48138
-0.0836447 -0.0714393 -0.027355 0.00935956 0.0289119 2.81193
-0.0507923 -0.0975712 0.0108339 -0.00156668 0.0109466 -0.143613
-0.010543 -0.109494 -0.0299422 -0.0329848 0.0445481 -2.30788
0.0312417 -0.10547 0.0209504 0.133958 0.135586 1.41566
0.0684766 -0.0860869 -0.0531593 -0.388587 0.392206 -1.70675
0.0957391 -0.0541666 0.185398 0.631404 0.65806 1.2852
0.109059 -0.0143579 0.0440008 -0.69625 0.697639 -1.50768
# x y Real Imaginary Modulus Phase <-> f = 0 s = 2
0.0429804 0.101256 0.866544 -0.074416 0.869734 -0.0856665
0.00191976 0.109983 -0.512938 0.182383 0.544397 2.79997
-0.0394205 0.102694 0.176459 -0.173634 0.247562 -0.777329
-0.0750198 0.0804489 -0.033021 0.0980765 0.103486 1.89556
-0.0996939 0.046488 -0.000355117 -0.0439886 0.04399 -1.57887
-0.109849 0.00575696 0.00601844 0.0114497 0.0129351 1.08685
-0.104007 -0.0358125 -0.0206267 -0.00221 0.0207447 -3.03486
-0.0830181 -0.0721665 0.00671102 0.0117032 0.0134909 1.05014
-0.049939 -0.0980107 -0.0128881 0.0117153 0.017417 2.40383
-0.00958713 -0.109581 0.0117045 0.0149356 0.0189755 0.906097
0.0321609 -0.105194 -0.00279003 -0.0480484 0.0481294 -1.6288
0.0692252 -0.0854861 0.010943 0.18001 0.180342 1.51008
0.0962082 -0.0533291 -0.0922293 -0.36022 0.37184 -1.82145
0.10918 -0.0134056 0.0989206 0.565721 0.574304 1.39769
0.106252 0.0284701 0.101195 -0.760755 0.767456 -1.43855
# x y Real Imaginary Modulus Phase <-> f = 0 s = 3
0.000959919 0.109996 0.898801 0.01422 0.898914 0.0158198
-0.0403151 0.102346 -0.464804 0.20122 0.50649 2.73304
-0.075719 0.0797912 0.169464 -0.168733 0.239142 -0.783237
-0.100096 0.0456163 -0.0433879 0.0983747 0.107518 1.98618
-0.109895 0.00479813 -0.00362403 -0.0429948 0.0431472 -1.65489
-0.103691 -0.0367188 0.00719952 0.0189149 0.0202388 1.2071
-0.0823851 -0.0728882 -0.00920424 -0.0119706 0.0151001 -2.22628
-0.0490818 -0.0984428 0.00796008 0.00531184 0.00956967 0.588448
-0.0086305 -0.109661 -0.0058931 0.000592081 0.00592277 3.04146
0.0330776 -0.104909 0.00312418 0.0139968 0.0143412 1.35119
0.0699686 -0.0848787 0.0037779 -0.0624009 0.0625152 -1.51033
0.0966699 -0.0524875 0.0411683 0.156446 0.161772 1.31348
0.109293 -0.0124524 -0.0777019 -0.281732 0.292251 -1.83991
0.105999 0.0293962 0.0495831 0.520836 0.523191 1.47588
0.0872689 0.0669638 0.148021 -0.784719 0.798558 -1.38436
# x y Real Imaginary Modulus Phase <-> f = 0 s = 4
-0.0412067 0.10199 0.868281 -0.00860451 0.868324 -0.00990949
-0.0764124 0.0791274 -0.470249 0.177855 0.502759 2.78001
-0.10049 0.044741 0.196484 -0.169629 0.259577 -0.712177
-0.109933 0.00383894 -0.0625057 0.103199 0.120653 2.11538
-0.103366 -0.0376222 0.0196318 -0.0493989 0.053157 -1.19252
-0.0817459 -0.0736044 -0.00685476 0.0165901 0.0179505 1.96262
-0.0482208 -0.0988673 -0.00307551 -0.000764869 0.00316919 -2.89784
-0.00767321 -0.109732 0.0104095 0.00341801 0.0109563 0.317263
0.0339919 -0.104616 -0.00511591 -0.00393607 0.00645486 -2.4858
0.0707066 -0.0842649 0.008921 0.017568 0.0197032 1.10093
0.0971242 -0.0516419 -0.0291259 -0.0421365 0.0512231 -2.17561
0.109397 -0.0114981 0.0488285 0.0898814 0.102288 1.07315
0.105739 0.0303201 -0.0694347 -0.210197 0.221368 -1.88984
0.0866812 0.0677228 0.0132623 0.435944 0.436145 1.54038
0.055 0.0952628 0.227995 -0.728167 0.763026 -1.26736
# x y Real Imaginary Modulus Phase <-> f = 0 s = 5
-0.0771 0.0784575 0.896434 -0.0163967 0.896584 -0.018289
-0.100877 0.0438624 -0.552182 0.222059 0.59516 2.75924
-0.109962 0.00287946 0.261459 -0.210939 0.335941 -0.678859
-0.103034 -0.0385228 -0.125375 0.117375 0.171743 2.38914
-0.0811005 -0.0743149 0.053688 -0.0406852 0.0673623 -0.648479
-0.0473562 -0.0992844 -0.00930045 0.00930376 0.0131552 2.35602
-0.00671534 -0.109795 -0.00438951 -0.0040683 0.00598489 -2.39415
0.0349035 -0.104316 0.0102917 0.00676393 0.0123154 0.581437
0.0714393 -0.0836447 -0.0146232 -0.00412468 0.0151938 -2.86667
0.0975712 -0.0507923 0.0198395 0.00451793 0.0203474 0.223906
0.109494 -0.010543 -0.0311315 -0.0174771 0.0357018 -2.63004
0.10547 0.0312417 0.0609461 0.0606955 0.0860138 0.783339
0.0860869 0.0684766 -0.0882141 -0.170451 0.191925 -2.04837
0.0541666 0.0957391 0.0438723 0.398757 0.401163 1.46121
0.0143579 0.109059 0.192448 -0.713854 0.73934 -1.30747
# x y Real Imaginary Modulus Phase <-> f = 0 s = 6
-0.101256 0.0429804 0.846883 -0.0393178 0.847795 -0.0463932
-0.109983 0.00191976 -0.547007 0.305391 0.626483 2.6324
-0.102694 -0.0394205 0.320253 -0.237071 0.398452 -0.637239
-0.0804489 -0.0750198 -0.147744 0.107456 0.182689 2.51277
-0.046488 -0.0996939 0.0486192 -0.0346125 0.0596813 -0.618674
-0.00575696 -0.109849 0.00125405 0.0160404 0.0160893 1.49277
0.0358125 -0.104007 -0.0166024 -0.00319871 0.0169078 -2.95126
0.0721665 -0.0830181 0.00958946 0.0109441 0.014551 0.851276
0.0980107 -0.049939 -0.0204579 0.00697148 0.0216131 2.81316
0.109581 -0.00958713 0.0117856 -0.00728462 0.0138552 -0.553617
0.105194 0.0321609 -0.0310574 -0.00938781 0.0324452 -2.84805
0.0854861 0.0692252 0.0624326 0.0487574 0.0792156 0.663023
0.0533291 0.0962082 -0.0882264 -0.153061 0.176668 -2.09369
0.0134056 0.10918 0.0352394 0.386434 0.388037 1.47986
-0.0284701 0.106252 0.233873 -0.739292 0.775403 -1.26441
# x y Real Imaginary Modulus Phase <-> f = 0 s = 7
-0.109996 0.000959919 0.769131 -0.0748255 0.772762 -0.0969805
-0.102346 -0.0403151 -0.615931 0.353373 0.710101 2.62072
-0.0797912 -0.075719 0.343692 -0.204268 0.399812 -0.536244
-0.0456163 -0.100096 -0.119712 0.092312 0.15117 2.48471
-0.00479813 -0.109895 0.00603896 -0.0444189 0.0448276 -1.43567
0.0367188 -0.103691 0.0166983 0.00588998 0.0177066 0.339105
0.0728882 -0.0823851 -0.0276391 -0.00601886 0.0282869 -2.92717
0.0984428 -0.0490818 0.00614323 0.00577544 0.00843179 0.75455
0.109661 -0.0086305 -0.0233553 0.0107719 0.0257197 2.70945
0.104909 0.0330776 0.00565741 -0.00866543 0.0103487 -0.992406
0.0848787 0.0699686 -0.0293637 -0.0099516 0.0310042 -2.81483
0.0524875 0.0966699 0.0604946 0.0473405 0.0768161 0.664015
0.0124524 0.109293 -0.0813984 -0.171054 0.189433 -2.01495
-0.0293962 0.105999 0.0141448 0.461072 0.461289 1.54013
-0.0669638 0.0872689 0.155443 -0.764103 0.779754 -1.3701
# x y Real Imaginary Modulus Phase <-> f = 0 s = 8
-0.10199 -0.0412067 0.730613 -0.148641 0.74558 -0.200707
-0.0791274 -0.0764124 -0.614236 0.319214 0.692231 2.66232
-0.044741 -0.10049 0.25832 -0.17755 0.313454 -0.602168
-0.00383894 -0.109933 -0.0263783 0.0957532 0.0993202 1.83961
0.0376222 -0.103366 -0.0260048 -0.0290324 0.038976 -2.30124
0.0736044 -0.0817459 0.0366874 -0.00385318 0.0368892 -0.104644
0.0988673 -0.0482208 -0.0313788 -0.00545728 0.0318498 -2.9694
0.109732 -0.00767321 0.00491102 -0.000775144 0.00497182 -0.156546
0.104616 0.0339919 -0.0236806 0.0125494 0.0268004 2.65428
0.0842649 0.0707066 0.0130225 -0.00868587 0.0156534 -0.588226
0.0516419 0.0971242 -0.0346947 -0.00748881 0.0354937 -2.92901
0.0114981 0.109397 0.0621357 0.0608427 0.0869637 0.774885
-0.0303201 0.105739 -0.0766248 -0.231706 0.244047 -1.89017
-0.0677228 0.0866812 0.0822553 0.520264 0.526726 1.41399
-0.0952628 0.055 0.0764424 -0.743397 0.747317 -1.46833
# x y Real Imaginary Modulus Phase <-> f = 0 s = 9
-0.0784575 -0.0771 0.860931 -0.0470512 0.862216 -0.0545972
-0.0438624 -0.100877 -0.498601 0.154718 0.522054 2.84071
-0.00287946 -0.109962 0.107193 -0.139005 0.175536 -0.913899
0.0385228 -0.103034 0.0179273 0.064209 0.0666647 1.29853
0.0743149 -0.0811005 -0.034018 -0.00760232 0.0348571 -2.92173
0.0992844 -0.0473562 0.0432989 -0.00997555 0.0444331 -0.226437
0.109795 -0.00671534 -0.028482 -0.00613164 0.0291346 -2.92955
0.104316 0.0349035 0.00452648 0.00521991 0.00690916 0.856426
0.0836447 0.0714393 -0.0193114 0.00951683 0.021529 2.68371
0.0507923 0.0975712 0.0190863 -0.00159479 0.0191528 -0.0833633
0.010543 0.109494 -0.0323314 -0.0238134 0.0401547 -2.50676
-0.0312417 0.10547 0.0436313 0.110087 0.118418 1.19345
-0.0684766 0.0860869 -0.0754388 -0.296765 0.306204 -1.81973
-0.0957391 0.0541666 0.0758956 0.594955 0.599777 1.44392
-0.109059 0.0143579 0.00735469 -0.798615 0.798649 -1.56159
# x y Real Imaginary Modulus Phase <-> f = 0 s = 10
-0.0429804 -0.101256 0.883777 0.131063 0.893442 0.147225
-0.00191976 -0.109983 -0.344026 0.121386 0.364813 2.80239
0.0394205 -0.102694 0.0715641 -0.119306 0.139123 -1.0305
0.0750198 -0.0804489 0.0159111 0.0543725 0.0566528 1.28611
0.0996939 -0.046488 -0.033465 -0.00898176 0.0346494 -2.87938
0.109849 -0.00575696 0.0368475 0.000711667 0.0368543 0.0193115
0.104007 0.0358125 -0.0266594 -0.0094834 0.0282959 -2.79983
0.0830181 0.0721665 0.00795564 0.0142971 0.0163615 1.06301
0.049939 0.0980107 -0.0118682 0.000811722 0.0118959 3.0733
0.00958713 0.109581 0.011967 0.00832937 0.0145804 0.608055
-0.0321609 0.105194 -0.0119731 -0.0409544 0.0426687 -1.85522
-0.0692252 0.0854861 0.0287599 0.132784 0.135863 1.3575
-0.0962082 0.0533291 -0.0421038 -0.299589 0.302533 -1.71042
-0.10918 0.0134056 0.0436492 0.590985 0.592594 1.49707
-0.106252 -0.0284701 0.129069 -0.773412 0.784108 -1.40544
# x y Real Imaginary Modulus Phase <-> f = 0 s = 11
-0.000959919 -0.109996 0.760634 0.206909 0.788274 0.265595
0.0403151 -0.102346 -0.314992 0.097754 0.329812 2.84068
0.075719 -0.0797912 0.0919884 -0.120187 0.15135 -0.917527
0.100096 -0.0456163 -0.0017161 0.0771796 0.0771987 1.59303
0.109895 -0.00479813 -0.014052 -0.0377264 0.0402584 -1.92735
0.103691 0.0367188 0.00993586 0.0164384 0.0192079 1.02713
0.0823851 0.0728882 -0.0103372 -0.00644537 0.0121819 -2.58406
0.0490818 0.0984428 0.00715588 0.00873052 0.0112884 0.884194
0.0086305 0.109661 -0.00542988 -0.000537351 0.0054564 -3.04295
-0.0330776 0.104909 0.00887788 0.00677321 0.0111666 0.651726
-0.0699686 0.0848787 -0.0100933 -0.0364949 0.0378649 -1.84062
-0.0966699 0.0524875 0.025721 0.101376 0.104588 1.32232
-0.109293 0.0124524 -0.0533142 -0.231358 0.237422 -1.79728
-0.105999 -0.0293962 0.00768034 0.419635 0.419705 1.5525
-0.0872689 -0.0669638 0.290324 -0.672866 0.732827 -1.16346
# x y Real Imaginary Modulus Phase <-> f = 0 s = 12
0.0412067 -0.10199 0.814628 0.195677 0.837799 0.235738
0.0764124 -0.0791274 -0.416972 0.1065 0.430357 2.89153
0.10049 -0.044741 0.169454 -0.159089 0.232431 -0.75386
0.109933 -0.00383894 -0.0692784 0.105938 0.126579 2.14995
0.103366 0.0376222 0.0343663 -0.0533462 0.0634576 -0.998501
0.0817459 0.0736044 -0.0136115 0.0181993 0.0227264 2.21296
0.0482208 0.0988673 0.00156027 -0.00526226 0.0054887 -1.28255
0.00767321 0.109732 0.00480698 0.00350573 0.00594955 0.63012
-0.0339919 0.104616 -0.00469478 0.00162557 0.00496824 2.80826
-0.0707066 0.0842649 0.0111267 0.00276229 0.0114644 0.243339
-0.0971242 0.0516419 -0.0270786 -0.0128373 0.0299674 -2.6989
-0.109397 0.0114981 0.0647953 0.0393813 0.0758242 0.546121
-0.105739 -0.0303201 -0.0906182 -0.107046 0.140252 -2.27327
-0.0866812 -0.0677228 0.029129 0.2762 0.277731 1.46572
-0.055 -0.0952628 0.269889 -0.504896 0.572503 -1.0799
# x y Real Imaginary Modulus Phase <-> f = 0 s = 13
0.0771 -0.0784575 0.944658 0.0384158 0.945439 0.0406439
0.100877 -0.0438624 -0.577001 0.235264 0.623121 2.75444
0.109962 -0.00287946 0.337459 -0.220993 0.403382 -0.579793
0.103034 0.0385228 -0.175967 0.10835 0.20665 2.58968
0.0811005 0.0743149 0.0860673 -0.0270048 0.0902044 -0.304036
0.0473562 0.0992844 -0.0275429 0.000821259 0.0275551 3.11178
0.00671534 0.109795 0.00625372 -0.00659981 0.00909211 -0.812317
-0.0349035 0.104316 0.00250689 0.0052305 0.00580023 1.12386
-0.0714393 0.0836447 -0.00730201 0.012426 0.0144127 2.10208
-0.0975712 0.0507923 0.00420902 -0.0193493 0.0198018 -1.35661
-0.109494 0.010543 -0.0289122 0.0182739 0.0342031 2.57794
-0.10547 -0.0312417 0.0519583 -0.0059834 0.0523017 -0.114653
-0.0860869 -0.0684766 -0.0786818 -0.0624525 0.100455 -2.47068
-0.0541666 -0.0957391 0.0313609 0.227389 0.229542 1.43374
-0.0143579 -0.109059 0.300228 -0.531914 0.610794 -1.05694
# x y Real Imaginary Modulus Phase <-> f = 0 s = 14
0.101256 -0.0429804 0.751377 -0.0868187 0.756376 -0.115036
0.109983 -0.00191976 -0.576485 0.44082 0.725712 2.48877
0.102694 0.0394205 0.412281 -0.295509 0.507249 -0.621889
0.0804489 0.0750198 -0.211252 0.12605 0.246 2.60362
0.046488 0.0996939 0.0911164 -0.0406457 0.0997711 -0.419594
0.00575696 0.109849 -0.019455 0.021606 0.0290743 2.30386
-0.0358125 0.104007 -0.00503323 -0.00861785 0.00998001 -2.0994
-0.0721665 0.0830181 0.00168475 0.0081264 0.0082992 1.36637
-0.0980107 0.049939 -0.017357 0.0128174 0.0215767 2.50552
-0.109581 0.00958713 0.0169956 -0.0273259 0.03218 -1.01439
-0.105194 -0.0321609 -0.0164181 0.0321535 0.0361026 2.0429
-0.0854861 -0.0692252 0.0416541 -0.0137322 0.0438593 -0.318452
-0.0533291 -0.0962082 -0.077914 -0.0710782 0.105464 -2.40204
-0.0134056 -0.10918 0.00613711 0.30714 0.307201 1.55082
0.0284701 -0.106252 0.318853 -0.722954 0.790146 -1.15542
# x y Real Imaginary Modulus Phase <-> f = 0 s = 15
0.109996 -0.000959919 0.664944 0.0091066 0.665006 0.0136944
0.102346 0.0403151 -0.535572 0.427066 0.684999 2.46844
0.0797912 0.075719 0.342816 -0.282676 0.444329 -0.689545
0.0456163 0.100096 -0.151356 0.141337 0.207086 2.39041
0.00479813 0.109895 0.0395135 -0.0537409 0.0667039 -0.936797
-0.0367188 0.103691 -0.00555286 0.0280916 0.0286352 1.76595
-0.0728882 0.0823851 -0.0180749 -0.0101242 0.0207171 -2.63101
-0.0984428 0.0490818 0.0050086 0.00616116 0.00794015 0.88822
-0.109661 0.0086305 -0.0179452 0.0107551 0.0209214 2.60166
-0.104909 -0.0330776 0.0190379 -0.0343236 0.0392498 -1.06438
-0.0848787 -0.0699686 -0.0139843 0.0270648 0.0304641 2.04771
-0.0524875 -0.0966699 0.0537191 0.0124271 0.0551378 0.227336
-0.0124524 -0.109293 -0.0790647 -0.142152 0.162661 -2.07839
0.0293962 -0.105999 0.00629508 0.47865 0.478692 1.55765
0.0669638 -0.0872689 0.0780864 -0.776488 0.780404 -1.47057
