# x y Real Imaginary Modulus Phase <-> f = 0 s = 0
0.10199 0.0412067 0.732671 -0.0431109 0.733938 -0.058773
0.0791274 0.0764124 -0.576554 0.324388 0.661545 2.6291
0.044741 0.10049 0.293995 -0.222317 0.368589 -0.647454
0.00383894 0.109933 -0.0942802 0.103913 0.14031 2.30763
-0.0376222 0.103366 0.0140158 -0.0471526 0.0491916 -1.28187
-0.0736044 0.0817459 0.000749872 0.013484 0.0135048 1.51524
-0.0988673 0.0482208 -0.0239264 0.00432308 0.0243138 2.96284
-0.109732 0.00767321 0.000719745 0.0101253 0.0101509 1.49983
-0.104616 -0.0339919 -0.0250986 0.0197523 0.0319389 2.47484
-0.0842649 -0.0707066 0.00885196 -0.0339759 0.0351101 -1.31593
-0.0516419 -0.0971242 -0.025628 0.00885282 0.027114 2.80899
-0.0114981 -0.109397 0.0509069 0.0650891 0.0826324 0.907059
0.0303201 -0.105739 -0.0475297 -0.281694 0.285676 -1.73795
0.0677228 -0.0866812 0.122504 0.643863 0.655413 1.38278
0.0952628 -0.055 -0.0231432 -0.640871 0.641288 -1.60689
# x y Real Imaginary Modulus Phase <-> f = 0 s = 1
0.0784575 0.0771 0.825155 -0.0856334 0.829587 -0.103408
0.0438624 0.100877 -0.57675 0.260341 0.632786 2.71758
0.00287946 0.109962 0.233379 -0.168236 0.287697 -0.624597
-0.0385228 0.103034 -0.0554886 0.0995756 0.113993 2.07919
-0.0743149 0.0811005 0.00314036 -0.0415864 0.0417048 -1.49543
-0.0992844 0.0473562 -0.000697154 0.00937146 0.00939736 1.64505
-0.109795 0.00671534 -0.0242616 0.00716962 0.0252988 2.85426
-0.104316 -0.0349035 0.0045106 0.0137845 0.0145038 1.25456
-0.0836447 -0.0714393 -0.0215895 0.0173213 0.0276791 2.46545
-0.0507923 -0.0975712 0.0092141 -0.00812857 0.0122871 -0.722887
-0.010543 -0.109494 -0.0238971 -0.0286943 0.0373421 -2.26523
0.0312417 -0.10547 0.0113681 0.140853 0.141311 1.49026
0.0684766 -0.0860869 -0.0480533 -0.389148 0.392104 -1.69366
0.0957391 -0.0541666 0.186631 0.638594 0.665307 1.28646
0.109059 -0.0143579 0.0311776 -0.691501 0.692204 -1.52574
# x y Real Imaginary Modulus Phase <-> f = 0 s = 2
0.0429804 0.101256 0.884471 -0.0738203 0.887546 -0.0832697
0.00191976 0.109983 -0.524182 0.177275 0.553347 2.81547
-0.0394205 0.102694 0.184833 -0.171352 0.252041 -0.74757
-0.0750198 0.0804489 -0.0382301 0.0955759 0.102938 1.9513
-0.0996939 0.046488 0.00282808 -0.0439388 0.0440297 -1.50652
-0.109849 0.00575696 0.00625542 0.0106686 0.0123672 1.04048
-0.104007 -0.0358125 -0.0157563 0.00133898 0.0158131 3.05682
-0.0830181 -0.0721665 0.013153 0.0147376 0.0197535 0.842152
-0.049939 -0.0980107 -0.0080393 0.0113513 0.0139098 2.18702
-0.00958713 -0.109581 0.00629802 0.00786659 0.0100771 0.895687
0.0321609 -0.105194 0.01141 -0.0528843 0.0541012 -1.3583
0.0692252 -0.0854861 0.00802097 0.174279 0.174464 1.52481
0.0962082 -0.0533291 -0.0824774 -0.357663 0.36705 -1.79744
0.10918 -0.0134056 0.0960074 0.569062 0.577104 1.40366
0.106252 0.0284701 0.103678 -0.781775 0.78862 -1.43895
# x y Real Imaginary Modulus Phase <-> f = 0 s = 3
0.000959919 0.109996 0.908178 0.0186782 0.90837 0.0205638
-0.0403151 0.102346 -0.47831 0.188056 0.513951 2.76699
-0.075719 0.0797912 0.172008 -0.160735 0.23542 -0.75153
-0.100096 0.0456163 -0.0460715 0.0966178 0.10704 2.01575
-0.109895 0.00479813 0.00119987 -0.0411722 0.0411897 -1.54166
-0.103691 -0.0367188 0.00441969 0.0184596 0.0189813 1.33579
-0.0823851 -0.0728882 -0.00836028 -0.00523612 0.00986464 -2.58205
-0.0490818 -0.0984428 0.0109269 0.00443126 0.0117913 0.38527
-0.0086305 -0.109661 -0.00507359 0.00142789 0.00527069 2.86725
0.0330776 -0.104909 -0.00469619 0.00508267 0.0069201 2.31669
0.0699686 -0.0848787 0.00905457 -0.0689719 0.0695637 -1.44026
0.0966699 -0.0524875 0.0400391 0.152548 0.157715 1.31412
0.109293 -0.0124524 -0.0781305 -0.284836 0.295357 -1.83851
0.105999 0.0293962 0.0399928 0.524013 0.525537 1.49462
0.0872689 0.0669638 0.159334 -0.794051 0.809879 -1.37277
# x y Real Imaginary Modulus Phase <-> f = 0 s = 4
-0.0412067 0.10199 0.882858 -0.000582877 0.882858 -0.000660217
-0.0764124 0.0791274 -0.475939 0.16692 0.504362 2.80428
-0.10049 0.044741 0.199221 -0.165299 0.258869 -0.692606
-0.109933 0.00383894 -0.0635121 0.100381 0.118786 2.13492
-0.103366 -0.0376222 0.022069 -0.0454083 0.0504872 -1.1184
-0.0817459 -0.0736044 -0.00900346 0.0142496 0.0168557 2.1343
-0.0482208 -0.0988673 -0.00225944 -0.000220835 0.0022702 -3.04416
-0.00767321 -0.109732 0.0103868 -0.0020871 0.0105944 -0.198297
0.0339919 -0.104616 -0.00458572 -0.000634193 0.00462937 -3.00417
0.0707066 -0.0842649 0.00562028 0.016917 0.0178262 1.25004
0.0971242 -0.0516419 -0.0260011 -0.0400044 0.0477117 -2.14714
0.109397 -0.0114981 0.0475345 0.0912993 0.102932 1.09077
0.105739 0.0303201 -0.0649405 -0.208469 0.218349 -1.87278
0.0866812 0.0677228 0.00542427 0.436814 0.436848 1.55838
0.055 0.0952628 0.239421 -0.736655 0.774586 -1.25656
# x y Real Imaginary Modulus Phase <-> f = 0 s = 5
-0.0771 0.0784575 0.913629 -0.012161 0.91371 -0.0133099
-0.100877 0.0438624 -0.556366 0.215525 0.596652 2.77201
-0.109962 0.00287946 0.263754 -0.205582 0.33441 -0.662083
-0.103034 -0.0385228 -0.127713 0.114027 0.17121 2.41275
-0.0811005 -0.0743149 0.0589403 -0.0379669 0.0701102 -0.572258
-0.0473562 -0.0992844 -0.0141271 0.0022907 0.0143116 2.98084
-0.00671534 -0.109795 -0.00371881 -0.00140087 0.00397391 -2.78133
0.0349035 -0.104316 0.012591 0.00494971 0.013529 0.374557
0.0714393 -0.0836447 -0.012468 -0.0011024 0.0125166 -3.0534
0.0975712 -0.0507923 0.01608 0.003767 0.0165153 0.230116
0.109494 -0.010543 -0.0277269 -0.0183781 0.0332646 -2.55626
0.10547 0.0312417 0.057566 0.0609277 0.0838214 0.813761
0.0860869 0.0684766 -0.0818594 -0.171604 0.190129 -2.01589
0.0541666 0.0957391 0.0329711 0.39919 0.400549 1.48839
0.0143579 0.109059 0.207549 -0.720571 0.749866 -1.29035
# x y Real Imaginary Modulus Phase <-> f = 0 s = 6
-0.101256 0.0429804 0.854299 -0.047539 0.855621 -0.0555894
-0.109983 0.00191976 -0.556478 0.302748 0.633501 2.64333
-0.102694 -0.0394205 0.326783 -0.231156 0.400275 -0.615654
-0.0804489 -0.0750198 -0.146301 0.103018 0.178932 2.52809
-0.046488 -0.0996939 0.0522466 -0.0362025 0.0635636 -0.605956
-0.00575696 -0.109849 0.00180644 0.0116254 0.0117649 1.41664
0.0358125 -0.104007 -0.0139448 0.00385904 0.0144689 2.87161
0.0721665 -0.0830181 0.0166449 0.0168687 0.0236982 0.792075
0.0980107 -0.049939 -0.0186326 0.0119976 0.0221611 2.56951
0.109581 -0.00958713 0.00476867 -0.00319484 0.00573996 -0.590282
0.105194 0.0321609 -0.0300797 -0.0102287 0.0317713 -2.81381
0.0854861 0.0692252 0.0609145 0.0488282 0.078069 0.675707
0.0533291 0.0962082 -0.0818323 -0.153326 0.173797 -2.06105
0.0134056 0.10918 0.0253843 0.387795 0.388625 1.50543
-0.0284701 0.106252 0.245348 -0.746777 0.786048 -1.25336
# x y Real Imaginary Modulus Phase <-> f = 0 s = 7
-0.109996 0.000959919 0.768207 -0.0828308 0.77266 -0.107409
-0.102346 -0.0403151 -0.624195 0.356052 0.718605 2.62321
-0.0797912 -0.075719 0.348591 -0.194816 0.399335 -0.509625
-0.0456163 -0.100096 -0.121191 0.0912325 0.151693 2.4963
-0.00479813 -0.109895 0.00901041 -0.0379439 0.0389991 -1.33765
0.0367188 -0.103691 0.0128449 0.00463035 0.013654 0.345983
0.0728882 -0.0823851 -0.0309008 0.00286103 0.031033 3.04927
0.0984428 -0.0490818 0.00831579 0.0129047 0.015352 0.998369
0.109661 -0.0086305 -0.0210016 0.016657 0.0268053 2.47105
0.104909 0.0330776 -0.0011023 -0.00501956 0.00513917 -1.78697
0.0848787 0.0699686 -0.0283318 -0.0110716 0.0304183 -2.76906
0.0524875 0.0966699 0.0579966 0.0491386 0.0760145 0.702905
0.0124524 0.109293 -0.0770367 -0.173756 0.190068 -1.98812
-0.0293962 0.105999 0.00773593 0.461676 0.461741 1.55404
-0.0669638 0.0872689 0.160753 -0.772773 0.789316 -1.3657
# x y Real Imaginary Modulus Phase <-> f = 0 s = 8
-0.10199 -0.0412067 0.727472 -0.160555 0.744978 -0.217221
-0.0791274 -0.0764124 -0.62563 0.313948 0.699983 2.6765
-0.044741 -0.10049 0.259002 -0.17356 0.311777 -0.590382
-0.00383894 -0.109933 -0.0286299 0.0928184 0.0971335 1.86999
0.0376222 -0.103366 -0.0265375 -0.0256946 0.0369384 -2.37233
0.0736044 -0.0817459 0.0279132 -0.00864971 0.0292227 -0.300495
0.0988673 -0.0482208 -0.0422164 0.000670624 0.0422217 3.12571
0.109732 -0.00767321 0.00316364 0.00958225 0.010091 1.25191
0.104616 0.0339919 -0.0219066 0.0188367 0.0288915 2.4314
0.0842649 0.0707066 0.00768895 -0.00592601 0.0097076 -0.656629
0.0516419 0.0971242 -0.0314445 -0.00690929 0.0321947 -2.9253
0.0114981 0.109397 0.0580286 0.0641614 0.0865101 0.835548
-0.0303201 0.105739 -0.0711191 -0.232445 0.243081 -1.86771
-0.0677228 0.0866812 0.0749575 0.523204 0.528546 1.4285
-0.0952628 0.055 0.0712663 -0.75114 0.754513 -1.4762
# x y Real Imaginary Modulus Phase <-> f = 0 s = 9
-0.0784575 -0.0771 0.874536 -0.0518519 0.876072 -0.0592214
-0.0438624 -0.100877 -0.500779 0.145812 0.521575 2.85826
-0.00287946 -0.109962 0.111097 -0.136127 0.175707 -0.886299
0.0385228 -0.103034 0.0183667 0.0555508 0.0585084 1.25148
0.0743149 -0.0811005 -0.0329203 -0.00801424 0.0338817 -2.90279
0.0992844 -0.0473562 0.0341674 -0.0206099 0.0399021 -0.542771
0.109795 -0.00671534 -0.0383572 -0.000591504 0.0383617 -3.12617
0.104316 0.0349035 0.00607017 0.0151802 0.0163489 1.1904
0.0836447 0.0714393 -0.0159694 0.014881 0.0218281 2.39146
0.0507923 0.0975712 0.0142006 -0.000384388 0.0142058 -0.0270618
0.010543 0.109494 -0.0292236 -0.0224797 0.0368694 -2.4859
-0.0312417 0.10547 0.040164 0.1112 0.118231 1.22419
-0.0684766 0.0860869 -0.069146 -0.296759 0.304708 -1.79972
-0.0957391 0.0541666 0.0714161 0.602152 0.606372 1.45275
-0.109059 0.0143579 -0.000768932 -0.805458 0.805458 -1.57175
# x y Real Imaginary Modulus Phase <-> f = 0 s = 10
-0.0429804 -0.101256 0.883751 0.144821 0.895538 0.162427
-0.00191976 -0.109983 -0.341403 0.117312 0.360996 2.81061
0.0394205 -0.102694 0.0714819 -0.115136 0.135521 -1.01519
0.0750198 -0.0804489 0.0110268 0.0483988 0.0496391 1.34679
0.0996939 -0.046488 -0.0283645 -0.00994913 0.0300588 -2.80424
0.109849 -0.00575696 0.0327379 -0.00721276 0.033523 -0.216854
0.104007 0.0358125 -0.0308345 -0.00322579 0.0310028 -3.03736
0.0830181 0.0721665 0.0147175 0.0177107 0.0230277 0.877439
0.049939 0.0980107 -0.0100686 0.00334813 0.0106107 2.82056
0.00958713 0.109581 0.00749213 0.00671315 0.0100597 0.730615
-0.0321609 0.105194 -0.00667882 -0.0406369 0.0411821 -1.73369
-0.0692252 0.0854861 0.0288992 0.129129 0.132323 1.35062
-0.0962082 0.0533291 -0.0326151 -0.296404 0.298193 -1.68039
-0.10918 0.0134056 0.0332939 0.596879 0.597807 1.51507
-0.106252 -0.0284701 0.134298 -0.784374 0.795788 -1.40122
# x y Real Imaginary Modulus Phase <-> f = 0 s = 11
-0.000959919 -0.109996 0.759491 0.2164 0.789719 0.277573
0.0403151 -0.102346 -0.311417 0.0972912 0.326261 2.83879
0.075719 -0.0797912 0.0949663 -0.1167 0.150458 -0.887719
0.100096 -0.0456163 -0.00223591 0.0715083 0.0715433 1.60205
0.109895 -0.00479813 -0.0128122 -0.0352246 0.0374823 -1.91965
0.103691 0.0367188 0.00627454 0.015706 0.0169129 1.19072
0.0823851 0.0728882 -0.00914728 -0.00157647 0.00928214 -2.97093
0.0490818 0.0984428 0.0115652 0.00697184 0.0135041 0.542498
0.0086305 0.109661 -0.00397739 0.00106635 0.00411786 2.87965
-0.0330776 0.104909 0.00205722 0.00478747 0.00521076 1.16494
-0.0699686 0.0848787 -0.00471381 -0.0416286 0.0418946 -1.68355
-0.0966699 0.0524875 0.0239747 0.10426 0.106981 1.34477
-0.109293 0.0124524 -0.0488081 -0.231461 0.236551 -1.77862
-0.105999 -0.0293962 0.00170728 0.417163 0.417167 1.5667
-0.0872689 -0.0669638 0.297127 -0.66808 0.731174 -1.15232
# x y Real Imaginary Modulus Phase <-> f = 0 s = 12
0.0412067 -0.10199 0.817068 0.202097 0.841691 0.242478
0.0764124 -0.0791274 -0.42169 0.102218 0.433902 2.90378
0.10049 -0.044741 0.173413 -0.155964 0.233232 -0.732471
0.109933 -0.00383894 -0.0751225 0.100337 0.125343 2.21347
0.103366 0.0376222 0.0349694 -0.0456065 0.0574701 -0.916653
0.0817459 0.0736044 -0.0126488 0.0118983 0.0173656 2.38676
0.0482208 0.0988673 -0.000227405 -0.00296254 0.00297125 -1.64741
0.00767321 0.109732 0.00626225 -0.000108766 0.00626319 -0.0173668
-0.0339919 0.104616 -0.0009747 0.00158986 0.00186486 2.12077
-0.0707066 0.0842649 0.00858656 0.0013991 0.0086998 0.161522
-0.0971242 0.0516419 -0.022196 -0.0120248 0.025244 -2.6451
-0.109397 0.0114981 0.0578317 0.0418388 0.0713792 0.626297
-0.105739 -0.0303201 -0.0846411 -0.106674 0.136174 -2.24154
-0.0866812 -0.0677228 0.028715 0.277359 0.278841 1.46763
-0.055 -0.0952628 0.279648 -0.499522 0.572473 -1.06044
# x y Real Imaginary Modulus Phase <-> f = 0 s = 13
0.0771 -0.0784575 0.947264 0.0417038 0.948181 0.0439971
0.100877 -0.0438624 -0.576739 0.239435 0.624466 2.74809
0.109962 -0.00287946 0.337764 -0.221952 0.404162 -0.581365
0.103034 0.0385228 -0.181756 0.103927 0.209371 2.62217
0.0811005 0.0743149 0.08627 -0.0266361 0.0902884 -0.299468
0.0473562 0.0992844 -0.0271593 -0.00653646 0.0279348 -2.90541
0.00671534 0.109795 0.00263989 -0.00233719 0.00352583 -0.724655
-0.0349035 0.104316 0.00451527 0.00468647 0.00650774 0.804001
-0.0714393 0.0836447 -0.00427983 0.0147828 0.0153899 1.85261
-0.0975712 0.0507923 0.00416462 -0.0133496 0.0139841 -1.2684
-0.109494 0.010543 -0.0255152 0.0145471 0.0293708 2.62342
-0.10547 -0.0312417 0.0499816 -0.0070169 0.0504718 -0.139478
-0.0860869 -0.0684766 -0.0697017 -0.064361 0.0948719 -2.39601
-0.0541666 -0.0957391 0.0269911 0.229706 0.231287 1.45383
-0.0143579 -0.109059 0.304031 -0.524007 0.60582 -1.04506
# x y Real Imaginary Modulus Phase <-> f = 0 s = 14
0.101256 -0.0429804 0.748174 -0.0970727 0.754445 -0.129025
0.109983 -0.00191976 -0.584692 0.446866 0.735903 2.48902
0.102694 0.0394205 0.418886 -0.295888 0.51285 -0.614987
0.0804489 0.0750198 -0.208273 0.120841 0.240791 2.61586
0.046488 0.0996939 0.0931098 -0.0449086 0.103374 -0.449403
0.00575696 0.109849 -0.0223472 0.0176965 0.0285055 2.47182
-0.0358125 0.104007 -0.00321404 -0.0101073 0.010606 -1.87868
-0.0721665 0.0830181 0.00825136 0.0151535 0.0172544 1.07217
-0.0980107 0.049939 -0.0173093 0.0194686 0.0260507 2.29755
-0.109581 0.00958713 0.00252103 -0.0315171 0.0316178 -1.49098
-0.105194 -0.0321609 -0.011997 0.0286101 0.0310236 1.96785
-0.0854861 -0.0692252 0.0361314 -0.0135051 0.0385729 -0.357698
-0.0533291 -0.0962082 -0.0694512 -0.0734076 0.101055 -2.32851
-0.0134056 -0.10918 0.000131601 0.303195 0.303195 1.57036
0.0284701 -0.106252 0.313827 -0.721916 0.787179 -1.16073
# x y Real Imaginary Modulus Phase <-> f = 0 s = 15
0.109996 -0.000959919 0.654568 0.0087599 0.654627 0.0133819
0.102346 0.0403151 -0.535668 0.442719 0.694939 2.45091
0.0797912 0.075719 0.352211 -0.278528 0.449033 -0.669105
0.0456163 0.100096 -0.155937 0.133975 0.205586 2.4318
0.00479813 0.109895 0.0389118 -0.0514704 0.0645238 -0.923464
-0.0367188 0.103691 0.000224137 0.0209915 0.0209927 1.56012
-0.0728882 0.0823851 -0.0168267 -0.00114711 0.0168657 -3.07353
-0.0984428 0.0490818 0.00503186 0.0137521 0.0146438 1.22003
-0.109661 0.0086305 -0.0264423 0.0182154 0.0321092 2.53837
-0.104909 -0.0330776 0.00165002 -0.0430933 0.0431249 -1.53253
-0.0848787 -0.0699686 -0.0104185 0.0279305 0.0298103 1.92783
-0.0524875 -0.0966699 0.0526953 0.00831475 0.0533473 0.156499
-0.0124524 -0.109293 -0.0774967 -0.146065 0.16535 -2.05859
0.0293962 -0.105999 0.00403687 0.478866 0.478883 1.56237
0.0669638 -0.0872689 0.0775392 -0.788624 0.792427 -1.47279
