# x y Real Imaginary Modulus Phase <-> f = 0 s = 0
0.10199 0.0412067 -0.205091 -0.0380333 0.208588 -2.95823
0.0791274 0.0764124 -0.596681 0.660919 0.890416 2.30516
0.044741 0.10049 0.284632 -0.0698983 0.293089 -0.240809
0.00383894 0.109933 -0.442891 0.062015 0.447211 3.00247
-0.0376222 0.103366 0.131705 -0.0612174 0.145237 -0.4351
-0.0736044 0.0817459 -0.132384 0.308587 0.335785 1.97605
-0.0988673 0.0482208 -0.0387385 0.0709119 0.0808032 2.07079
-0.109732 0.00767321 -0.316189 -0.0082258 0.316296 -3.11558
-0.104616 -0.0339919 -0.0777001 0.0530376 0.094076 2.54264
-0.0842649 -0.0707066 -0.138951 0.205918 0.248414 2.1644
-0.0516419 -0.0971242 -0.251754 0.0812719 0.264548 2.82933
-0.0114981 -0.109397 -0.488519 0.14872 0.510654 2.84608
0.0303201 -0.105739 0.398798 -0.0656655 0.404168 -0.163194
0.0677228 -0.0866812 0.174086 0.793903 0.812766 1.35493
0.0952628 -0.055 -0.146575 -0.577072 0.595396 -1.81953
# x y Real Imaginary Modulus Phase <-> f = 0 s = 1
0.0784575 0.0771 0.814462 -0.0813377 0.818513 -0.0995367
0.0438624 0.100877 -0.573032 0.274258 0.635282 2.6952
0.00287946 0.109962 0.23693 -0.178999 0.296945 -0.647007
-0.0385228 0.103034 -0.0561666 0.106389 0.120305 2.05654
-0.0743149 0.0811005 0.00263341 -0.0457583 0.045834 -1.51331
-0.0992844 0.0473562 0.00278886 0.0131818 0.0134736 1.3623
-0.109795 0.00671534 -0.0225124 0.00816863 0.0239486 2.79352
-0.104316 -0.0349035 0.00866591 0.014232 0.0166628 1.02386
-0.0836447 -0.0714393 -0.0170764 0.0198443 0.0261802 2.28137
-0.0507923 -0.0975712 0.00750511 -0.00462879 0.00881773 -0.552646
-0.010543 -0.109494 -0.0250438 -0.0337103 0.041995 -2.20975
0.0312417 -0.10547 0.0143641 0.144143 0.144857 1.47147
0.0684766 -0.0860869 -0.0572049 -0.395677 0.399791 -1.71438
0.0957391 -0.0541666 0.192031 0.628792 0.657461 1.2744
0.109059 -0.0143579 0.0384935 -0.68283 0.683914 -1.51448
# x y Real Imaginary Modulus Phase <-> f = 0 s = 2
0.0429804 0.101256 0.86491 -0.0820579 0.868794 -0.0945914
0.00191976 0.109983 -0.524091 0.19165 0.558033 2.79102
-0.0394205 0.102694 0.185424 -0.181991 0.259813 -0.776054
-0.0750198 0.0804489 -0.0392119 0.101844 0.109131 1.93832
-0.0996939 0.046488 0.00112487 -0.0482357 0.0482488 -1.54748
-0.109849 0.00575696 0.00821509 0.0130106 0.0153871 1.0076
-0.104007 -0.0358125 -0.0139162 0.000355149 0.0139207 3.11608
-0.0830181 -0.0721665 0.015607 0.012424 0.0199482 0.672329
-0.049939 -0.0980107 -0.00438812 0.00962073 0.0105742 1.99872
-0.00958713 -0.109581 0.00420875 0.012227 0.0129311 1.23928
0.0321609 -0.105194 0.00811625 -0.0583705 0.0589321 -1.43264
0.0692252 -0.0854861 0.00812073 0.177481 0.177667 1.52507
0.0962082 -0.0533291 -0.0881773 -0.361284 0.371889 -1.81018
0.10918 -0.0134056 0.104989 0.566413 0.576061 1.38752
0.106252 0.0284701 0.100666 -0.771399 0.77794 -1.44103
# x y Real Imaginary Modulus Phase <-> f = 0 s = 3
0.000959919 0.109996 0.898042 0.00210445 0.898044 0.00234337
-0.0403151 0.102346 -0.478707 0.206553 0.521368 2.73425
-0.075719 0.0797912 0.173263 -0.172817 0.244716 -0.78411
-0.100096 0.0456163 -0.0453298 0.10385 0.113312 1.98236
-0.109895 0.00479813 0.00113366 -0.046331 0.0463448 -1.54633
-0.103691 -0.0367188 0.00565914 0.0206591 0.0214201 1.30342
-0.0823851 -0.0728882 -0.00742636 -0.00634625 0.00976861 -2.43446
-0.0490818 -0.0984428 0.0118922 0.00251053 0.0121543 0.208052
-0.0086305 -0.109661 -0.00236602 0.000741248 0.00247942 2.83799
0.0330776 -0.104909 -0.00693814 0.0118367 0.0137203 2.10097
0.0699686 -0.0848787 0.00307759 -0.0714262 0.0714925 -1.52774
0.0966699 -0.0524875 0.0433351 0.153874 0.15986 1.29628
0.109293 -0.0124524 -0.0840805 -0.28591 0.298016 -1.85681
0.105999 0.0293962 0.0502709 0.52642 0.528815 1.47559
0.0872689 0.0669638 0.14007 -0.785887 0.798271 -1.39442
# x y Real Imaginary Modulus Phase <-> f = 0 s = 4
-0.0412067 0.10199 0.874043 -0.0202952 0.874278 -0.0232158
-0.0764124 0.0791274 -0.476639 0.183047 0.510579 2.77492
-0.10049 0.044741 0.199154 -0.174914 0.265061 -0.720685
-0.109933 0.00383894 -0.0638107 0.106267 0.123953 2.11157
-0.103366 -0.0376222 0.0232422 -0.0500406 0.0551748 -1.13598
-0.0817459 -0.0736044 -0.00930267 0.0173513 0.0196877 2.06293
-0.0482208 -0.0988673 -0.000336205 -0.00108394 0.00113488 -1.87156
-0.00767321 -0.109732 0.00983761 -0.00250617 0.0101518 -0.249448
0.0339919 -0.104616 -0.00306364 -0.00138139 0.00336068 -2.71799
0.0707066 -0.0842649 0.00702015 0.0194525 0.0206804 1.22446
0.0971242 -0.0516419 -0.0264642 -0.0428601 0.050372 -2.12395
0.109397 -0.0114981 0.0508771 0.0946062 0.107419 1.07738
0.105739 0.0303201 -0.0703206 -0.214607 0.225834 -1.88744
0.0866812 0.0677228 0.0171588 0.442917 0.443249 1.53208
0.055 0.0952628 0.221076 -0.73932 0.771666 -1.28023
# x y Real Imaginary Modulus Phase <-> f = 0 s = 5
-0.0771 0.0784575 0.899021 -0.0279871 0.899456 -0.0311206
-0.100877 0.0438624 -0.553263 0.227633 0.598261 2.75127
-0.109962 0.00287946 0.261536 -0.214093 0.337989 -0.685978
-0.103034 -0.0385228 -0.127546 0.120656 0.175573 2.38395
-0.0811005 -0.0743149 0.0586043 -0.0444722 0.0735679 -0.649145
-0.0473562 -0.0992844 -0.0174999 0.00777992 0.0191513 2.72326
-0.00671534 -0.109795 -0.00164889 -0.00156981 0.00227666 -2.38076
0.0349035 -0.104316 0.0141946 0.00331523 0.0145766 0.229442
0.0714393 -0.0836447 -0.0123346 -0.0021961 0.0125285 -2.96539
0.0975712 -0.0507923 0.0187517 0.00482299 0.019362 0.251747
0.109494 -0.010543 -0.0309271 -0.0210218 0.0373952 -2.54461
0.10547 0.0312417 0.0621424 0.0637459 0.0890237 0.798135
0.0860869 0.0684766 -0.0904927 -0.175543 0.197495 -2.04677
0.0541666 0.0957391 0.046443 0.406568 0.409212 1.45706
0.0143579 0.109059 0.1868 -0.724992 0.748671 -1.31862
# x y Real Imaginary Modulus Phase <-> f = 0 s = 6
-0.101256 0.0429804 0.839401 -0.0458063 0.84065 -0.0545161
-0.109983 0.00191976 -0.548472 0.309547 0.629794 2.62778
-0.102694 -0.0394205 0.324165 -0.239765 0.4032 -0.636837
-0.0804489 -0.0750198 -0.149136 0.10709 0.183602 2.51884
-0.046488 -0.0996939 0.0515583 -0.0408936 0.0658069 -0.670552
-0.00575696 -0.109849 -0.0021086 0.0131397 0.0133078 1.72992
0.0358125 -0.104007 -0.0105839 0.00517692 0.0117822 2.68668
0.0721665 -0.0830181 0.0200987 0.0135689 0.0242502 0.593829
0.0980107 -0.049939 -0.0172827 0.0119217 0.0209957 2.53774
0.109581 -0.00958713 0.0102351 -0.00239163 0.0105108 -0.22955
0.105194 0.0321609 -0.0324797 -0.0115072 0.0344579 -2.8011
0.0854861 0.0692252 0.0649436 0.0504772 0.0822534 0.660712
0.0533291 0.0962082 -0.089921 -0.158315 0.18207 -2.08734
0.0134056 0.10918 0.0375842 0.394816 0.396601 1.47589
-0.0284701 0.106252 0.225958 -0.749692 0.783004 -1.27805
# x y Real Imaginary Modulus Phase <-> f = 0 s = 7
-0.109996 0.000959919 0.764942 -0.073833 0.768497 -0.096223
-0.102346 -0.0403151 -0.612173 0.359069 0.709709 2.61112
-0.0797912 -0.075719 0.351579 -0.207222 0.408104 -0.532591
-0.0456163 -0.100096 -0.121934 0.0961324 0.155272 2.47397
-0.00479813 -0.109895 0.0107396 -0.0422988 0.0436409 -1.32215
0.0367188 -0.103691 0.00813661 0.00543704 0.009786 0.589077
0.0728882 -0.0823851 -0.0286478 0.0071581 0.0295286 2.89674
0.0984428 -0.0490818 0.0127352 0.0114265 0.01711 0.731284
0.109661 -0.0086305 -0.0210863 0.0193635 0.0286283 2.39876
0.104909 0.0330776 0.00432884 -0.00279684 0.00515375 -0.573624
0.0848787 0.0699686 -0.0315469 -0.0122394 0.033838 -2.7715
0.0524875 0.0966699 0.0632516 0.0515785 0.0816156 0.684091
0.0124524 0.109293 -0.0851381 -0.177217 0.196607 -2.01866
-0.0293962 0.105999 0.0184121 0.466179 0.466543 1.53132
-0.0669638 0.0872689 0.148264 -0.766432 0.780641 -1.37971
# x y Real Imaginary Modulus Phase <-> f = 0 s = 8
-0.10199 -0.0412067 0.721146 -0.143692 0.735323 -0.196679
-0.0791274 -0.0764124 -0.618767 0.328081 0.700364 2.65406
-0.044741 -0.10049 0.260457 -0.183459 0.318583 -0.613656
-0.00383894 -0.109933 -0.0295191 0.0929507 0.0975254 1.8783
0.0376222 -0.103366 -0.0198348 -0.026837 0.0333713 -2.20728
0.0736044 -0.0817459 0.0254684 -0.0105849 0.0275804 -0.393889
0.0988673 -0.0482208 -0.0385584 0.00745978 0.0392734 2.95049
0.109732 -0.00767321 0.00955563 0.00848271 0.0127776 0.725989
0.104616 0.0339919 -0.0210383 0.021029 0.029746 2.35642
0.0842649 0.0707066 0.0113216 -0.00507018 0.0124051 -0.421048
0.0516419 0.0971242 -0.034436 -0.0090671 0.0356097 -2.88413
0.0114981 0.109397 0.0627681 0.0655223 0.0907359 0.806863
-0.0303201 0.105739 -0.0799617 -0.235874 0.249059 -1.89764
-0.0677228 0.0866812 0.0837633 0.523184 0.529847 1.41204
-0.0952628 0.055 0.0723275 -0.741466 0.744985 -1.47356
# x y Real Imaginary Modulus Phase <-> f = 0 s = 9
-0.0784575 -0.0771 0.860838 -0.0567942 0.86271 -0.06588
-0.0438624 -0.100877 -0.503518 0.161108 0.528664 2.83192
-0.00287946 -0.109962 0.118089 -0.138713 0.182171 -0.865536
0.0385228 -0.103034 0.0100699 0.061013 0.0618384 1.40723
0.0743149 -0.0811005 -0.0235847 -0.00740255 0.0247191 -2.83746
0.0992844 -0.0473562 0.0291861 -0.0229835 0.0371493 -0.667061
0.109795 -0.00671534 -0.0358357 0.00594607 0.0363256 2.97716
0.104316 0.0349035 0.0122132 0.0144315 0.0189058 0.868462
0.0836447 0.0714393 -0.0141395 0.0144129 0.0201905 2.34662
0.0507923 0.0975712 0.0173786 0.000255999 0.0173805 0.0147296
0.010543 0.109494 -0.031261 -0.024879 0.0399527 -2.46939
-0.0312417 0.10547 0.0451915 0.114006 0.122636 1.1934
-0.0684766 0.0860869 -0.0758896 -0.30014 0.309586 -1.81845
-0.0957391 0.0541666 0.0811965 0.597747 0.603237 1.43579
-0.109059 0.0143579 0.00188667 -0.791073 0.791076 -1.56841
# x y Real Imaginary Modulus Phase <-> f = 0 s = 10
-0.0429804 -0.101256 0.887127 0.126247 0.896065 0.141361
-0.00191976 -0.109983 -0.34754 0.12171 0.368235 2.80474
0.0394205 -0.102694 0.0771031 -0.119453 0.142175 -0.997612
0.0750198 -0.0804489 0.00420809 0.0580218 0.0581742 1.4984
0.0996939 -0.046488 -0.0201762 -0.00991877 0.0224824 -2.68468
0.109849 -0.00575696 0.0273906 -0.00999948 0.0291588 -0.350036
0.104007 0.0358125 -0.0281369 0.00172394 0.0281897 3.0804
0.0830181 0.0721665 0.0182859 0.014904 0.0235904 0.683853
0.049939 0.0980107 -0.00963792 0.00213927 0.00987248 2.92317
0.00958713 0.109581 0.0100427 0.00909155 0.0135466 0.735732
-0.0321609 0.105194 -0.0116073 -0.0456354 0.0470884 -1.81986
-0.0692252 0.0854861 0.0309315 0.130832 0.134439 1.33864
-0.0962082 0.0533291 -0.0389103 -0.304819 0.307293 -1.69776
-0.10918 0.0134056 0.0476715 0.60101 0.602898 1.49164
-0.106252 -0.0284701 0.122023 -0.778732 0.788234 -1.41537
# x y Real Imaginary Modulus Phase <-> f = 0 s = 11
-0.000959919 -0.109996 0.767582 0.203491 0.794097 0.259146
0.0403151 -0.102346 -0.319808 0.0987282 0.334701 2.84216
0.075719 -0.0797912 0.0997895 -0.121099 0.156917 -0.881571
0.100096 -0.0456163 -0.00636199 0.0738061 0.0740798 1.65678
0.109895 -0.00479813 -0.00820108 -0.0361358 0.0370547 -1.79397
0.103691 0.0367188 0.00334358 0.0156116 0.0159657 1.35981
0.0823851 0.0728882 -0.00661311 0.000363248 0.00662308 3.08672
0.0490818 0.0984428 0.0139273 0.00396926 0.0144818 0.277639
0.0086305 0.109661 -0.00363223 -8.88329e-05 0.00363331 -3.11714
-0.0330776 0.104909 0.00301414 0.00959673 0.0100589 1.26647
-0.0699686 0.0848787 -0.0103768 -0.0444899 0.045684 -1.79994
-0.0966699 0.0524875 0.0288787 0.106963 0.110793 1.3071
-0.109293 0.0124524 -0.0550067 -0.237838 0.244116 -1.79808
-0.105999 -0.0293962 0.00998389 0.425891 0.426008 1.54736
-0.0872689 -0.0669638 0.28329 -0.676371 0.733301 -1.17416
# x y Real Imaginary Modulus Phase <-> f = 0 s = 12
0.0412067 -0.10199 0.820848 0.195756 0.843867 0.234107
0.0764124 -0.0791274 -0.424768 0.105724 0.437728 2.89765
0.10049 -0.044741 0.17253 -0.153654 0.231033 -0.727595
0.109933 -0.00383894 -0.0731949 0.104002 0.127177 2.18406
0.103366 0.0376222 0.0364409 -0.0488151 0.0609167 -0.929533
0.0817459 0.0736044 -0.0172897 0.0134265 0.0218908 2.48131
0.0482208 0.0988673 0.00213103 -0.000696218 0.00224187 -0.315774
0.00767321 0.109732 0.00617822 -0.000660065 0.00621338 -0.106434
-0.0339919 0.104616 0.000460263 -0.000288788 0.000543361 -0.560352
-0.0707066 0.0842649 0.00740035 0.00508136 0.00897694 0.601702
-0.0971242 0.0516419 -0.0249604 -0.0172392 0.030335 -2.53716
-0.109397 0.0114981 0.0599937 0.0429782 0.0737995 0.621635
-0.105739 -0.0303201 -0.084081 -0.111356 0.139534 -2.21753
-0.0866812 -0.0677228 0.0321243 0.283595 0.285409 1.458
-0.055 -0.0952628 0.272138 -0.514109 0.581694 -1.08395
# x y Real Imaginary Modulus Phase <-> f = 0 s = 13
0.0771 -0.0784575 0.948714 0.0337543 0.949314 0.035564
0.100877 -0.0438624 -0.575383 0.238834 0.622983 2.74815
0.109962 -0.00287946 0.334566 -0.227159 0.404396 -0.596469
0.103034 0.0385228 -0.182989 0.107986 0.212476 2.60847
0.0811005 0.0743149 0.0870659 -0.0321479 0.0928114 -0.353708
0.0473562 0.0992844 -0.0333214 -0.000606857 0.0333269 -3.12338
0.00671534 0.109795 0.00630797 -0.00198138 0.00661184 -0.304348
-0.0349035 0.104316 0.00514835 0.00347317 0.00621035 0.593487
-0.0714393 0.0836447 0.000405047 0.0122817 0.0122883 1.53783
-0.0975712 0.0507923 0.00164208 -0.00889303 0.00904336 -1.3882
-0.109494 0.010543 -0.0229334 0.009194 0.0247077 2.76031
-0.10547 -0.0312417 0.0493045 0.00162889 0.0493314 0.0330254
-0.0860869 -0.0684766 -0.0739872 -0.0717467 0.103062 -2.37157
-0.0541666 -0.0957391 0.0270596 0.238427 0.239958 1.45779
-0.0143579 -0.109059 0.302526 -0.536818 0.616194 -1.05761
# x y Real Imaginary Modulus Phase <-> f = 0 s = 14
0.101256 -0.0429804 0.737885 -0.083271 0.742569 -0.112375
0.109983 -0.00191976 -0.567086 0.449209 0.723447 2.47167
0.102694 0.0394205 0.412058 -0.308726 0.514882 -0.643007
0.0804489 0.0750198 -0.211206 0.125377 0.245616 2.60588
0.046488 0.0996939 0.0911068 -0.0486953 0.103304 -0.490854
0.00575696 0.109849 -0.0228599 0.019978 0.0303595 2.42337
-0.0358125 0.104007 -0.00183841 -0.0101041 0.01027 -1.75077
-0.0721665 0.0830181 0.0107009 0.012604 0.016534 0.866879
-0.0980107 0.049939 -0.0127221 0.0204609 0.0240936 2.12707
-0.109581 0.00958713 -0.00144382 -0.0278015 0.027839 -1.62268
-0.105194 -0.0321609 -0.00600859 0.0226163 0.0234009 1.83047
-0.0854861 -0.0692252 0.0370643 -0.000196584 0.0370648 -0.00530381
-0.0533291 -0.0962082 -0.0726524 -0.0798823 0.107979 -2.30883
-0.0134056 -0.10918 0.00364905 0.310234 0.310256 1.55903
0.0284701 -0.106252 0.310841 -0.728842 0.792359 -1.16767
# x y Real Imaginary Modulus Phase <-> f = 0 s = 15
0.109996 -0.000959919 0.665383 0.0157089 0.665569 0.0236045
0.102346 0.0403151 -0.525897 0.438823 0.684933 2.44621
0.0797912 0.075719 0.350797 -0.287136 0.453328 -0.685935
0.0456163 0.100096 -0.155405 0.138061 0.207874 2.41522
0.00479813 0.109895 0.0419004 -0.0546698 0.0688799 -0.916865
-0.0367188 0.103691 7.98222e-05 0.0225782 0.0225783 1.56726
-0.0728882 0.0823851 -0.0133472 -0.00274064 0.0136257 -2.93907
-0.0984428 0.0490818 0.00725156 0.013546 0.0153648 1.07929
-0.109661 0.0086305 -0.0202547 0.0219719 0.0298834 2.31555
-0.104909 -0.0330776 -0.00328945 -0.0390268 0.0391652 -1.65488
-0.0848787 -0.0699686 -0.00525399 0.0209208 0.0215705 1.81684
-0.0524875 -0.0966699 0.0522794 0.0133584 0.0539591 0.250167
-0.0124524 -0.109293 -0.0793141 -0.144669 0.164984 -2.07229
0.0293962 -0.105999 0.00503723 0.477736 0.477763 1.56025
0.0669638 -0.0872689 0.0719808 -0.780416 0.783728 -1.47882
