# x y Real Imaginary Modulus Phase <-> f = 0 s = 0
0.10199 0.0412067 0.730911 -0.0383097 0.731914 -0.0523657
0.0791274 0.0764124 -0.57045 0.330715 0.659383 2.6162
0.044741 0.10049 0.298485 -0.22677 0.374857 -0.649705
0.00383894 0.109933 -0.0964435 0.105238 0.142746 2.31262
-0.0376222 0.103366 0.0153153 -0.0479032 0.0502919 -1.26135
-0.0736044 0.0817459 0.00396198 0.0128294 0.0134273 1.27127
-0.0988673 0.0482208 -0.0240425 -0.000250457 0.0240438 -3.13118
-0.109732 0.00767321 -0.00118487 0.00525625 0.00538814 1.79251
-0.104616 -0.0339919 -0.0231011 0.0132245 0.0266186 2.62167
-0.0842649 -0.0707066 0.0152709 -0.033504 0.0368201 -1.14313
-0.0516419 -0.0971242 -0.0257268 0.00770717 0.0268565 2.85052
-0.0114981 -0.109397 0.056714 0.0657384 0.0868217 0.858962
0.0303201 -0.105739 -0.050113 -0.281336 0.285764 -1.74707
0.0677228 -0.0866812 0.128809 0.642392 0.655179 1.37291
0.0952628 -0.055 -0.0180763 -0.637724 0.63798 -1.59913
# x y Real Imaginary Modulus Phase <-> f = 0 s = 1
0.0784575 0.0771 0.820066 -0.0842397 0.824382 -0.102364
0.0438624 0.100877 -0.579063 0.266669 0.637516 2.71003
0.00287946 0.109962 0.237813 -0.171145 0.292994 -0.623801
-0.0385228 0.103034 -0.0582342 0.100635 0.11627 2.09538
-0.0743149 0.0811005 0.00360395 -0.0420943 0.0422483 -1.48539
-0.0992844 0.0473562 0.00404443 0.00923789 0.0100844 1.15813
-0.109795 0.00671534 -0.0248235 0.00209733 0.0249119 3.0573
-0.104316 -0.0349035 0.00139571 0.0103614 0.010455 1.4369
-0.0836447 -0.0714393 -0.0233915 0.0118256 0.0262108 2.67351
-0.0507923 -0.0975712 0.0124743 -0.00918563 0.0154914 -0.634719
-0.010543 -0.109494 -0.025974 -0.033295 0.042228 -2.23329
0.0312417 -0.10547 0.0124771 0.141512 0.142061 1.48285
0.0684766 -0.0860869 -0.0546119 -0.393029 0.396805 -1.70886
0.0957391 -0.0541666 0.190747 0.633736 0.66182 1.27843
0.109059 -0.0143579 0.03252 -0.687476 0.688245 -1.52353
# x y Real Imaginary Modulus Phase <-> f = 0 s = 2
0.0429804 0.101256 0.881891 -0.0778499 0.885321 -0.0880479
0.00191976 0.109983 -0.530099 0.1792 0.559569 2.8156
-0.0394205 0.102694 0.190102 -0.171611 0.256103 -0.734323
-0.0750198 0.0804489 -0.0420964 0.0965976 0.105372 1.98177
-0.0996939 0.046488 0.00302998 -0.0437548 0.0438596 -1.50166
-0.109849 0.00575696 0.00947158 0.011513 0.0149084 0.882374
-0.104007 -0.0358125 -0.0166913 -0.00251689 0.01688 -2.99193
-0.0830181 -0.0721665 0.00856138 0.0142666 0.0166383 1.0303
-0.049939 -0.0980107 -0.0121812 0.00831041 0.014746 2.54289
-0.00958713 -0.109581 0.00716369 0.0105409 0.0127448 0.973888
0.0321609 -0.105194 0.00777149 -0.0534322 0.0539944 -1.42636
0.0692252 -0.0854861 0.00684429 0.178492 0.178623 1.53247
0.0962082 -0.0533291 -0.0874272 -0.362392 0.372789 -1.80752
0.10918 -0.0134056 0.103644 0.569981 0.579328 1.39092
0.106252 0.0284701 0.100636 -0.776375 0.78287 -1.44189
# x y Real Imaginary Modulus Phase <-> f = 0 s = 3
0.000959919 0.109996 0.911456 0.0141727 0.911566 0.0155483
-0.0403151 0.102346 -0.485327 0.190091 0.521227 2.76828
-0.075719 0.0797912 0.176093 -0.16241 0.239553 -0.744996
-0.100096 0.0456163 -0.047679 0.0973544 0.108403 2.02621
-0.109895 0.00479813 0.00134434 -0.0439026 0.0439232 -1.54018
-0.103691 -0.0367188 0.00565369 0.0197905 0.0205822 1.29253
-0.0823851 -0.0728882 -0.00825343 -0.00782655 0.0113743 -2.38274
-0.0490818 -0.0984428 0.0101243 0.00670355 0.0121425 0.584851
-0.0086305 -0.109661 -0.00606172 -0.000141327 0.00606336 -3.11828
0.0330776 -0.104909 -0.000844234 0.00967255 0.00970932 1.65786
0.0699686 -0.0848787 0.0068572 -0.067428 0.0677758 -1.46945
0.0966699 -0.0524875 0.0390697 0.155644 0.160473 1.32486
0.109293 -0.0124524 -0.0786512 -0.289296 0.299797 -1.83625
0.105999 0.0293962 0.0435673 0.528638 0.53043 1.48857
0.0872689 0.0669638 0.153335 -0.794963 0.809616 -1.38025
# x y Real Imaginary Modulus Phase <-> f = 0 s = 4
-0.0412067 0.10199 0.890452 -0.0046231 0.890464 -0.00519182
-0.0764124 0.0791274 -0.482465 0.169275 0.511299 2.80416
-0.10049 0.044741 0.203085 -0.165601 0.262044 -0.684076
-0.109933 0.00383894 -0.0655134 0.102144 0.121348 2.14109
-0.103366 -0.0376222 0.0225443 -0.0482424 0.0532501 -1.13364
-0.0817459 -0.0736044 -0.00793382 0.0166172 0.0184141 2.01624
-0.0482208 -0.0988673 -0.00260747 -0.0024123 0.0035522 -2.39505
-0.00767321 -0.109732 0.0111553 0.00207504 0.0113466 0.183912
0.0339919 -0.104616 -0.00540798 -0.00229112 0.00587329 -2.74086
0.0707066 -0.0842649 0.0073585 0.0189086 0.02029 1.19967
0.0971242 -0.0516419 -0.0265456 -0.0425037 0.0501122 -2.12907
0.109397 -0.0114981 0.0481281 0.0932586 0.104945 1.09437
0.105739 0.0303201 -0.0647182 -0.212978 0.222594 -1.8658
0.0866812 0.0677228 0.00492983 0.442052 0.442079 1.55964
0.055 0.0952628 0.237594 -0.743036 0.780098 -1.26131
# x y Real Imaginary Modulus Phase <-> f = 0 s = 5
-0.0771 0.0784575 0.911856 -0.0177046 0.912028 -0.0194135
-0.100877 0.0438624 -0.561323 0.218537 0.602363 2.77032
-0.109962 0.00287946 0.267234 -0.20751 0.338341 -0.660254
-0.103034 -0.0385228 -0.129107 0.115357 0.173135 2.41238
-0.0811005 -0.0743149 0.0569386 -0.0392165 0.0691371 -0.603136
-0.0473562 -0.0992844 -0.0116869 0.00687652 0.0135599 2.60975
-0.00671534 -0.109795 -0.00411411 -0.00294544 0.00505979 -2.52025
0.0349035 -0.104316 0.0117909 0.00763865 0.014049 0.574859
0.0714393 -0.0836447 -0.0136339 -0.00344967 0.0140636 -2.89377
0.0975712 -0.0507923 0.0189339 0.0048782 0.0195522 0.252159
0.109494 -0.010543 -0.0292655 -0.0197491 0.0353057 -2.54796
0.10547 0.0312417 0.057609 0.0634275 0.0856846 0.833434
0.0860869 0.0684766 -0.0807554 -0.175519 0.193205 -2.00201
0.0541666 0.0957391 0.0310724 0.406071 0.407258 1.49443
0.0143579 0.109059 0.209363 -0.727871 0.757383 -1.29072
# x y Real Imaginary Modulus Phase <-> f = 0 s = 6
-0.101256 0.0429804 0.850019 -0.0493285 0.85145 -0.0579672
-0.109983 0.00191976 -0.556485 0.307924 0.635998 2.63619
-0.102694 -0.0394205 0.327413 -0.236193 0.403716 -0.624938
-0.0804489 -0.0750198 -0.150504 0.105875 0.184014 2.52854
-0.046488 -0.0996939 0.050637 -0.0357953 0.0620113 -0.615342
-0.00575696 -0.109849 0.000496254 0.014242 0.0142506 1.53597
0.0358125 -0.104007 -0.0160253 0.000259115 0.0160274 3.12542
0.0721665 -0.0830181 0.0117074 0.0156767 0.0195658 0.929343
0.0980107 -0.049939 -0.0213035 0.0080375 0.0227693 2.78082
0.109581 -0.00958713 0.00993473 -0.00543394 0.0113237 -0.500509
0.105194 0.0321609 -0.0298311 -0.0111022 0.03183 -2.78531
0.0854861 0.0692252 0.0594153 0.0513247 0.0785137 0.712468
0.0533291 0.0962082 -0.0815295 -0.157488 0.17734 -2.04849
0.0134056 0.10918 0.0236603 0.393763 0.394473 1.51078
-0.0284701 0.106252 0.241142 -0.751515 0.789255 -1.2603
# x y Real Imaginary Modulus Phase <-> f = 0 s = 7
-0.109996 0.000959919 0.767637 -0.0804726 0.771844 -0.10445
-0.102346 -0.0403151 -0.61866 0.358168 0.71486 2.6168
-0.0797912 -0.075719 0.350024 -0.202969 0.404615 -0.525487
-0.0456163 -0.100096 -0.122763 0.0915124 0.153119 2.50102
-0.00479813 -0.109895 0.00862169 -0.0421173 0.0429907 -1.36888
0.0367188 -0.103691 0.0141807 0.00483877 0.0149835 0.328834
0.0728882 -0.0823851 -0.0305478 -0.00360376 0.0307597 -3.02416
0.0984428 -0.0490818 0.00592792 0.00853025 0.0103877 0.963481
0.109661 -0.0086305 -0.0246042 0.0126008 0.0276432 2.66828
0.104909 0.0330776 0.00480057 -0.00783032 0.00918474 -1.02082
0.0848787 0.0699686 -0.028025 -0.0111784 0.0301721 -2.76206
0.0524875 0.0966699 0.0583601 0.0512354 0.0776593 0.720481
0.0124524 0.109293 -0.0764941 -0.176519 0.192381 -1.97972
-0.0293962 0.105999 0.00670398 0.46673 0.466778 1.55643
-0.0669638 0.0872689 0.155166 -0.774577 0.789965 -1.37309
# x y Real Imaginary Modulus Phase <-> f = 0 s = 8
-0.10199 -0.0412067 0.725447 -0.152098 0.74122 -0.206668
-0.0791274 -0.0764124 -0.623492 0.321164 0.701348 2.66593
-0.044741 -0.10049 0.262137 -0.17626 0.315885 -0.591958
-0.00383894 -0.109933 -0.0280516 0.0934971 0.0976145 1.86228
0.0376222 -0.103366 -0.0232086 -0.0274002 0.0359084 -2.27356
0.0736044 -0.0817459 0.0337805 -0.00693261 0.0344846 -0.202415
0.0988673 -0.0482208 -0.0364793 -0.00508289 0.0368317 -3.00315
0.109732 -0.00767321 0.00370009 0.00373738 0.00525915 0.790411
0.104616 0.0339919 -0.0253483 0.0142362 0.0290724 2.62987
0.0842649 0.0707066 0.0114975 -0.00706898 0.0134968 -0.55125
0.0516419 0.0971242 -0.0328314 -0.00892147 0.034022 -2.87626
0.0114981 0.109397 0.0585282 0.0656218 0.0879304 0.842473
-0.0303201 0.105739 -0.0721598 -0.235976 0.246763 -1.86756
-0.0677228 0.0866812 0.078051 0.528281 0.534016 1.42411
-0.0952628 0.055 0.0709842 -0.749044 0.7524 -1.47631
# x y Real Imaginary Modulus Phase <-> f = 0 s = 9
-0.0784575 -0.0771 0.868041 -0.0564314 0.869873 -0.0649187
-0.0438624 -0.100877 -0.505944 0.153003 0.528573 2.84792
-0.00287946 -0.109962 0.115106 -0.137391 0.179236 -0.87343
0.0385228 -0.103034 0.0146548 0.0629798 0.0646624 1.34217
0.0743149 -0.0811005 -0.0310143 -0.00701676 0.0317981 -2.9191
0.0992844 -0.0473562 0.0409196 -0.0160803 0.0439658 -0.374434
0.109795 -0.00671534 -0.0337747 -0.00513218 0.0341624 -2.99079
0.104316 0.0349035 0.00464017 0.0104621 0.0114449 1.15334
0.0836447 0.0714393 -0.0194426 0.0109294 0.022304 2.62948
0.0507923 0.0975712 0.0172078 -0.000246473 0.0172096 -0.0143224
0.010543 0.109494 -0.030545 -0.0244444 0.0391219 -2.46668
-0.0312417 0.10547 0.0409291 0.112386 0.119607 1.22154
-0.0684766 0.0860869 -0.0716834 -0.301188 0.309601 -1.80445
-0.0957391 0.0541666 0.0768248 0.600989 0.60588 1.44366
-0.109059 0.0143579 0.000491709 -0.798697 0.798697 -1.57018
# x y Real Imaginary Modulus Phase <-> f = 0 s = 10
-0.0429804 -0.101256 0.891655 0.134585 0.901754 0.149808
-0.00191976 -0.109983 -0.349305 0.117902 0.368666 2.81607
0.0394205 -0.102694 0.0746733 -0.117836 0.139504 -1.00596
0.0750198 -0.0804489 0.00894887 0.0545922 0.0553208 1.40832
0.0996939 -0.046488 -0.0277694 -0.00884011 0.0291425 -2.8334
0.109849 -0.00575696 0.0363144 -0.00375044 0.0365076 -0.102912
0.104007 0.0358125 -0.0288254 -0.00883319 0.0301485 -2.84424
0.0830181 0.0721665 0.00977113 0.0169207 0.0195393 1.04711
0.049939 0.0980107 -0.0116096 0.00150903 0.0117072 3.01234
0.00958713 0.109581 0.0103318 0.00776232 0.0129228 0.644337
-0.0321609 0.105194 -0.0102482 -0.0417336 0.0429735 -1.81159
-0.0692252 0.0854861 0.027666 0.132195 0.135059 1.36449
-0.0962082 0.0533291 -0.0377316 -0.302405 0.30475 -1.69493
-0.10918 0.0134056 0.0408709 0.598943 0.600336 1.50266
-0.106252 -0.0284701 0.126815 -0.78425 0.794437 -1.41048
# x y Real Imaginary Modulus Phase <-> f = 0 s = 11
-0.000959919 -0.109996 0.766633 0.213509 0.795809 0.271619
0.0403151 -0.102346 -0.319489 0.0949116 0.333289 2.85282
0.075719 -0.0797912 0.0962648 -0.118709 0.152836 -0.889425
0.100096 -0.0456163 -0.00384313 0.0760126 0.0761097 1.62131
0.109895 -0.00479813 -0.0112064 -0.0367612 0.0384314 -1.86669
0.103691 0.0367188 0.00689307 0.0156461 0.0170972 1.15582
0.0823851 0.0728882 -0.0109304 -0.00467606 0.0118886 -2.73735
0.0490818 0.0984428 0.0101344 0.00934182 0.0137831 0.744728
0.0086305 0.109661 -0.00503545 -1.15131e-05 0.00503546 -3.13931
-0.0330776 0.104909 0.00562618 0.00719308 0.00913205 0.907025
-0.0699686 0.0848787 -0.00686082 -0.0396727 0.0402615 -1.74204
-0.0966699 0.0524875 0.024554 0.104285 0.107136 1.33956
-0.109293 0.0124524 -0.0497889 -0.234933 0.240151 -1.77963
-0.105999 -0.0293962 0.00290721 0.424939 0.424949 1.56395
-0.0872689 -0.0669638 0.294122 -0.677392 0.73849 -1.16116
# x y Real Imaginary Modulus Phase <-> f = 0 s = 12
0.0412067 -0.10199 0.823036 0.200388 0.84708 0.238827
0.0764124 -0.0791274 -0.423195 0.103655 0.435705 2.90139
0.10049 -0.044741 0.173775 -0.155838 0.233417 -0.731031
0.109933 -0.00383894 -0.0724089 0.104386 0.127042 2.17726
0.103366 0.0376222 0.0358025 -0.0501277 0.0616003 -0.950586
0.0817459 0.0736044 -0.0148882 0.0148538 0.0210308 2.35735
0.0482208 0.0988673 0.000760205 -0.00411977 0.00418932 -1.38832
0.00767321 0.109732 0.00628281 0.00302863 0.00697469 0.449184
-0.0339919 0.104616 -0.00188979 0.0015941 0.00247234 2.44086
-0.0707066 0.0842649 0.00871606 0.00289937 0.00918564 0.321132
-0.0971242 0.0516419 -0.0260787 -0.0149898 0.0300797 -2.61992
-0.109397 0.0114981 0.0611529 0.0418027 0.0740753 0.599618
-0.105739 -0.0303201 -0.0849982 -0.109405 0.138543 -2.2313
-0.0866812 -0.0677228 0.0267851 0.282264 0.283532 1.47619
-0.055 -0.0952628 0.27809 -0.508834 0.579867 -1.07063
# x y Real Imaginary Modulus Phase <-> f = 0 s = 13
0.0771 -0.0784575 0.951369 0.0341854 0.951983 0.0359174
0.100877 -0.0438624 -0.580569 0.238984 0.627833 2.75109
0.109962 -0.00287946 0.337072 -0.223819 0.404614 -0.58616
0.103034 0.0385228 -0.183958 0.105677 0.212151 2.62016
0.0811005 0.0743149 0.0850389 -0.0275283 0.0893835 -0.313068
0.0473562 0.0992844 -0.0257748 -0.000804512 0.0257873 -3.11039
0.00671534 0.109795 0.00494826 -0.00362426 0.00613356 -0.632163
-0.0349035 0.104316 0.00360824 0.00577215 0.00680714 1.01212
-0.0714393 0.0836447 -0.00756856 0.0119016 0.0141043 2.13722
-0.0975712 0.0507923 0.00685806 -0.0147176 0.016237 -1.13474
-0.109494 0.010543 -0.024545 0.0125989 0.0275896 2.66736
-0.10547 -0.0312417 0.0515392 -0.000910101 0.0515472 -0.0176566
-0.0860869 -0.0684766 -0.0735491 -0.0669349 0.0994472 -2.40324
-0.0541666 -0.0957391 0.0249967 0.233801 0.235134 1.46429
-0.0143579 -0.109059 0.306047 -0.533224 0.614811 -1.04975
# x y Real Imaginary Modulus Phase <-> f = 0 s = 14
0.101256 -0.0429804 0.742816 -0.0908046 0.748346 -0.12164
0.109983 -0.00191976 -0.575208 0.44807 0.72913 2.47981
0.102694 0.0394205 0.415056 -0.302874 0.513813 -0.630394
0.0804489 0.0750198 -0.212162 0.123957 0.245719 2.61283
0.046488 0.0996939 0.0919451 -0.0428069 0.101422 -0.435726
0.00575696 0.109849 -0.0221957 0.0198096 0.0297502 2.41294
-0.0358125 0.104007 -0.00178272 -0.0114322 0.0115704 -1.72549
-0.0721665 0.0830181 0.00410918 0.0140026 0.0145931 1.28535
-0.0980107 0.049939 -0.0193778 0.0130227 0.0233472 2.54988
-0.109581 0.00958713 0.00870863 -0.0325227 0.0336685 -1.30916
-0.105194 -0.0321609 -0.01051 0.0300631 0.0318473 1.90711
-0.0854861 -0.0692252 0.0385073 -0.00743173 0.0392179 -0.190651
-0.0533291 -0.0962082 -0.0734955 -0.0764576 0.106054 -2.33644
-0.0134056 -0.10918 0.00252763 0.308228 0.308238 1.5626
0.0284701 -0.106252 0.314051 -0.727243 0.792155 -1.16315
# x y Real Imaginary Modulus Phase <-> f = 0 s = 15
0.109996 -0.000959919 0.657459 0.0133784 0.657595 0.0203458
0.102346 0.0403151 -0.531203 0.440921 0.690354 2.4488
0.0797912 0.075719 0.352711 -0.285579 0.453829 -0.680609
0.0456163 0.100096 -0.158668 0.135065 0.20837 2.43638
0.00479813 0.109895 0.0408784 -0.0534521 0.0672917 -0.917912
-0.0367188 0.103691 5.49887e-05 0.0226295 0.0226296 1.56837
-0.0728882 0.0823851 -0.0155636 -0.00644767 0.0168463 -2.74884
-0.0984428 0.0490818 0.00119912 0.0104165 0.0104853 1.45618
-0.109661 0.0086305 -0.0237697 0.0118382 0.0265545 2.67952
-0.104909 -0.0330776 0.0105381 -0.0414705 0.0427885 -1.32195
-0.0848787 -0.0699686 -0.0097549 0.0296504 0.0312138 1.88864
-0.0524875 -0.0966699 0.0533426 0.0123597 0.0547558 0.227687
-0.0124524 -0.109293 -0.0782032 -0.145915 0.16555 -2.06279
0.0293962 -0.105999 0.0016738 0.478397 0.4784 1.5673
0.0669638 -0.0872689 0.0723185 -0.78456 0.787887 -1.47888
