# x y Real Imaginary Modulus Phase <-> f = 0 s = 0
0.10199 0.0412067 0.730291 -0.0445751 0.73165 -0.0609619
0.0791274 0.0764124 -0.578352 0.330694 0.666221 2.62218
0.044741 0.10049 0.298819 -0.219564 0.370812 -0.633684
0.00383894 0.109933 -0.0957101 0.102637 0.140338 2.32128
-0.0376222 0.103366 0.0146078 -0.0472598 0.0494659 -1.27102
-0.0736044 0.0817459 0.00419335 0.0119669 0.0126803 1.23375
-0.0988673 0.0482208 -0.0184231 0.00251999 0.0185947 3.00565
-0.109732 0.00767321 0.00204232 0.00937129 0.00959126 1.35622
-0.104616 -0.0339919 -0.0162478 0.0185646 0.0246706 2.28974
-0.0842649 -0.0707066 0.00621809 -0.0304012 0.0310306 -1.36904
-0.0516419 -0.0971242 -0.0195333 0.00146588 0.0195882 3.06669
-0.0114981 -0.109397 0.051511 0.0655611 0.0833765 0.90484
0.0303201 -0.105739 -0.0450333 -0.282531 0.286098 -1.72886
0.0677228 -0.0866812 0.124324 0.650776 0.662545 1.38203
0.0952628 -0.055 -0.0234356 -0.638022 0.638452 -1.60751
# x y Real Imaginary Modulus Phase <-> f = 0 s = 1
0.0784575 0.0771 0.82429 -0.0877354 0.828946 -0.106038
0.0438624 0.100877 -0.581988 0.258728 0.636907 2.72327
0.00287946 0.109962 0.235707 -0.166728 0.288715 -0.615645
-0.0385228 0.103034 -0.0573278 0.097463 0.113073 2.10249
-0.0743149 0.0811005 0.0038092 -0.043106 0.043274 -1.48266
-0.0992844 0.0473562 0.00544331 0.00914342 0.010641 1.03382
-0.109795 0.00671534 -0.0181481 0.00497074 0.0188165 2.87425
-0.104316 -0.0349035 0.00588734 0.0121994 0.0135457 1.12117
-0.0836447 -0.0714393 -0.0153103 0.0154311 0.0217376 2.35226
-0.0507923 -0.0975712 0.00605904 -0.00744983 0.0096027 -0.88799
-0.010543 -0.109494 -0.0236599 -0.032374 0.0400982 -2.20191
0.0312417 -0.10547 0.00863834 0.140808 0.141073 1.50952
0.0684766 -0.0860869 -0.0476121 -0.395269 0.398126 -1.69067
0.0957391 -0.0541666 0.188493 0.638951 0.666174 1.28393
0.109059 -0.0143579 0.0283865 -0.691279 0.691862 -1.52976
# x y Real Imaginary Modulus Phase <-> f = 0 s = 2
0.0429804 0.101256 0.888887 -0.0719187 0.891792 -0.0807328
0.00191976 0.109983 -0.528034 0.172876 0.555614 2.8252
-0.0394205 0.102694 0.187743 -0.166156 0.250709 -0.724475
-0.0750198 0.0804489 -0.0408512 0.0932037 0.101763 1.98388
-0.0996939 0.046488 0.00376964 -0.0440744 0.0442353 -1.48548
-0.109849 0.00575696 0.0100956 0.011315 0.0151641 0.842291
-0.104007 -0.0358125 -0.0112116 -0.0012679 0.0112831 -3.02898
-0.0830181 -0.0721665 0.0121864 0.0111484 0.0165164 0.740944
-0.049939 -0.0980107 -0.00604517 0.00855143 0.0104724 2.18615
-0.00958713 -0.109581 0.00359707 0.0110344 0.0116059 1.25567
0.0321609 -0.105194 0.00930632 -0.0537344 0.0545344 -1.39931
0.0692252 -0.0854861 0.0032785 0.175688 0.175719 1.55214
0.0962082 -0.0533291 -0.0819188 -0.361616 0.370778 -1.79357
0.10918 -0.0134056 0.0978793 0.57482 0.583093 1.40214
0.106252 0.0284701 0.0997857 -0.782365 0.788703 -1.44394
# x y Real Imaginary Modulus Phase <-> f = 0 s = 3
0.000959919 0.109996 0.911939 0.0219709 0.912204 0.0240878
-0.0403151 0.102346 -0.48207 0.18139 0.515067 2.78171
-0.075719 0.0797912 0.174202 -0.157481 0.234833 -0.735027
-0.100096 0.0456163 -0.0465931 0.0950384 0.105845 2.02662
-0.109895 0.00479813 0.00251446 -0.042035 0.0421102 -1.51105
-0.103691 -0.0367188 0.00613164 0.0200101 0.0209285 1.27345
-0.0823851 -0.0728882 -0.00535888 -0.00680664 0.00866302 -2.23775
-0.0490818 -0.0984428 0.010071 0.00297887 0.0105023 0.287588
-0.0086305 -0.109661 -0.00385994 0.000595218 0.00390556 2.98859
0.0330776 -0.104909 -0.00594465 0.00963309 0.0113197 2.1237
0.0699686 -0.0848787 0.00641971 -0.0668695 0.067177 -1.47509
0.0966699 -0.0524875 0.036354 0.152311 0.15659 1.3365
0.109293 -0.0124524 -0.0737857 -0.285834 0.295204 -1.82342
0.105999 0.0293962 0.0360939 0.52712 0.528354 1.50243
0.0872689 0.0669638 0.162453 -0.797289 0.813671 -1.36979
# x y Real Imaginary Modulus Phase <-> f = 0 s = 4
-0.0412067 0.10199 0.888547 0.00810963 0.888584 0.0091266
-0.0764124 0.0791274 -0.479673 0.161477 0.506123 2.81687
-0.10049 0.044741 0.200741 -0.160861 0.257241 -0.675555
-0.109933 0.00383894 -0.0648842 0.0991112 0.118461 2.15044
-0.103366 -0.0376222 0.0236956 -0.0458653 0.0516246 -1.09393
-0.0817459 -0.0736044 -0.00749019 0.0159945 0.0176614 2.00876
-0.0482208 -0.0988673 -0.000335233 -0.00211726 0.00214363 -1.72783
-0.00767321 -0.109732 0.00864353 -0.0013857 0.0087539 -0.158964
0.0339919 -0.104616 -0.00438551 -0.00215823 0.00488781 -2.68426
0.0707066 -0.0842649 0.00563203 0.0180881 0.0189446 1.26894
0.0971242 -0.0516419 -0.0255414 -0.0421534 0.0492876 -2.11555
0.109397 -0.0114981 0.046122 0.0914995 0.102467 1.1039
0.105739 0.0303201 -0.0623235 -0.210048 0.219099 -1.85923
0.0866812 0.0677228 0.000632449 0.438343 0.438344 1.56935
0.055 0.0952628 0.244472 -0.739288 0.778661 -1.25143
# x y Real Imaginary Modulus Phase <-> f = 0 s = 5
-0.0771 0.0784575 0.916517 -0.010683 0.916579 -0.0116556
-0.100877 0.0438624 -0.561163 0.209451 0.598977 2.78436
-0.109962 0.00287946 0.266101 -0.201604 0.333847 -0.648362
-0.103034 -0.0385228 -0.129069 0.112019 0.170901 2.4268
-0.0811005 -0.0743149 0.0565386 -0.0377447 0.0679799 -0.588643
-0.0473562 -0.0992844 -0.014365 0.00657126 0.0157967 2.71256
-0.00671534 -0.109795 -0.00195 -0.0026331 0.00327654 -2.20824
0.0349035 -0.104316 0.0116176 0.0036864 0.0121884 0.307263
0.0714393 -0.0836447 -0.0120881 -0.00387121 0.0126929 -2.83166
0.0975712 -0.0507923 0.0176972 0.00417959 0.018184 0.231923
0.109494 -0.010543 -0.0284702 -0.0200177 0.0348031 -2.52878
0.10547 0.0312417 0.0554475 0.0611179 0.0825217 0.834005
0.0860869 0.0684766 -0.0775683 -0.171849 0.188545 -1.99479
0.0541666 0.0957391 0.025601 0.399828 0.400647 1.50685
0.0143579 0.109059 0.216887 -0.720243 0.75219 -1.2783
# x y Real Imaginary Modulus Phase <-> f = 0 s = 6
-0.101256 0.0429804 0.857338 -0.0516098 0.85889 -0.0601252
-0.109983 0.00191976 -0.562195 0.302207 0.638273 2.64836
-0.102694 -0.0394205 0.328556 -0.233362 0.402998 -0.617581
-0.0804489 -0.0750198 -0.151924 0.100875 0.182364 2.55545
-0.046488 -0.0996939 0.0502204 -0.0349031 0.0611582 -0.607361
-0.00575696 -0.109849 0.000373815 0.0120469 0.0120527 1.53978
0.0358125 -0.104007 -0.00890812 0.00323331 0.00947676 2.79342
0.0721665 -0.0830181 0.0173448 0.0124933 0.0213758 0.624213
0.0980107 -0.049939 -0.0157734 0.00809553 0.0177296 2.66741
0.109581 -0.00958713 0.0111451 -0.00513663 0.0122718 -0.431871
0.105194 0.0321609 -0.028379 -0.012563 0.0310354 -2.72484
0.0854861 0.0692252 0.0582434 0.0484118 0.0757363 0.693477
0.0533291 0.0962082 -0.0781408 -0.154335 0.172989 -2.03948
0.0134056 0.10918 0.0189998 0.388612 0.389076 1.52194
-0.0284701 0.106252 0.249266 -0.748764 0.789165 -1.24943
# x y Real Imaginary Modulus Phase <-> f = 0 s = 7
-0.109996 0.000959919 0.77081 -0.0854322 0.77553 -0.110384
-0.102346 -0.0403151 -0.622873 0.355388 0.717128 2.6231
-0.0797912 -0.075719 0.35272 -0.201226 0.406082 -0.518445
-0.0456163 -0.100096 -0.12437 0.0895941 0.153281 2.51732
-0.00479813 -0.109895 0.0117753 -0.0377944 0.0395863 -1.26877
0.0367188 -0.103691 0.00979104 0.00488319 0.0109412 0.462639
0.0728882 -0.0823851 -0.0250581 0.00545535 0.0256451 2.92723
0.0984428 -0.0490818 0.0107259 0.0115906 0.015792 0.824128
0.109661 -0.0086305 -0.0189542 0.0155523 0.024518 2.45447
0.104909 0.0330776 0.00736573 -0.00612509 0.0095797 -0.693694
0.0848787 0.0699686 -0.0261921 -0.0123158 0.0289431 -2.70206
0.0524875 0.0966699 0.0570694 0.0500893 0.0759332 0.720352
0.0124524 0.109293 -0.073783 -0.173314 0.188366 -1.97328
-0.0293962 0.105999 0.00133862 0.461608 0.46161 1.5679
-0.0669638 0.0872689 0.161993 -0.779975 0.796619 -1.36602
# x y Real Imaginary Modulus Phase <-> f = 0 s = 8
-0.10199 -0.0412067 0.730542 -0.160368 0.747937 -0.216091
-0.0791274 -0.0764124 -0.628392 0.316032 0.703387 2.67561
-0.044741 -0.10049 0.262529 -0.17425 0.315094 -0.585972
-0.00383894 -0.109933 -0.0303143 0.0894227 0.0944213 1.89764
0.0376222 -0.103366 -0.0161514 -0.0235857 0.0285859 -2.17124
0.0736044 -0.0817459 0.0260224 -0.00926338 0.027622 -0.341989
0.0988673 -0.0482208 -0.033799 0.00588107 0.0343068 2.96932
0.109732 -0.00767321 0.00714949 0.00728027 0.0102038 0.794461
0.104616 0.0339919 -0.0185592 0.017686 0.0256367 2.38028
0.0842649 0.0707066 0.01336 -0.0060748 0.0146762 -0.426758
0.0516419 0.0971242 -0.0305354 -0.00829962 0.0316432 -2.8762
0.0114981 0.109397 0.0565466 0.0644676 0.0857531 0.85076
-0.0303201 0.105739 -0.0685717 -0.232459 0.242362 -1.85764
-0.0677228 0.0866812 0.0701434 0.527309 0.531954 1.43855
-0.0952628 0.055 0.0727554 -0.755345 0.75884 -1.47477
# x y Real Imaginary Modulus Phase <-> f = 0 s = 9
-0.0784575 -0.0771 0.874449 -0.0604858 0.876538 -0.0690603
-0.0438624 -0.100877 -0.508328 0.147083 0.52918 2.85994
-0.00287946 -0.109962 0.117836 -0.12945 0.175051 -0.832329
0.0385228 -0.103034 0.00854391 0.0588751 0.0594918 1.42668
0.0743149 -0.0811005 -0.0203133 -0.00434296 0.0207723 -2.93096
0.0992844 -0.0473562 0.0303384 -0.0205283 0.036631 -0.594878
0.109795 -0.00671534 -0.0302907 0.00366484 0.0305116 3.02119
0.104316 0.0349035 0.00986275 0.0120139 0.0155437 0.883412
0.0836447 0.0714393 -0.0130924 0.0117721 0.0176066 2.40924
0.0507923 0.0975712 0.0178221 0.000609694 0.0178325 0.0341967
0.010543 0.109494 -0.0280161 -0.0230765 0.0362964 -2.45257
-0.0312417 0.10547 0.0390198 0.110907 0.117571 1.2325
-0.0684766 0.0860869 -0.0688313 -0.301555 0.309311 -1.79521
-0.0957391 0.0541666 0.0730029 0.602172 0.606581 1.45015
-0.109059 0.0143579 0.00175887 -0.806698 0.8067 -1.56862
# x y Real Imaginary Modulus Phase <-> f = 0 s = 10
-0.0429804 -0.101256 0.895677 0.142391 0.906925 0.157656
-0.00191976 -0.109983 -0.34934 0.108783 0.365885 2.83971
0.0394205 -0.102694 0.079538 -0.111532 0.136988 -0.951304
0.0750198 -0.0804489 0.000832129 0.0551168 0.055123 1.5557
0.0996939 -0.046488 -0.0160367 -0.00695924 0.0174816 -2.73216
0.109849 -0.00575696 0.0280215 -0.0104378 0.0299024 -0.356569
0.104007 0.0358125 -0.0250104 -0.0013649 0.0250476 -3.08707
0.0830181 0.0721665 0.0149344 0.0132675 0.0199765 0.726363
0.049939 0.0980107 -0.00863561 0.00112193 0.00870819 3.0124
0.00958713 0.109581 0.0104473 0.00805887 0.0131944 0.657047
-0.0321609 0.105194 -0.00863268 -0.0410938 0.0419907 -1.77786
-0.0692252 0.0854861 0.0237152 0.129701 0.131851 1.38995
-0.0962082 0.0533291 -0.0334881 -0.304225 0.306063 -1.68043
-0.10918 0.0134056 0.0359507 0.5989 0.599978 1.51084
-0.106252 -0.0284701 0.130098 -0.791978 0.802593 -1.40798
# x y Real Imaginary Modulus Phase <-> f = 0 s = 11
-0.000959919 -0.109996 0.76465 0.22383 0.796737 0.284766
0.0403151 -0.102346 -0.318393 0.0869361 0.330048 2.87504
0.075719 -0.0797912 0.0999197 -0.113733 0.15139 -0.84996
0.100096 -0.0456163 -0.00707222 0.0708252 0.0711774 1.67032
0.109895 -0.00479813 -0.00580467 -0.0344199 0.034906 -1.73787
0.103691 0.0367188 0.00260041 0.0118827 0.0121639 1.35535
0.0823851 0.0728882 -0.00832396 -0.000747842 0.00835749 -3.05199
0.0490818 0.0984428 0.0115458 0.00472981 0.0124771 0.388801
0.0086305 0.109661 -0.00359579 -0.00064858 0.00365381 -2.96314
-0.0330776 0.104909 0.00369605 0.00753851 0.00839583 1.11495
-0.0699686 0.0848787 -0.00706001 -0.0400541 0.0406715 -1.74527
-0.0966699 0.0524875 0.0219142 0.104984 0.107246 1.36501
-0.109293 0.0124524 -0.0478675 -0.235966 0.240773 -1.77094
-0.105999 -0.0293962 -0.00250338 0.423779 0.423787 1.5767
-0.0872689 -0.0669638 0.300837 -0.676653 0.740515 -1.15245
# x y Real Imaginary Modulus Phase <-> f = 0 s = 12
0.0412067 -0.10199 0.823523 0.212421 0.850478 0.252439
0.0764124 -0.0791274 -0.424764 0.0947876 0.435211 2.92204
0.10049 -0.044741 0.174228 -0.147172 0.228069 -0.701415
0.109933 -0.00383894 -0.0735243 0.0980184 0.122529 2.21437
0.103366 0.0376222 0.0345632 -0.0457127 0.0573085 -0.923405
0.0817459 0.0736044 -0.0159837 0.013017 0.0206136 2.45814
0.0482208 0.0988673 0.000404548 -0.00148368 0.00153785 -1.3046
0.00767321 0.109732 0.00488652 0.000159052 0.00488911 0.0325375
-0.0339919 0.104616 -0.000329174 -0.000288902 0.000437972 -2.42126
-0.0707066 0.0842649 0.00869061 0.00327852 0.00928846 0.36074
-0.0971242 0.0516419 -0.0213544 -0.0147389 0.025947 -2.53747
-0.109397 0.0114981 0.056483 0.0438198 0.0714878 0.659813
-0.105739 -0.0303201 -0.0777167 -0.108332 0.133325 -2.1931
-0.0866812 -0.0677228 0.0190806 0.280037 0.280686 1.50277
-0.055 -0.0952628 0.285951 -0.503983 0.579454 -1.05471
# x y Real Imaginary Modulus Phase <-> f = 0 s = 13
0.0771 -0.0784575 0.959218 0.0358907 0.959889 0.0373992
0.100877 -0.0438624 -0.585402 0.234139 0.630489 2.76112
0.109962 -0.00287946 0.339728 -0.218926 0.404158 -0.572439
0.103034 0.0385228 -0.183943 0.101619 0.210146 2.63687
0.0811005 0.0743149 0.0846174 -0.026809 0.0887628 -0.306821
0.0473562 0.0992844 -0.0294986 -0.00211876 0.0295746 -3.06989
0.00671534 0.109795 0.00461624 -0.00298267 0.005496 -0.573646
-0.0349035 0.104316 0.00308101 0.00337868 0.00457254 0.831446
-0.0714393 0.0836447 0.000470772 0.0108157 0.0108259 1.5273
-0.0975712 0.0507923 0.00336031 -0.00926401 0.00985462 -1.22283
-0.109494 0.010543 -0.0189798 0.00949909 0.0212242 2.67756
-0.10547 -0.0312417 0.0470077 0.00406067 0.0471827 0.0861692
-0.0860869 -0.0684766 -0.0669454 -0.0704717 0.0972005 -2.33054
-0.0541666 -0.0957391 0.0181002 0.234262 0.234961 1.49368
-0.0143579 -0.109059 0.315281 -0.528566 0.615454 -1.03297
# x y Real Imaginary Modulus Phase <-> f = 0 s = 14
0.101256 -0.0429804 0.74146 -0.102444 0.748504 -0.137296
0.109983 -0.00191976 -0.58204 0.454126 0.738242 2.47902
0.102694 0.0394205 0.421401 -0.300905 0.517806 -0.620098
0.0804489 0.0750198 -0.212868 0.119772 0.24425 2.62908
0.046488 0.0996939 0.0901751 -0.0420827 0.0995113 -0.436636
0.00575696 0.109849 -0.0226428 0.0186036 0.0293051 2.45381
-0.0358125 0.104007 -0.00133496 -0.0111375 0.0112172 -1.69009
-0.0721665 0.0830181 0.00805004 0.0109727 0.0136089 0.937846
-0.0980107 0.049939 -0.0106971 0.0181258 0.021047 2.10395
-0.109581 0.00958713 0.000958469 -0.0259786 0.0259963 -1.53392
-0.105194 -0.0321609 -0.00309945 0.023287 0.0234924 1.70312
-0.0854861 -0.0692252 0.0336103 0.0022998 0.0336889 0.0683189
-0.0533291 -0.0962082 -0.0679672 -0.0785659 0.103885 -2.28399
-0.0134056 -0.10918 -0.00373669 0.305932 0.305954 1.58301
0.0284701 -0.106252 0.320313 -0.731412 0.798476 -1.15802
# x y Real Imaginary Modulus Phase <-> f = 0 s = 15
0.109996 -0.000959919 0.653367 0.00938128 0.653434 0.0143574
0.102346 0.0403151 -0.537089 0.444116 0.696925 2.45067
0.0797912 0.075719 0.356632 -0.280465 0.453704 -0.66641
0.0456163 0.100096 -0.157895 0.130787 0.205027 2.44982
0.00479813 0.109895 0.0401086 -0.0525264 0.0660887 -0.918655
-0.0367188 0.103691 -0.000479805 0.0212872 0.0212926 1.59333
-0.0728882 0.0823851 -0.0113617 -0.00582821 0.0127694 -2.66762
-0.0984428 0.0490818 0.00526152 0.0129519 0.0139798 1.18493
-0.109661 0.0086305 -0.017757 0.0191714 0.0261315 2.31791
-0.104909 -0.0330776 -0.000251808 -0.0359539 0.0359548 -1.5778
-0.0848787 -0.0699686 -0.00163238 0.0210943 0.0211574 1.64803
-0.0524875 -0.0966699 0.0507102 0.0153176 0.0529731 0.293346
-0.0124524 -0.109293 -0.073244 -0.143775 0.161357 -2.04196
0.0293962 -0.105999 -0.00367483 0.479786 0.4798 1.57846
0.0669638 -0.0872689 0.0696917 -0.795128 0.798176 -1.48337
