# x y Real Imaginary Modulus Phase <-> f = 0 s = 0
0.10199 0.0412067 0.726183 -0.034075 0.726982 -0.0468891
0.0791274 0.0764124 -0.565505 0.331439 0.655476 2.61146
0.044741 0.10049 0.300411 -0.231369 0.379182 -0.656288
0.00383894 0.109933 -0.097558 0.107093 0.144867 2.30964
-0.0376222 0.103366 0.015708 -0.0525149 0.0548138 -1.28015
-0.0736044 0.0817459 0.000735111 0.0157983 0.0158154 1.5243
-0.0988673 0.0482208 -0.0210015 0.00347474 0.021287 2.97763
-0.109732 0.00767321 0.000207216 0.00448062 0.00448541 1.52458
-0.104616 -0.0339919 -0.0201688 0.0139371 0.0245158 2.53692
-0.0842649 -0.0707066 0.0118509 -0.0315667 0.033718 -1.21165
-0.0516419 -0.0971242 -0.0245803 0.00604557 0.0253129 2.90043
-0.0114981 -0.109397 0.0570862 0.0665048 0.0876454 0.861459
0.0303201 -0.105739 -0.0515691 -0.283622 0.288272 -1.75065
0.0677228 -0.0866812 0.13435 0.64248 0.656377 1.36466
0.0952628 -0.055 -0.0114118 -0.632739 0.632841 -1.58883
# x y Real Imaginary Modulus Phase <-> f = 0 s = 1
0.0784575 0.0771 0.815448 -0.0824669 0.819608 -0.100788
0.0438624 0.100877 -0.58029 0.277366 0.64317 2.69572
0.00287946 0.109962 0.242021 -0.175397 0.298895 -0.627124
-0.0385228 0.103034 -0.0587769 0.1053 0.120593 2.0799
-0.0743149 0.0811005 0.00384578 -0.0463915 0.0465506 -1.48809
-0.0992844 0.0473562 0.00045362 0.0140958 0.0141031 1.53863
-0.109795 0.00671534 -0.0223503 0.00548215 0.0230128 2.90106
-0.104316 -0.0349035 0.00364632 0.00897473 0.00968718 1.18488
-0.0836447 -0.0714393 -0.0212531 0.0113929 0.0241142 2.64952
-0.0507923 -0.0975712 0.0104606 -0.00690539 0.0125343 -0.583464
-0.010543 -0.109494 -0.0260533 -0.034294 0.043068 -2.22048
0.0312417 -0.10547 0.0132798 0.143035 0.14365 1.47822
0.0684766 -0.0860869 -0.0562731 -0.39624 0.400216 -1.71187
0.0957391 -0.0541666 0.193956 0.633282 0.662318 1.2736
0.109059 -0.0143579 0.0308569 -0.681908 0.682606 -1.52558
# x y Real Imaginary Modulus Phase <-> f = 0 s = 2
0.0429804 0.101256 0.871874 -0.0908595 0.876596 -0.103837
0.00191976 0.109983 -0.534094 0.188611 0.566419 2.80212
-0.0394205 0.102694 0.191281 -0.179047 0.262004 -0.752374
-0.0750198 0.0804489 -0.0426374 0.099963 0.108676 1.97396
-0.0996939 0.046488 0.00191787 -0.0480417 0.04808 -1.5309
-0.109849 0.00575696 0.00671654 0.0148237 0.0162743 1.14537
-0.104007 -0.0358125 -0.0141247 -0.000478018 0.0141328 -3.10776
-0.0830181 -0.0721665 0.0108648 0.0125338 0.0165873 0.85661
-0.049939 -0.0980107 -0.0106552 0.00754995 0.0130589 2.52514
-0.00958713 -0.109581 0.00596921 0.011176 0.0126702 1.08024
0.0321609 -0.105194 0.00868711 -0.0560389 0.0567082 -1.417
0.0692252 -0.0854861 0.00754773 0.180696 0.180854 1.52905
0.0962082 -0.0533291 -0.0910245 -0.363699 0.374917 -1.81603
0.10918 -0.0134056 0.107591 0.565895 0.576032 1.38291
0.106252 0.0284701 0.0997621 -0.771119 0.777546 -1.44214
# x y Real Imaginary Modulus Phase <-> f = 0 s = 3
0.000959919 0.109996 0.911808 -0.000713138 0.911808 -0.000782114
-0.0403151 0.102346 -0.488742 0.201198 0.528535 2.75107
-0.075719 0.0797912 0.178993 -0.169463 0.246488 -0.758055
-0.100096 0.0456163 -0.0493868 0.101199 0.112607 2.02481
-0.109895 0.00479813 0.0018387 -0.0459085 0.0459453 -1.53077
-0.103691 -0.0367188 0.00489535 0.0208554 0.0214222 1.34024
-0.0823851 -0.0728882 -0.00642767 -0.00710754 0.0095829 -2.30601
-0.0490818 -0.0984428 0.010603 0.00471062 0.0116023 0.418079
-0.0086305 -0.109661 -0.00475488 -0.000824809 0.00482589 -2.96984
0.0330776 -0.104909 -0.00262065 0.0110823 0.0113879 1.803
0.0699686 -0.0848787 0.00494685 -0.0686289 0.068807 -1.49884
0.0966699 -0.0524875 0.039048 0.15575 0.16057 1.32515
0.109293 -0.0124524 -0.0808853 -0.292611 0.303585 -1.84049
0.105999 0.0293962 0.0494664 0.53397 0.536257 1.47842
0.0872689 0.0669638 0.137701 -0.795655 0.807483 -1.39943
# x y Real Imaginary Modulus Phase <-> f = 0 s = 4
-0.0412067 0.10199 0.888468 -0.0221318 0.888744 -0.0249049
-0.0764124 0.0791274 -0.486939 0.180388 0.519278 2.78681
-0.10049 0.044741 0.206517 -0.172678 0.269197 -0.696394
-0.109933 0.00383894 -0.0684232 0.105442 0.125697 2.14641
-0.103366 -0.0376222 0.0253416 -0.0484292 0.0546588 -1.08871
-0.0817459 -0.0736044 -0.00840138 0.0168722 0.0188482 2.0328
-0.0482208 -0.0988673 -0.00184627 -0.00298975 0.00351387 -2.12401
-0.00767321 -0.109732 0.00957017 0.000359398 0.00957692 0.0375363
0.0339919 -0.104616 -0.00383471 -0.00238632 0.00451658 -2.58494
0.0707066 -0.0842649 0.0071135 0.0205759 0.0217708 1.23794
0.0971242 -0.0516419 -0.026993 -0.0437922 0.0514429 -2.12318
0.109397 -0.0114981 0.0495992 0.0948489 0.107035 1.08897
0.105739 0.0303201 -0.0655671 -0.21647 0.226182 -1.8649
0.0866812 0.0677228 0.0101696 0.448906 0.449021 1.54815
0.055 0.0952628 0.227147 -0.75065 0.784265 -1.27696
# x y Real Imaginary Modulus Phase <-> f = 0 s = 5
-0.0771 0.0784575 0.907153 -0.031821 0.907711 -0.0350635
-0.100877 0.0438624 -0.562997 0.228772 0.607703 2.75563
-0.109962 0.00287946 0.268675 -0.213858 0.343396 -0.67228
-0.103034 -0.0385228 -0.130984 0.118823 0.176849 2.40484
-0.0811005 -0.0743149 0.0584328 -0.0421778 0.072065 -0.625219
-0.0473562 -0.0992844 -0.0152296 0.007897 0.0171553 2.66323
-0.00671534 -0.109795 -0.00352065 -0.00280916 0.00450404 -2.46813
0.0349035 -0.104316 0.011917 0.00580409 0.0132553 0.453229
0.0714393 -0.0836447 -0.0114333 -0.00258338 0.0117216 -2.91937
0.0975712 -0.0507923 0.0172262 0.0066607 0.0184691 0.368955
0.109494 -0.010543 -0.0319746 -0.0238369 0.0398819 -2.50098
0.10547 0.0312417 0.0609757 0.0648685 0.0890278 0.816322
0.0860869 0.0684766 -0.0863612 -0.178603 0.198387 -2.02119
0.0541666 0.0957391 0.0393533 0.4119 0.413775 1.47554
0.0143579 0.109059 0.19523 -0.736735 0.762164 -1.31176
# x y Real Imaginary Modulus Phase <-> f = 0 s = 6
-0.101256 0.0429804 0.841624 -0.0516626 0.843208 -0.0613075
-0.109983 0.00191976 -0.55099 0.313096 0.633734 2.62485
-0.102694 -0.0394205 0.326393 -0.241466 0.406002 -0.636941
-0.0804489 -0.0750198 -0.151854 0.108071 0.186384 2.52307
-0.046488 -0.0996939 0.0520913 -0.0380435 0.0645044 -0.630789
-0.00575696 -0.109849 -0.000786763 0.0144068 0.0144282 1.62535
0.0358125 -0.104007 -0.0145535 0.00156289 0.0146372 3.03461
0.0721665 -0.0830181 0.0130387 0.0134181 0.0187097 0.799738
0.0980107 -0.049939 -0.0178565 0.0096033 0.0202751 2.64816
0.109581 -0.00958713 0.00909768 -0.000925782 0.00914466 -0.101411
0.105194 0.0321609 -0.0333583 -0.0136469 0.0360419 -2.75327
0.0854861 0.0692252 0.0631888 0.0522099 0.0819677 0.690544
0.0533291 0.0962082 -0.0856573 -0.161727 0.18301 -2.05787
0.0134056 0.10918 0.0300408 0.401508 0.40263 1.49612
-0.0284701 0.106252 0.229596 -0.758367 0.79236 -1.27682
# x y Real Imaginary Modulus Phase <-> f = 0 s = 7
-0.109996 0.000959919 0.761567 -0.0774121 0.765491 -0.101301
-0.102346 -0.0403151 -0.614042 0.361722 0.712664 2.60924
-0.0797912 -0.075719 0.351753 -0.207305 0.408296 -0.53255
-0.0456163 -0.100096 -0.124072 0.0942647 0.15582 2.49188
-0.00479813 -0.109895 0.0103946 -0.0432981 0.0445283 -1.33519
0.0367188 -0.103691 0.0119432 0.0057151 0.0132402 0.446318
0.0728882 -0.0823851 -0.0294176 -0.00140397 0.0294511 -3.0939
0.0984428 -0.0490818 0.00667839 0.00624207 0.00914136 0.751641
0.109661 -0.0086305 -0.0217505 0.0143286 0.0260459 2.55908
0.104909 0.0330776 0.00396525 -0.00200466 0.00444318 -0.468083
0.0848787 0.0699686 -0.0327107 -0.0131186 0.0352432 -2.76018
0.0524875 0.0966699 0.0605124 0.0529768 0.0804257 0.719096
0.0124524 0.109293 -0.0802316 -0.18166 0.198589 -1.98669
-0.0293962 0.105999 0.0132441 0.473281 0.473466 1.54282
-0.0669638 0.0872689 0.146204 -0.772686 0.786397 -1.38379
# x y Real Imaginary Modulus Phase <-> f = 0 s = 8
-0.10199 -0.0412067 0.718731 -0.147898 0.73379 -0.202944
-0.0791274 -0.0764124 -0.620946 0.329449 0.70293 2.6538
-0.044741 -0.10049 0.264951 -0.1813 0.321043 -0.600095
-0.00383894 -0.109933 -0.0294849 0.0934553 0.0979962 1.87641
0.0376222 -0.103366 -0.0212737 -0.0270364 0.0344026 -2.23747
0.0736044 -0.0817459 0.0307587 -0.00686339 0.0315151 -0.21954
0.0988673 -0.0482208 -0.0343687 -0.00159672 0.0344058 -3.09517
0.109732 -0.00767321 0.00538068 0.00202623 0.00574955 0.36015
0.104616 0.0339919 -0.0227416 0.0160917 0.027859 2.52579
0.0842649 0.0707066 0.0105485 -0.00293311 0.0109487 -0.271209
0.0516419 0.0971242 -0.0344721 -0.0101331 0.0359306 -2.8557
0.0114981 0.109397 0.0594532 0.0681363 0.0904281 0.853349
-0.0303201 0.105739 -0.0764397 -0.239675 0.251569 -1.87953
-0.0677228 0.0866812 0.0856955 0.528685 0.535586 1.4101
-0.0952628 0.055 0.0678125 -0.743768 0.746853 -1.47987
# x y Real Imaginary Modulus Phase <-> f = 0 s = 9
-0.0784575 -0.0771 0.859874 -0.0602802 0.861984 -0.0699891
-0.0438624 -0.100877 -0.509216 0.160746 0.533986 2.83582
-0.00287946 -0.109962 0.118404 -0.138967 0.182569 -0.865124
0.0385228 -0.103034 0.010112 0.0628502 0.0636585 1.41127
0.0743149 -0.0811005 -0.026608 -0.00659014 0.027412 -2.8988
0.0992844 -0.0473562 0.0370884 -0.0167319 0.0406879 -0.423799
0.109795 -0.00671534 -0.0317715 -0.00207504 0.0318392 -3.07637
0.104316 0.0349035 0.00674853 0.0083638 0.0107469 0.891878
0.0836447 0.0714393 -0.01649 0.0119007 0.0203358 2.51646
0.0507923 0.0975712 0.0173623 0.00157792 0.0174339 0.0906326
0.010543 0.109494 -0.0296984 -0.025056 0.0388561 -2.44078
-0.0312417 0.10547 0.0432566 0.115724 0.123544 1.21308
-0.0684766 0.0860869 -0.0758398 -0.304036 0.313352 -1.81525
-0.0957391 0.0541666 0.0812375 0.600571 0.60604 1.43635
-0.109059 0.0143579 -0.00104083 -0.793163 0.793164 -1.57211
# x y Real Imaginary Modulus Phase <-> f = 0 s = 10
-0.0429804 -0.101256 0.895086 0.124924 0.903762 0.138671
-0.00191976 -0.109983 -0.353272 0.11822 0.372528 2.81867
0.0394205 -0.102694 0.0783948 -0.118229 0.141858 -0.985282
0.0750198 -0.0804489 0.00458251 0.055929 0.0561164 1.48904
0.0996939 -0.046488 -0.023295 -0.00838402 0.0247578 -2.79612
0.109849 -0.00575696 0.0325894 -0.00519147 0.0330003 -0.157972
0.104007 0.0358125 -0.0281332 -0.00650269 0.0288749 -2.91444
0.0830181 0.0721665 0.0116622 0.0139271 0.0181652 0.873678
0.049939 0.0980107 -0.00984683 0.00147825 0.00995718 2.99258
0.00958713 0.109581 0.0107246 0.00862665 0.0137636 0.677405
-0.0321609 0.105194 -0.0106487 -0.0448121 0.04606 -1.8041
-0.0692252 0.0854861 0.0288565 0.133502 0.136585 1.35792
-0.0962082 0.0533291 -0.0395593 -0.305279 0.307832 -1.69966
-0.10918 0.0134056 0.0470285 0.602391 0.604224 1.49288
-0.106252 -0.0284701 0.119527 -0.780708 0.789805 -1.41888
# x y Real Imaginary Modulus Phase <-> f = 0 s = 11
-0.000959919 -0.109996 0.774469 0.208354 0.802006 0.262806
0.0403151 -0.102346 -0.322781 0.0940154 0.336194 2.85817
0.075719 -0.0797912 0.0996331 -0.119657 0.155707 -0.876458
0.100096 -0.0456163 -0.00649037 0.0754384 0.0757171 1.65662
0.109895 -0.00479813 -0.00948807 -0.0361682 0.037392 -1.82735
0.103691 0.0367188 0.00510079 0.0160111 0.016804 1.26238
0.0823851 0.0728882 -0.0100123 -0.00358015 0.0106332 -2.79819
0.0490818 0.0984428 0.0109383 0.00695892 0.0129643 0.566612
0.0086305 0.109661 -0.00456844 -0.00106555 0.00469106 -2.91245
-0.0330776 0.104909 0.00419996 0.00843038 0.00941865 1.10859
-0.0699686 0.0848787 -0.00813526 -0.0418004 0.0425847 -1.76302
-0.0966699 0.0524875 0.0265459 0.106949 0.110195 1.3275
-0.109293 0.0124524 -0.0518146 -0.239301 0.244846 -1.78403
-0.105999 -0.0293962 0.0069152 0.430605 0.43066 1.55474
-0.0872689 -0.0669638 0.28739 -0.683434 0.741401 -1.17274
# x y Real Imaginary Modulus Phase <-> f = 0 s = 12
0.0412067 -0.10199 0.827173 0.198127 0.85057 0.235094
0.0764124 -0.0791274 -0.427055 0.103784 0.439485 2.90319
0.10049 -0.044741 0.173419 -0.154304 0.232129 -0.727138
0.109933 -0.00383894 -0.0725685 0.104412 0.127154 2.17817
0.103366 0.0376222 0.0361919 -0.0504592 0.0620966 -0.948586
0.0817459 0.0736044 -0.0167341 0.0141577 0.0219196 2.4394
0.0482208 0.0988673 0.00142983 -0.00372358 0.00398867 -1.20416
0.00767321 0.109732 0.00562102 0.00143573 0.00580148 0.250075
-0.0339919 0.104616 -0.00208775 0.000476241 0.00214138 2.91732
-0.0707066 0.0842649 0.0085761 0.00429689 0.00959233 0.464472
-0.0971242 0.0516419 -0.0259375 -0.0168761 0.0309444 -2.56476
-0.109397 0.0114981 0.0612151 0.0429092 0.0747562 0.611368
-0.105739 -0.0303201 -0.0844407 -0.112415 0.140597 -2.21503
-0.0866812 -0.0677228 0.0272055 0.285065 0.28636 1.47565
-0.055 -0.0952628 0.277736 -0.517707 0.587502 -1.0784
# x y Real Imaginary Modulus Phase <-> f = 0 s = 13
0.0771 -0.0784575 0.952011 0.0307644 0.952508 0.0323039
0.100877 -0.0438624 -0.578688 0.240281 0.62659 2.74804
0.109962 -0.00287946 0.337376 -0.226427 0.406315 -0.591094
0.103034 0.0385228 -0.184596 0.10693 0.21333 2.61656
0.0811005 0.0743149 0.0874938 -0.0293321 0.0922797 -0.323472
0.0473562 0.0992844 -0.0284196 -5.46921e-06 0.0284196 -3.1414
0.00671534 0.109795 0.00602112 -0.00268735 0.00659361 -0.419791
-0.0349035 0.104316 0.00452302 0.00451199 0.00638872 0.784177
-0.0714393 0.0836447 -0.00604938 0.0111628 0.0126966 2.06742
-0.0975712 0.0507923 0.00552497 -0.0120896 0.0132923 -1.14214
-0.109494 0.010543 -0.0239027 0.011119 0.0263623 2.70619
-0.10547 -0.0312417 0.049508 0.00216246 0.0495552 0.0436513
-0.0860869 -0.0684766 -0.0729086 -0.0706155 0.1015 -2.37217
-0.0541666 -0.0957391 0.024229 0.237383 0.238616 1.46908
-0.0143579 -0.109059 0.307781 -0.539273 0.620922 -1.05217
# x y Real Imaginary Modulus Phase <-> f = 0 s = 14
0.101256 -0.0429804 0.736171 -0.0863606 0.741219 -0.116777
0.109983 -0.00191976 -0.56788 0.450814 0.725067 2.47061
0.102694 0.0394205 0.415117 -0.307709 0.516728 -0.637883
0.0804489 0.0750198 -0.213065 0.127352 0.248224 2.60286
0.046488 0.0996939 0.0912409 -0.0444966 0.101513 -0.453746
0.00575696 0.109849 -0.0235632 0.0209741 0.0315458 2.41426
-0.0358125 0.104007 -0.000659177 -0.00964697 0.00966946 -1.63902
-0.0721665 0.0830181 0.00609842 0.0124203 0.0138367 1.11437
-0.0980107 0.049939 -0.0179611 0.0130861 0.0222227 2.51194
-0.109581 0.00958713 0.00635089 -0.0296511 0.0303236 -1.3598
-0.105194 -0.0321609 -0.00837365 0.0274682 0.0287162 1.8667
-0.0854861 -0.0692252 0.0372195 -0.00270417 0.0373176 -0.0725272
-0.0533291 -0.0962082 -0.0729368 -0.0805056 0.108632 -2.30691
-0.0134056 -0.10918 0.00133849 0.312071 0.312074 1.56651
0.0284701 -0.106252 0.312722 -0.732121 0.796113 -1.16711
# x y Real Imaginary Modulus Phase <-> f = 0 s = 15
0.109996 -0.000959919 0.660987 0.0197923 0.661283 0.0299346
0.102346 0.0403151 -0.527662 0.443797 0.68948 2.44231
0.0797912 0.075719 0.350359 -0.289295 0.45436 -0.690223
0.0456163 0.100096 -0.160632 0.136006 0.210477 2.43902
0.00479813 0.109895 0.0416758 -0.0546778 0.0687498 -0.919528
-0.0367188 0.103691 -0.00289506 0.0231353 0.0233157 1.69529
-0.0728882 0.0823851 -0.012644 -0.00352663 0.0131266 -2.86959
-0.0984428 0.0490818 0.00276092 0.00896183 0.00937747 1.27195
-0.109661 0.0086305 -0.0212232 0.0123835 0.0245718 2.6134
-0.104909 -0.0330776 0.00749971 -0.0383265 0.0390534 -1.37756
-0.0848787 -0.0699686 -0.00674565 0.0264635 0.0273098 1.82038
-0.0524875 -0.0966699 0.0517867 0.014362 0.0537413 0.27053
-0.0124524 -0.109293 -0.078441 -0.145497 0.165295 -2.06525
0.0293962 -0.105999 0.00334261 0.479245 0.479256 1.56382
0.0669638 -0.0872689 0.0691416 -0.781218 0.784272 -1.48252
