# x y Real Imaginary Modulus Phase <-> f = 0 s = 0
0.10199 0.0412067 0.720921 -0.0481533 0.722527 -0.0666951
0.0791274 0.0764124 -0.579522 0.334189 0.668975 2.61851
0.044741 0.10049 0.30439 -0.222684 0.377149 -0.631604
0.00383894 0.109933 -0.0993464 0.101229 0.141834 2.34681
-0.0376222 0.103366 0.0169671 -0.0460505 0.0490768 -1.21778
-0.0736044 0.0817459 0.000827205 0.0131768 0.0132027 1.5081
-0.0988673 0.0482208 -0.0220595 0.0036849 0.0223652 2.97608
-0.109732 0.00767321 0.000178898 0.00820156 0.00820351 1.54899
-0.104616 -0.0339919 -0.0207611 0.0120371 0.0239983 2.61616
-0.0842649 -0.0707066 0.016315 -0.0296978 0.0338842 -1.06844
-0.0516419 -0.0971242 -0.0271314 0.00597901 0.0277824 2.92469
-0.0114981 -0.109397 0.054111 0.0665882 0.085802 0.888407
0.0303201 -0.105739 -0.0459148 -0.281861 0.285576 -1.73228
0.0677228 -0.0866812 0.126808 0.651064 0.663298 1.37843
0.0952628 -0.055 -0.0282871 -0.633485 0.634116 -1.61542
# x y Real Imaginary Modulus Phase <-> f = 0 s = 1
0.0784575 0.0771 0.825403 -0.092504 0.83057 -0.111606
0.0438624 0.100877 -0.58739 0.260931 0.642738 2.72355
0.00287946 0.109962 0.24124 -0.164852 0.292186 -0.599465
-0.0385228 0.103034 -0.0604504 0.0968144 0.114137 2.12896
-0.0743149 0.0811005 0.00567614 -0.0415798 0.0419655 -1.43512
-0.0992844 0.0473562 0.000115597 0.0108891 0.0108897 1.56018
-0.109795 0.00671534 -0.0226544 0.00558656 0.023333 2.89982
-0.104316 -0.0349035 0.00310629 0.0123111 0.0126969 1.32364
-0.0836447 -0.0714393 -0.0210656 0.0100065 0.0233214 2.69813
-0.0507923 -0.0975712 0.0123671 -0.0064664 0.0139556 -0.481776
-0.010543 -0.109494 -0.0250389 -0.0341906 0.0423786 -2.20289
0.0312417 -0.10547 0.0106719 0.140848 0.141251 1.49517
0.0684766 -0.0860869 -0.0479023 -0.395131 0.398024 -1.69144
0.0957391 -0.0541666 0.189353 0.643802 0.67107 1.28475
0.109059 -0.0143579 0.0194962 -0.692 0.692275 -1.54263
# x y Real Imaginary Modulus Phase <-> f = 0 s = 2
0.0429804 0.101256 0.891088 -0.0795401 0.894631 -0.0890258
0.00191976 0.109983 -0.535171 0.17227 0.562214 2.83017
-0.0394205 0.102694 0.192555 -0.165315 0.253784 -0.709427
-0.0750198 0.0804489 -0.0432161 0.0932599 0.102786 2.00473
-0.0996939 0.046488 0.00372597 -0.0440053 0.0441628 -1.48633
-0.109849 0.00575696 0.00593929 0.0117834 0.0131956 1.10392
-0.104007 -0.0358125 -0.0145251 -0.000328098 0.0145288 -3.11901
-0.0830181 -0.0721665 0.00923356 0.0139563 0.0167343 0.986307
-0.049939 -0.0980107 -0.0107566 0.00686704 0.0127617 2.57341
-0.00958713 -0.109581 0.0059027 0.011405 0.0128419 1.0932
0.0321609 -0.105194 0.00971152 -0.053713 0.0545839 -1.39193
0.0692252 -0.0854861 0.00351449 0.178131 0.178166 1.55107
0.0962082 -0.0533291 -0.081272 -0.363705 0.372674 -1.79064
0.10918 -0.0134056 0.099403 0.578722 0.587197 1.40069
0.106252 0.0284701 0.0981901 -0.784261 0.790384 -1.44624
# x y Real Imaginary Modulus Phase <-> f = 0 s = 3
0.000959919 0.109996 0.920544 0.0203487 0.920769 0.0221015
-0.0403151 0.102346 -0.4891 0.179521 0.521005 2.78982
-0.075719 0.0797912 0.178697 -0.155534 0.236903 -0.716208
-0.100096 0.0456163 -0.0504203 0.0942079 0.106852 2.06221
-0.109895 0.00479813 0.003518 -0.0418077 0.0419555 -1.48685
-0.103691 -0.0367188 0.00373165 0.0182309 0.0186089 1.3689
-0.0823851 -0.0728882 -0.0068145 -0.00687034 0.00967673 -2.35211
-0.0490818 -0.0984428 0.00900316 0.00548163 0.0105406 0.546906
-0.0086305 -0.109661 -0.00429047 -0.00047113 0.00431626 -3.03222
0.0330776 -0.104909 -0.00302354 0.00921321 0.00969665 1.8879
0.0699686 -0.0848787 0.0100193 -0.0665964 0.0673459 -1.42147
0.0966699 -0.0524875 0.0338141 0.154346 0.158006 1.35512
0.109293 -0.0124524 -0.0717807 -0.292069 0.300761 -1.81179
0.105999 0.0293962 0.03626 0.531583 0.532818 1.50269
0.0872689 0.0669638 0.158242 -0.80425 0.81967 -1.37652
# x y Real Imaginary Modulus Phase <-> f = 0 s = 4
-0.0412067 0.10199 0.89855 0.00576888 0.898569 0.00642012
-0.0764124 0.0791274 -0.487632 0.159448 0.513038 2.82557
-0.10049 0.044741 0.207675 -0.159921 0.262114 -0.656213
-0.109933 0.00383894 -0.068764 0.0973115 0.119155 2.18596
-0.103366 -0.0376222 0.0241284 -0.0445033 0.0506234 -1.07398
-0.0817459 -0.0736044 -0.00876446 0.0148696 0.0172604 2.1034
-0.0482208 -0.0988673 -0.00153864 -0.00173804 0.00232125 -2.29541
-0.00767321 -0.109732 0.00940815 0.00094487 0.00945548 0.100095
0.0339919 -0.104616 -0.00390687 -0.00170909 0.00426434 -2.72922
0.0707066 -0.0842649 0.00577877 0.0177506 0.0186676 1.25606
0.0971242 -0.0516419 -0.0227804 -0.0407266 0.0466648 -2.08079
0.109397 -0.0114981 0.043057 0.0940691 0.103455 1.14154
0.105739 0.0303201 -0.0589299 -0.213081 0.22108 -1.84061
0.0866812 0.0677228 -0.00271314 0.443592 0.443601 1.57691
0.055 0.0952628 0.247258 -0.746163 0.786063 -1.25081
# x y Real Imaginary Modulus Phase <-> f = 0 s = 5
-0.0771 0.0784575 0.922586 -0.0149953 0.922708 -0.0162522
-0.100877 0.0438624 -0.569784 0.213297 0.608399 2.78339
-0.109962 0.00287946 0.272225 -0.200914 0.338339 -0.635805
-0.103034 -0.0385228 -0.13151 0.110253 0.171612 2.4439
-0.0811005 -0.0743149 0.0584315 -0.0358948 0.068576 -0.550872
-0.0473562 -0.0992844 -0.0123099 0.00549051 0.0134789 2.72205
-0.00671534 -0.109795 -0.00279061 -0.00271823 0.00389567 -2.36933
0.0349035 -0.104316 0.0104334 0.00614111 0.0121066 0.531996
0.0714393 -0.0836447 -0.0114079 -0.00285652 0.0117601 -2.89624
0.0975712 -0.0507923 0.0160834 0.00482432 0.0167914 0.291417
0.109494 -0.010543 -0.0269488 -0.0210802 0.0342142 -2.47778
0.10547 0.0312417 0.0539514 0.0637509 0.0835161 0.868463
0.0860869 0.0684766 -0.0751689 -0.175463 0.190887 -1.97554
0.0541666 0.0957391 0.021784 0.404622 0.405208 1.51701
0.0143579 0.109059 0.221531 -0.728263 0.761212 -1.2755
# x y Real Imaginary Modulus Phase <-> f = 0 s = 6
-0.101256 0.0429804 0.860017 -0.058662 0.862015 -0.0681048
-0.109983 0.00191976 -0.565154 0.304684 0.642053 2.64714
-0.102694 -0.0394205 0.332159 -0.231124 0.404658 -0.607917
-0.0804489 -0.0750198 -0.152405 0.101535 0.18313 2.5539
-0.046488 -0.0996939 0.0512906 -0.0332821 0.0611427 -0.575596
-0.00575696 -0.109849 -0.000534683 0.0139029 0.0139132 1.60924
0.0358125 -0.104007 -0.0141641 -0.000307746 0.0141674 -3.11987
0.0721665 -0.0830181 0.011566 0.0148332 0.0188095 0.908532
0.0980107 -0.049939 -0.0177308 0.00930736 0.0200251 2.6582
0.109581 -0.00958713 0.00723549 -0.00212807 0.00754195 -0.286049
0.105194 0.0321609 -0.0288361 -0.0127023 0.0315098 -2.72667
0.0854861 0.0692252 0.0575549 0.0514531 0.077201 0.729481
0.0533291 0.0962082 -0.0756648 -0.157112 0.174383 -2.01961
0.0134056 0.10918 0.0140003 0.393405 0.393654 1.53522
-0.0284701 0.106252 0.251292 -0.756478 0.797124 -1.25008
# x y Real Imaginary Modulus Phase <-> f = 0 s = 7
-0.109996 0.000959919 0.767233 -0.090803 0.772588 -0.117803
-0.102346 -0.0403151 -0.627556 0.360495 0.723729 2.62018
-0.0797912 -0.075719 0.354041 -0.199536 0.406398 -0.513221
-0.0456163 -0.100096 -0.124138 0.0888092 0.152635 2.5206
-0.00479813 -0.109895 0.0104268 -0.0419582 0.0432344 -1.32723
0.0367188 -0.103691 0.0123585 0.00633639 0.0138882 0.473766
0.0728882 -0.0823851 -0.0274451 -0.00453868 0.0278179 -2.9777
0.0984428 -0.0490818 0.00635578 0.00985889 0.01173 0.998173
0.109661 -0.0086305 -0.0215163 0.0150033 0.0262307 2.53268
0.104909 0.0330776 0.00202574 -0.00319975 0.00378709 -1.0064
0.0848787 0.0699686 -0.028494 -0.0133822 0.03148 -2.70252
0.0524875 0.0966699 0.0547613 0.0521103 0.0755929 0.760598
0.0124524 0.109293 -0.0701326 -0.177806 0.191137 -1.94649
-0.0293962 0.105999 -0.00155963 0.470209 0.470211 1.57411
-0.0669638 0.0872689 0.158855 -0.786586 0.802467 -1.37152
# x y Real Imaginary Modulus Phase <-> f = 0 s = 8
-0.10199 -0.0412067 0.720786 -0.16337 0.739069 -0.222889
-0.0791274 -0.0764124 -0.630693 0.32199 0.708133 2.66955
-0.044741 -0.10049 0.265028 -0.171474 0.315663 -0.574265
-0.00383894 -0.109933 -0.0300321 0.0927464 0.0974876 1.88395
0.0376222 -0.103366 -0.0224432 -0.0292234 0.036847 -2.22571
0.0736044 -0.0817459 0.0319398 -0.00314508 0.0320942 -0.0981527
0.0988673 -0.0482208 -0.0330995 -0.0058665 0.0336154 -2.96618
0.109732 -0.00767321 0.00411878 0.00624461 0.0074806 0.98772
0.104616 0.0339919 -0.0221924 0.0165693 0.0276956 2.50026
0.0842649 0.0707066 0.00888724 -0.00397479 0.00973561 -0.420562
0.0516419 0.0971242 -0.0308241 -0.0102059 0.0324697 -2.82185
0.0114981 0.109397 0.053664 0.0663633 0.0853458 0.89081
-0.0303201 0.105739 -0.0649662 -0.236848 0.245596 -1.83851
-0.0677228 0.0866812 0.0706993 0.532835 0.537505 1.43888
-0.0952628 0.055 0.0679592 -0.759661 0.762694 -1.48157
# x y Real Imaginary Modulus Phase <-> f = 0 s = 9
-0.0784575 -0.0771 0.872713 -0.0612043 0.874856 -0.0700164
-0.0438624 -0.100877 -0.509613 0.145962 0.530103 2.86264
-0.00287946 -0.109962 0.11609 -0.134534 0.177697 -0.858859
0.0385228 -0.103034 0.0144504 0.0632037 0.0648346 1.34603
0.0743149 -0.0811005 -0.0304988 -0.00946592 0.031934 -2.84065
0.0992844 -0.0473562 0.0387396 -0.0110298 0.0402792 -0.277376
0.109795 -0.00671534 -0.0298331 -0.00617739 0.030466 -2.93741
0.104316 0.0349035 0.00548269 0.0118437 0.0130512 1.13725
0.0836447 0.0714393 -0.0159981 0.0119974 0.0199969 2.49814
0.0507923 0.0975712 0.0146859 0.000647744 0.0147001 0.0440781
0.010543 0.109494 -0.0271954 -0.0243136 0.0364793 -2.41208
-0.0312417 0.10547 0.0356862 0.112262 0.117798 1.26302
-0.0684766 0.0860869 -0.0652458 -0.30236 0.30932 -1.78333
-0.0957391 0.0541666 0.0714444 0.608192 0.612374 1.45386
-0.109059 0.0143579 -0.00731979 -0.807115 0.807148 -1.57987
# x y Real Imaginary Modulus Phase <-> f = 0 s = 10
-0.0429804 -0.101256 0.900946 0.143253 0.912263 0.157683
-0.00191976 -0.109983 -0.351723 0.11023 0.368592 2.83789
0.0394205 -0.102694 0.0762166 -0.114728 0.137737 -0.984418
0.0750198 -0.0804489 0.00936908 0.0543931 0.0551941 1.40022
0.0996939 -0.046488 -0.0282149 -0.0109819 0.0302768 -2.77041
0.109849 -0.00575696 0.0335163 -2.28854e-05 0.0335163 -0.000682814
0.104007 0.0358125 -0.0252838 -0.00960232 0.0270458 -2.77864
0.0830181 0.0721665 0.00936949 0.0160419 0.0185777 1.04218
0.049939 0.0980107 -0.0091501 0.00145761 0.00926547 2.98362
0.00958713 0.109581 0.00829172 0.0076957 0.0113127 0.748135
-0.0321609 0.105194 -0.00674781 -0.0410478 0.0415988 -1.73373
-0.0692252 0.0854861 0.0236879 0.131793 0.133905 1.39296
-0.0962082 0.0533291 -0.0328975 -0.304467 0.306239 -1.67843
-0.10918 0.0134056 0.0359102 0.604748 0.605814 1.51149
-0.106252 -0.0284701 0.127029 -0.790635 0.800774 -1.41149
# x y Real Imaginary Modulus Phase <-> f = 0 s = 11
-0.000959919 -0.109996 0.767693 0.22518 0.800036 0.285317
0.0403151 -0.102346 -0.318994 0.0895197 0.331317 2.868
0.075719 -0.0797912 0.0963408 -0.11587 0.15069 -0.877167
0.100096 -0.0456163 -0.00501142 0.0762837 0.0764481 1.6364
0.109895 -0.00479813 -0.0102655 -0.0377275 0.0390992 -1.83646
0.103691 0.0367188 0.00487936 0.0169397 0.0176284 1.29034
0.0823851 0.0728882 -0.00865169 -0.00442217 0.00971634 -2.66908
0.0490818 0.0984428 0.00865718 0.00766685 0.0115641 0.724806
0.0086305 0.109661 -0.00386612 -0.000153244 0.00386915 -3.10198
-0.0330776 0.104909 0.0043048 0.00705066 0.00826094 1.02265
-0.0699686 0.0848787 -0.0049177 -0.0392039 0.0395111 -1.69558
-0.0966699 0.0524875 0.0218365 0.104668 0.106922 1.36512
-0.109293 0.0124524 -0.0452104 -0.234846 0.239158 -1.76098
-0.105999 -0.0293962 -0.00362149 0.4252 0.425215 1.57931
-0.0872689 -0.0669638 0.306003 -0.679347 0.745084 -1.14758
# x y Real Imaginary Modulus Phase <-> f = 0 s = 12
0.0412067 -0.10199 0.826134 0.208106 0.851943 0.246769
0.0764124 -0.0791274 -0.425322 0.100411 0.437014 2.90975
0.10049 -0.044741 0.177099 -0.155079 0.235401 -0.719205
0.109933 -0.00383894 -0.0754064 0.102168 0.126982 2.20661
0.103366 0.0376222 0.0370571 -0.0491044 0.0615181 -0.92432
0.0817459 0.0736044 -0.0162417 0.0138711 0.0213588 2.43475
0.0482208 0.0988673 0.00191308 -0.00310857 0.00365008 -1.01912
0.00767321 0.109732 0.00563284 0.00196631 0.00596618 0.335854
-0.0339919 0.104616 -0.00160541 0.000781376 0.00178547 2.68863
-0.0707066 0.0842649 0.00847622 0.00388752 0.00932518 0.430014
-0.0971242 0.0516419 -0.0252429 -0.0165234 0.0301699 -2.56201
-0.109397 0.0114981 0.0598937 0.0433916 0.07396 0.626965
-0.105739 -0.0303201 -0.0828314 -0.110055 0.137743 -2.21598
-0.0866812 -0.0677228 0.0198089 0.2809 0.281598 1.50039
-0.055 -0.0952628 0.287379 -0.50571 0.58166 -1.05404
# x y Real Imaginary Modulus Phase <-> f = 0 s = 13
0.0771 -0.0784575 0.955815 0.0334061 0.956399 0.0349361
0.100877 -0.0438624 -0.584321 0.239153 0.631367 2.75311
0.109962 -0.00287946 0.34185 -0.219408 0.406204 -0.570607
0.103034 0.0385228 -0.18432 0.101926 0.210625 2.63646
0.0811005 0.0743149 0.0857127 -0.0259063 0.0895422 -0.293516
0.0473562 0.0992844 -0.0261572 -0.00279751 0.0263064 -3.03505
0.00671534 0.109795 0.00462528 -0.00243976 0.00522931 -0.485392
-0.0349035 0.104316 0.00396973 0.00467072 0.0061298 0.86635
-0.0714393 0.0836447 -0.00720332 0.0102656 0.0125407 2.18266
-0.0975712 0.0507923 0.00739285 -0.0126191 0.0146252 -1.04085
-0.109494 0.010543 -0.0261323 0.0105966 0.0281991 2.75635
-0.10547 -0.0312417 0.0524063 -0.00025853 0.0524069 -0.00493314
-0.0860869 -0.0684766 -0.0710011 -0.0665872 0.0973396 -2.38826
-0.0541666 -0.0957391 0.0214632 0.232637 0.233625 1.4788
-0.0143579 -0.109059 0.31295 -0.530319 0.615773 -1.03768
# x y Real Imaginary Modulus Phase <-> f = 0 s = 14
0.101256 -0.0429804 0.737455 -0.0984664 0.744 -0.132737
0.109983 -0.00191976 -0.581914 0.455553 0.739022 2.4774
0.102694 0.0394205 0.422887 -0.299392 0.51814 -0.616056
0.0804489 0.0750198 -0.213649 0.120323 0.2452 2.62869
0.046488 0.0996939 0.0924819 -0.0397647 0.100668 -0.406076
0.00575696 0.109849 -0.021274 0.0174862 0.0275382 2.45361
-0.0358125 0.104007 -0.00149794 -0.00990736 0.01002 -1.72085
-0.0721665 0.0830181 0.00554226 0.0135288 0.0146201 1.18199
-0.0980107 0.049939 -0.017849 0.0116455 0.021312 2.5635
-0.109581 0.00958713 0.0101839 -0.0289704 0.0307082 -1.23276
-0.105194 -0.0321609 -0.0130784 0.0292197 0.0320131 1.99164
-0.0854861 -0.0692252 0.0401919 -0.00749876 0.0408854 -0.184453
-0.0533291 -0.0962082 -0.0724529 -0.0759781 0.104986 -2.33245
-0.0134056 -0.10918 -0.00145221 0.308249 0.308253 1.57551
0.0284701 -0.106252 0.31681 -0.729471 0.795297 -1.16107
# x y Real Imaginary Modulus Phase <-> f = 0 s = 15
0.109996 -0.000959919 0.646857 0.0142701 0.647014 0.0220571
0.102346 0.0403151 -0.539494 0.448603 0.70164 2.44792
0.0797912 0.075719 0.358794 -0.280824 0.455626 -0.664096
0.0456163 0.100096 -0.160995 0.128971 0.206284 2.46619
0.00479813 0.109895 0.0415381 -0.048601 0.0639333 -0.863594
-0.0367188 0.103691 -0.00131781 0.0202001 0.020243 1.63594
-0.0728882 0.0823851 -0.0137534 -0.00369094 0.01424 -2.8794
-0.0984428 0.0490818 0.00296392 0.0119333 0.0122959 1.32735
-0.109661 0.0086305 -0.0220787 0.0109718 0.0246546 2.6804
-0.104909 -0.0330776 0.0121118 -0.0372459 0.0391658 -1.2564
-0.0848787 -0.0699686 -0.0133237 0.028756 0.0316928 2.00469
-0.0524875 -0.0966699 0.0534339 0.0134847 0.0551091 0.247201
-0.0124524 -0.109293 -0.075621 -0.147716 0.165948 -2.04395
0.0293962 -0.105999 0.000405924 0.48053 0.48053 1.56995
0.0669638 -0.0872689 0.0664513 -0.788865 0.791659 -1.48676
