# x y Real Imaginary Modulus Phase <-> f = 0 s = 0
0.10199 0.0412067 0.732547 -0.0372597 0.733494 -0.0508194
0.0791274 0.0764124 -0.573349 0.330464 0.661766 2.61873
0.044741 0.10049 0.295778 -0.224147 0.371115 -0.64849
0.00383894 0.109933 -0.0951071 0.105353 0.141932 2.30513
-0.0376222 0.103366 0.0147045 -0.0487884 0.0509562 -1.27806
-0.0736044 0.0817459 0.00407805 0.0118186 0.0125024 1.23854
-0.0988673 0.0482208 -0.0201577 0.00350387 0.02046 2.96949
-0.109732 0.00767321 -0.000174243 0.00668285 0.00668512 1.59686
-0.104616 -0.0339919 -0.0165431 0.0187122 0.0249764 2.29475
-0.0842649 -0.0707066 0.00308886 -0.0369548 0.0370837 -1.48741
-0.0516419 -0.0971242 -0.0176566 0.00315222 0.0179358 2.96492
-0.0114981 -0.109397 0.0535753 0.0651373 0.0843397 0.882486
0.0303201 -0.105739 -0.0465529 -0.281773 0.285592 -1.73453
0.0677228 -0.0866812 0.124839 0.645689 0.657647 1.37981
0.0952628 -0.055 -0.0159523 -0.638894 0.639093 -1.59576
# x y Real Imaginary Modulus Phase <-> f = 0 s = 1
0.0784575 0.0771 0.819581 -0.0857995 0.82406 -0.104307
0.0438624 0.100877 -0.578829 0.26531 0.636736 2.71181
0.00287946 0.109962 0.235633 -0.170523 0.290862 -0.626443
-0.0385228 0.103034 -0.0578713 0.101338 0.116698 2.08968
-0.0743149 0.0811005 0.00354696 -0.0442636 0.0444055 -1.49083
-0.0992844 0.0473562 0.00615511 0.00954389 0.0113565 0.997996
-0.109795 0.00671534 -0.0204797 0.00633152 0.0214361 2.84175
-0.104316 -0.0349035 0.00352025 0.00965704 0.0102786 1.22124
-0.0836447 -0.0714393 -0.0183914 0.0163071 0.0245797 2.41619
-0.0507923 -0.0975712 0.00293366 -0.00889973 0.00937078 -1.25238
-0.010543 -0.109494 -0.0245438 -0.0315046 0.0399367 -2.23264
0.0312417 -0.10547 0.0113007 0.141163 0.141615 1.49091
0.0684766 -0.0860869 -0.0508192 -0.393871 0.397136 -1.69911
0.0957391 -0.0541666 0.190158 0.634043 0.661945 1.27942
0.109059 -0.0143579 0.0336563 -0.685761 0.686586 -1.52176
# x y Real Imaginary Modulus Phase <-> f = 0 s = 2
0.0429804 0.101256 0.882516 -0.0780159 0.885958 -0.0881725
0.00191976 0.109983 -0.527396 0.179581 0.557132 2.8134
-0.0394205 0.102694 0.188247 -0.172286 0.255185 -0.741157
-0.0750198 0.0804489 -0.0409666 0.0948255 0.103296 1.9786
-0.0996939 0.046488 0.00553059 -0.043817 0.0441646 -1.44524
-0.109849 0.00575696 0.0101486 0.0128846 0.0164015 0.903628
-0.104007 -0.0358125 -0.0133692 0.000102525 0.0133696 3.13392
-0.0830181 -0.0721665 0.0114471 0.0112431 0.016045 0.776407
-0.049939 -0.0980107 -0.00739215 0.0117431 0.013876 2.13262
-0.00958713 -0.109581 0.00431266 0.010907 0.0117286 1.19426
0.0321609 -0.105194 0.00847295 -0.0553011 0.0559465 -1.41876
0.0692252 -0.0854861 0.00674305 0.17466 0.17479 1.53221
0.0962082 -0.0533291 -0.0845997 -0.36106 0.370839 -1.80095
0.10918 -0.0134056 0.100953 0.570748 0.579607 1.39573
0.106252 0.0284701 0.0992976 -0.777844 0.784157 -1.44383
# x y Real Imaginary Modulus Phase <-> f = 0 s = 3
0.000959919 0.109996 0.907843 0.0125513 0.90793 0.0138245
-0.0403151 0.102346 -0.484295 0.191461 0.520768 2.76511
-0.075719 0.0797912 0.176356 -0.163356 0.240389 -0.74715
-0.100096 0.0456163 -0.0472115 0.0994048 0.110047 2.0142
-0.109895 0.00479813 0.00168576 -0.0430338 0.0430668 -1.53164
-0.103691 -0.0367188 0.00525918 0.021087 0.021733 1.32638
-0.0823851 -0.0728882 -0.00664503 -0.00606852 0.00899908 -2.40151
-0.0490818 -0.0984428 0.0116161 0.00367588 0.0121838 0.306477
-0.0086305 -0.109661 -0.0040977 0.00175554 0.00445792 2.73683
0.0330776 -0.104909 -0.00582511 0.0100892 0.0116501 2.0944
0.0699686 -0.0848787 0.00470796 -0.0689136 0.0690743 -1.50259
0.0966699 -0.0524875 0.0401267 0.154501 0.159627 1.31669
0.109293 -0.0124524 -0.0795228 -0.285674 0.296536 -1.84229
0.105999 0.0293962 0.0417892 0.527271 0.528924 1.49171
0.0872689 0.0669638 0.154581 -0.795021 0.809909 -1.37876
# x y Real Imaginary Modulus Phase <-> f = 0 s = 4
-0.0412067 0.10199 0.885651 -0.00727564 0.885681 -0.00821484
-0.0764124 0.0791274 -0.479145 0.171897 0.509047 2.79714
-0.10049 0.044741 0.198446 -0.166504 0.259045 -0.698096
-0.109933 0.00383894 -0.0650427 0.102126 0.12108 2.1379
-0.103366 -0.0376222 0.0222329 -0.0478657 0.0527772 -1.13596
-0.0817459 -0.0736044 -0.00859459 0.0177781 0.0197466 2.02111
-0.0482208 -0.0988673 -0.000458492 -0.00145511 0.00152563 -1.87604
-0.00767321 -0.109732 0.0104968 -0.00125245 0.0105713 -0.118756
0.0339919 -0.104616 -0.00462752 -0.00139882 0.00483432 -2.84804
0.0707066 -0.0842649 0.00677065 0.0192139 0.0203719 1.232
0.0971242 -0.0516419 -0.0264747 -0.0419569 0.0496114 -2.1337
0.109397 -0.0114981 0.0484976 0.0921472 0.10413 1.08633
0.105739 0.0303201 -0.0651809 -0.210673 0.220526 -1.87085
0.0866812 0.0677228 0.00589907 0.440152 0.440192 1.55739
0.055 0.0952628 0.235502 -0.740696 0.777234 -1.26296
# x y Real Imaginary Modulus Phase <-> f = 0 s = 5
-0.0771 0.0784575 0.911467 -0.019345 0.911672 -0.0212208
-0.100877 0.0438624 -0.55605 0.215003 0.59617 2.77264
-0.109962 0.00287946 0.267118 -0.207919 0.338501 -0.661418
-0.103034 -0.0385228 -0.128369 0.114593 0.172076 2.41284
-0.0811005 -0.0743149 0.0557786 -0.0420356 0.0698444 -0.645811
-0.0473562 -0.0992844 -0.0166648 0.00834961 0.0186396 2.67712
-0.00671534 -0.109795 -0.00171917 -0.00223722 0.00282147 -2.226
0.0349035 -0.104316 0.0134664 0.00478273 0.0142905 0.341264
0.0714393 -0.0836447 -0.0132657 -0.00310627 0.0136245 -2.91158
0.0975712 -0.0507923 0.0181598 0.00484172 0.0187942 0.260556
0.109494 -0.010543 -0.0297001 -0.0204108 0.0360374 -2.53949
0.10547 0.0312417 0.0574707 0.0627596 0.0850979 0.82936
0.0860869 0.0684766 -0.0823827 -0.174373 0.192855 -2.01216
0.0541666 0.0957391 0.0326318 0.404785 0.406098 1.49036
0.0143579 0.109059 0.204828 -0.727336 0.755628 -1.29629
# x y Real Imaginary Modulus Phase <-> f = 0 s = 6
-0.101256 0.0429804 0.849558 -0.0474453 0.850882 -0.0557891
-0.109983 0.00191976 -0.558413 0.309137 0.638272 2.63599
-0.102694 -0.0394205 0.329022 -0.235689 0.404728 -0.621604
-0.0804489 -0.0750198 -0.147474 0.10262 0.179665 2.53366
-0.046488 -0.0996939 0.0488246 -0.039867 0.0630335 -0.684743
-0.00575696 -0.109849 0.000117392 0.0137679 0.0137684 1.56227
0.0358125 -0.104007 -0.0108641 0.0056377 0.0122398 2.66292
0.0721665 -0.0830181 0.017278 0.0132747 0.0217887 0.655111
0.0980107 -0.049939 -0.0183693 0.00959191 0.0207228 2.66037
0.109581 -0.00958713 0.0107935 -0.00531584 0.0120315 -0.457633
0.105194 0.0321609 -0.0293635 -0.0129675 0.0320994 -2.72573
0.0854861 0.0692252 0.0603142 0.0487269 0.0775378 0.67953
0.0533291 0.0962082 -0.0811439 -0.157318 0.177012 -2.047
0.0134056 0.10918 0.0267179 0.393626 0.394532 1.50302
-0.0284701 0.106252 0.240431 -0.750411 0.787987 -1.26073
# x y Real Imaginary Modulus Phase <-> f = 0 s = 7
-0.109996 0.000959919 0.766276 -0.0806762 0.770511 -0.104897
-0.102346 -0.0403151 -0.618235 0.358083 0.714449 2.61661
-0.0797912 -0.075719 0.352058 -0.201022 0.405407 -0.518816
-0.0456163 -0.100096 -0.121683 0.0898498 0.15126 2.50556
-0.00479813 -0.109895 0.00793336 -0.0379838 0.0388034 -1.36489
0.0367188 -0.103691 0.00979818 0.00306139 0.0102653 0.302834
0.0728882 -0.0823851 -0.028629 0.00668536 0.0293993 2.91219
0.0984428 -0.0490818 0.00913375 0.00926599 0.0130109 0.792585
0.109661 -0.0086305 -0.0212744 0.0165084 0.0269282 2.48167
0.104909 0.0330776 0.00723723 -0.00596331 0.00937756 -0.689191
0.0848787 0.0699686 -0.0250169 -0.0111453 0.0273873 -2.72248
0.0524875 0.0966699 0.0591301 0.0523835 0.0789962 0.724972
0.0124524 0.109293 -0.079879 -0.174365 0.191791 -2.00038
-0.0293962 0.105999 0.00838636 0.461261 0.461337 1.55262
-0.0669638 0.0872689 0.159 -0.772666 0.788856 -1.36785
# x y Real Imaginary Modulus Phase <-> f = 0 s = 8
-0.10199 -0.0412067 0.729635 -0.151784 0.745255 -0.205102
-0.0791274 -0.0764124 -0.624619 0.318852 0.701296 2.6696
-0.044741 -0.10049 0.263624 -0.177277 0.317686 -0.592003
-0.00383894 -0.109933 -0.0290846 0.0876735 0.0923718 1.89111
0.0376222 -0.103366 -0.0161198 -0.0191494 0.0250309 -2.2705
0.0736044 -0.0817459 0.0278054 -0.0146953 0.0314499 -0.486192
0.0988673 -0.0482208 -0.0361581 0.0062238 0.0366898 2.97114
0.109732 -0.00767321 0.00632607 0.00417595 0.00758009 0.583454
0.104616 0.0339919 -0.0217128 0.0184537 0.0284953 2.43716
0.0842649 0.0707066 0.01297 -0.00494875 0.013882 -0.364504
0.0516419 0.0971242 -0.0321409 -0.00780447 0.0330748 -2.90338
0.0114981 0.109397 0.0587086 0.0650482 0.087624 0.83658
-0.0303201 0.105739 -0.0718091 -0.235662 0.24636 -1.86657
-0.0677228 0.0866812 0.0767709 0.528456 0.534003 1.42653
-0.0952628 0.055 0.0693561 -0.747973 0.751181 -1.47834
# x y Real Imaginary Modulus Phase <-> f = 0 s = 9
-0.0784575 -0.0771 0.871272 -0.0605904 0.873376 -0.0694307
-0.0438624 -0.100877 -0.509183 0.152803 0.531616 2.85005
-0.00287946 -0.109962 0.117534 -0.129926 0.1752 -0.835433
0.0385228 -0.103034 0.00663699 0.0577634 0.0581435 1.4564
0.0743149 -0.0811005 -0.0160212 0.000978224 0.0160511 3.08061
0.0992844 -0.0473562 0.0341346 -0.0280601 0.0441876 -0.688039
0.109795 -0.00671534 -0.0325153 0.00414598 0.0327786 3.01477
0.104316 0.0349035 0.00864309 0.00884864 0.0123694 0.797149
0.0836447 0.0714393 -0.0160874 0.0128493 0.0205891 2.46763
0.0507923 0.0975712 0.0174273 0.00150991 0.0174926 0.0864243
0.010543 0.109494 -0.030862 -0.0234683 0.0387714 -2.49145
-0.0312417 0.10547 0.0411537 0.111482 0.118835 1.21716
-0.0684766 0.0860869 -0.069614 -0.301149 0.30909 -1.79797
-0.0957391 0.0541666 0.0771449 0.601272 0.6062 1.44319
-0.109059 0.0143579 0.00362275 -0.798542 0.79855 -1.56626
# x y Real Imaginary Modulus Phase <-> f = 0 s = 10
-0.0429804 -0.101256 0.893645 0.137429 0.90415 0.152589
-0.00191976 -0.109983 -0.346919 0.111392 0.364364 2.8309
0.0394205 -0.102694 0.0812594 -0.113016 0.139197 -0.947429
0.0750198 -0.0804489 -0.00276831 0.05227 0.0523433 1.62371
0.0996939 -0.046488 -0.0118858 -0.00340904 0.012365 -2.86228
0.109849 -0.00575696 0.0293276 -0.0181529 0.0344911 -0.554249
0.104007 0.0358125 -0.0304513 -0.000949889 0.0304662 -3.11041
0.0830181 0.0721665 0.0144867 0.0136054 0.0198739 0.754038
0.049939 0.0980107 -0.00984388 0.00202808 0.0100506 2.93841
0.00958713 0.109581 0.0103835 0.00910177 0.013808 0.719711
-0.0321609 0.105194 -0.0120619 -0.0425704 0.0442462 -1.8469
-0.0692252 0.0854861 0.0287878 0.127067 0.130287 1.348
-0.0962082 0.0533291 -0.0340045 -0.301145 0.303059 -1.68324
-0.10918 0.0134056 0.0395912 0.598638 0.599946 1.50476
-0.106252 -0.0284701 0.127877 -0.78875 0.799049 -1.41007
# x y Real Imaginary Modulus Phase <-> f = 0 s = 11
-0.000959919 -0.109996 0.767798 0.215548 0.79748 0.273691
0.0403151 -0.102346 -0.31985 0.0859482 0.331197 2.87908
0.075719 -0.0797912 0.100439 -0.115319 0.152926 -0.854254
0.100096 -0.0456163 -0.00925756 0.0697768 0.0703882 1.7027
0.109895 -0.00479813 -0.00696357 -0.0312132 0.0319806 -1.7903
0.103691 0.0367188 0.00258023 0.0111305 0.0114256 1.343
0.0823851 0.0728882 -0.0110004 0.00156187 0.0111107 3.00055
0.0490818 0.0984428 0.0137862 0.00616373 0.0151013 0.420436
0.0086305 0.109661 -0.00368455 -0.000215516 0.00369085 -3.08317
-0.0330776 0.104909 0.00354491 0.00949591 0.010136 1.21351
-0.0699686 0.0848787 -0.0111792 -0.0424002 0.0438492 -1.82859
-0.0966699 0.0524875 0.0250032 0.102486 0.105492 1.3315
-0.109293 0.0124524 -0.0478719 -0.237611 0.242386 -1.76961
-0.105999 -0.0293962 0.000898595 0.426566 0.426567 1.56869
-0.0872689 -0.0669638 0.293336 -0.678068 0.738798 -1.1625
# x y Real Imaginary Modulus Phase <-> f = 0 s = 12
0.0412067 -0.10199 0.820993 0.207978 0.846927 0.248106
0.0764124 -0.0791274 -0.425187 0.0961309 0.435918 2.91924
0.10049 -0.044741 0.169324 -0.146371 0.223819 -0.71282
0.109933 -0.00383894 -0.0691753 0.0996314 0.121292 2.17769
0.103366 0.0376222 0.0331855 -0.0474157 0.0578751 -0.960147
0.0817459 0.0736044 -0.0151676 0.0136642 0.0204149 2.40829
0.0482208 0.0988673 -5.75113e-05 -0.00121732 0.00121868 -1.61801
0.00767321 0.109732 0.00627753 0.000741023 0.00632112 0.1175
-0.0339919 0.104616 0.000587775 0.000265242 0.000644851 0.423905
-0.0707066 0.0842649 0.00846152 0.00402448 0.00936983 0.443956
-0.0971242 0.0516419 -0.0237509 -0.0127391 0.0269516 -2.64928
-0.109397 0.0114981 0.0553356 0.0410014 0.0688705 0.63769
-0.105739 -0.0303201 -0.07798 -0.107647 0.132924 -2.19771
-0.0866812 -0.0677228 0.0238716 0.280248 0.281263 1.48582
-0.055 -0.0952628 0.28286 -0.510001 0.58319 -1.06441
# x y Real Imaginary Modulus Phase <-> f = 0 s = 13
0.0771 -0.0784575 0.959011 0.0365081 0.959706 0.0380501
0.100877 -0.0438624 -0.581706 0.234768 0.627295 2.758
0.109962 -0.00287946 0.33616 -0.221705 0.402687 -0.583041
0.103034 0.0385228 -0.182157 0.104881 0.210193 2.61918
0.0811005 0.0743149 0.0854406 -0.0300524 0.0905717 -0.338219
0.0473562 0.0992844 -0.0309272 -0.00151262 0.0309642 -3.09272
0.00671534 0.109795 0.00500891 -0.00251136 0.00560322 -0.464749
-0.0349035 0.104316 0.00363671 0.00418248 0.00554246 0.855083
-0.0714393 0.0836447 0.000459187 0.0135735 0.0135813 1.53698
-0.0975712 0.0507923 0.000847587 -0.0107536 0.010787 -1.49214
-0.109494 0.010543 -0.016006 0.0118862 0.0199368 2.50284
-0.10547 -0.0312417 0.0433808 0.00604744 0.0438003 0.138511
-0.0860869 -0.0684766 -0.0653048 -0.0724837 0.0975633 -2.30414
-0.0541666 -0.0957391 0.0181992 0.232916 0.233626 1.49282
-0.0143579 -0.109059 0.312608 -0.531874 0.616939 -1.03943
# x y Real Imaginary Modulus Phase <-> f = 0 s = 14
0.101256 -0.0429804 0.743873 -0.098959 0.750427 -0.132255
0.109983 -0.00191976 -0.577987 0.450743 0.732965 2.47926
0.102694 0.0394205 0.417597 -0.303576 0.516281 -0.628592
0.0804489 0.0750198 -0.210797 0.121568 0.24334 2.61848
0.046488 0.0996939 0.090882 -0.0453336 0.101561 -0.462701
0.00575696 0.109849 -0.0224022 0.0202039 0.0301671 2.40774
-0.0358125 0.104007 -0.00196695 -0.010712 0.0108911 -1.75239
-0.0721665 0.0830181 0.00728042 0.0116994 0.0137797 1.01415
-0.0980107 0.049939 -0.0125799 0.0195819 0.0232745 2.14183
-0.109581 0.00958713 -0.00147481 -0.0302803 0.0303162 -1.61946
-0.105194 -0.0321609 0.00448661 0.024052 0.0244669 1.38638
-0.0854861 -0.0692252 0.0301451 0.0038892 0.0303949 0.128307
-0.0533291 -0.0962082 -0.0679566 -0.0826079 0.106968 -2.25919
-0.0134056 -0.10918 -0.00435094 0.307763 0.307794 1.58493
0.0284701 -0.106252 0.321856 -0.731828 0.799477 -1.15646
# x y Real Imaginary Modulus Phase <-> f = 0 s = 15
0.109996 -0.000959919 0.659932 0.0104385 0.660015 0.0158162
0.102346 0.0403151 -0.531759 0.442083 0.691524 2.44802
0.0797912 0.075719 0.354148 -0.283526 0.453661 -0.675098
0.0456163 0.100096 -0.157067 0.135906 0.207703 2.4283
0.00479813 0.109895 0.0405112 -0.0535622 0.067157 -0.923251
-0.0367188 0.103691 -0.000727714 0.0225852 0.0225969 1.60301
-0.0728882 0.0823851 -0.0131973 -0.0048927 0.0140751 -2.78657
-0.0984428 0.0490818 0.00299339 0.0114226 0.0118083 1.3145
-0.109661 0.0086305 -0.0184661 0.0189277 0.0264434 2.34385
-0.104909 -0.0330776 -0.00111817 -0.041396 0.0414111 -1.5978
-0.0848787 -0.0699686 0.0068648 0.0203665 0.0214923 1.24569
-0.0524875 -0.0966699 0.0471132 0.0154862 0.0495931 0.317578
-0.0124524 -0.109293 -0.0765384 -0.141637 0.160994 -2.06623
0.0293962 -0.105999 -0.00367594 0.479359 0.479373 1.57846
0.0669638 -0.0872689 0.0742323 -0.793417 0.796882 -1.47751
