# x y Real Imaginary Modulus Phase <-> f = 0 s = 0
0.10199 0.0412067 0.733371 -0.0275836 0.733889 -0.0375944
0.0791274 0.0764124 -0.5709 0.324156 0.656509 2.62519
0.044741 0.10049 0.29963 -0.225902 0.375246 -0.646016
0.00383894 0.109933 -0.0944843 0.0954053 0.134274 2.35134
-0.0376222 0.103366 0.0123931 -0.0478424 0.0494215 -1.31733
-0.0736044 0.0817459 0.00062016 0.0143689 0.0143823 1.52766
-0.0988673 0.0482208 -0.0150817 0.0047753 0.0158196 2.83495
-0.109732 0.00767321 -0.00349243 -0.004306 0.00554425 -2.25224
-0.104616 -0.0339919 -0.026241 0.0142173 0.029845 2.64507
-0.0842649 -0.0707066 0.0112194 -0.0248801 0.0272927 -1.14716
-0.0516419 -0.0971242 -0.0303224 -0.00723351 0.0311732 -2.90742
-0.0114981 -0.109397 0.0508984 0.0607425 0.0792484 0.873347
0.0303201 -0.105739 -0.0560805 -0.274911 0.280573 -1.77203
0.0677228 -0.0866812 0.129512 0.641698 0.654637 1.37164
0.0952628 -0.055 -0.00955057 -0.649653 0.649723 -1.5855
# x y Real Imaginary Modulus Phase <-> f = 0 s = 1
0.0784575 0.0771 0.815741 -0.0815304 0.819805 -0.0996157
0.0438624 0.100877 -0.582088 0.263259 0.638852 2.71686
0.00287946 0.109962 0.240654 -0.177593 0.299088 -0.63575
-0.0385228 0.103034 -0.0561496 0.0897346 0.105854 2.12992
-0.0743149 0.0811005 0.0119285 -0.0419493 0.0436123 -1.29375
-0.0992844 0.0473562 0.00330849 0.0081963 0.00883886 1.18714
-0.109795 0.00671534 -0.0257932 0.00236159 0.0259011 3.05029
-0.104316 -0.0349035 0.00684208 0.0209509 0.0220398 1.25514
-0.0836447 -0.0714393 -0.0176265 0.0283989 0.0334244 2.12628
-0.0507923 -0.0975712 0.0183781 -0.00665308 0.0195453 -0.347335
-0.010543 -0.109494 -0.0242099 -0.0209784 0.0320346 -2.42758
0.0312417 -0.10547 0.0251999 0.138803 0.141072 1.3912
0.0684766 -0.0860869 -0.0518488 -0.385351 0.388823 -1.70454
0.0957391 -0.0541666 0.184554 0.637068 0.663262 1.28882
0.109059 -0.0143579 0.0303623 -0.682534 0.683208 -1.52634
# x y Real Imaginary Modulus Phase <-> f = 0 s = 2
0.0429804 0.101256 0.880293 -0.0766388 0.883623 -0.0868416
0.00191976 0.109983 -0.515875 0.187938 0.549042 2.79223
-0.0394205 0.102694 0.191764 -0.176764 0.260804 -0.74472
-0.0750198 0.0804489 -0.041745 0.0962699 0.104931 1.97995
-0.0996939 0.046488 0.00177167 -0.0496043 0.0496359 -1.5351
-0.109849 0.00575696 0.000813494 0.0166604 0.0166803 1.52201
-0.104007 -0.0358125 -0.0100266 -0.00725862 0.0123782 -2.51498
-0.0830181 -0.0721665 0.0128335 0.00937594 0.0158936 0.63096
-0.049939 -0.0980107 -0.0175683 0.00592807 0.0185415 2.81616
-0.00958713 -0.109581 0.0180794 0.017939 0.0254691 0.7815
0.0321609 -0.105194 0.00916828 -0.0622535 0.062925 -1.42457
0.0692252 -0.0854861 0.00812168 0.164615 0.164815 1.5215
0.0962082 -0.0533291 -0.0857994 -0.364247 0.374216 -1.80213
0.10918 -0.0134056 0.107392 0.569194 0.579237 1.38431
0.106252 0.0284701 0.104521 -0.773864 0.780891 -1.43654
# x y Real Imaginary Modulus Phase <-> f = 0 s = 3
0.000959919 0.109996 0.903614 0.0133367 0.903712 0.0147582
-0.0403151 0.102346 -0.478236 0.19575 0.516747 2.75308
-0.075719 0.0797912 0.167129 -0.161385 0.23233 -0.767913
-0.100096 0.0456163 -0.0349604 0.106838 0.112412 1.88704
-0.109895 0.00479813 0.0032915 -0.0432876 0.0434125 -1.4949
-0.103691 -0.0367188 0.00480949 0.0157424 0.0164607 1.27429
-0.0823851 -0.0728882 -0.00478789 -0.00474818 0.00674308 -2.36036
-0.0490818 -0.0984428 0.0141198 -0.00035647 0.0141243 -0.0252407
-0.0086305 -0.109661 -0.00348763 -0.0066432 0.00750304 -2.05424
0.0330776 -0.104909 -0.00551696 0.0145025 0.0155165 1.9343
0.0699686 -0.0848787 0.000506943 -0.0699433 0.0699452 -1.56355
0.0966699 -0.0524875 0.0380787 0.144323 0.149262 1.31283
0.109293 -0.0124524 -0.082506 -0.284591 0.296309 -1.85297
0.105999 0.0293962 0.050662 0.526086 0.52852 1.47479
0.0872689 0.0669638 0.141407 -0.792637 0.805152 -1.39425
# x y Real Imaginary Modulus Phase <-> f = 0 s = 4
-0.0412067 0.10199 0.876517 -0.0127214 0.87661 -0.0145125
-0.0764124 0.0791274 -0.474864 0.174972 0.506074 2.78856
-0.10049 0.044741 0.19718 -0.169055 0.25973 -0.708753
-0.109933 0.00383894 -0.0617605 0.10278 0.119909 2.11188
-0.103366 -0.0376222 0.0221722 -0.0513599 0.0559414 -1.16326
-0.0817459 -0.0736044 -0.00725337 0.0177561 0.0191805 1.95861
-0.0482208 -0.0988673 -0.00326758 -0.000830337 0.00337143 -2.89275
-0.00767321 -0.109732 0.00818914 -0.000793506 0.0082275 -0.0965958
0.0339919 -0.104616 -0.00458121 -0.00174274 0.00490149 -2.77809
0.0707066 -0.0842649 0.0089659 0.0188731 0.0208946 1.1273
0.0971242 -0.0516419 -0.0280056 -0.039695 0.0485799 -2.18522
0.109397 -0.0114981 0.0506069 0.0901204 0.103357 1.05913
0.105739 0.0303201 -0.070769 -0.212958 0.224409 -1.89163
0.0866812 0.0677228 0.0115002 0.438209 0.43836 1.54456
0.055 0.0952628 0.228442 -0.735739 0.770388 -1.26974
# x y Real Imaginary Modulus Phase <-> f = 0 s = 5
-0.0771 0.0784575 0.902891 -0.0193425 0.903098 -0.0214196
-0.100877 0.0438624 -0.554247 0.220898 0.596645 2.76233
-0.109962 0.00287946 0.262507 -0.210801 0.336671 -0.676585
-0.103034 -0.0385228 -0.125988 0.116895 0.171865 2.39361
-0.0811005 -0.0743149 0.0580679 -0.0408413 0.0709922 -0.612962
-0.0473562 -0.0992844 -0.011902 0.00603472 0.0133445 2.67233
-0.00671534 -0.109795 -0.00430364 -0.00195131 0.00472534 -2.71591
0.0349035 -0.104316 0.0103182 0.00609913 0.011986 0.533852
0.0714393 -0.0836447 -0.011941 -0.00335295 0.0124028 -2.86785
0.0975712 -0.0507923 0.0192329 0.00523473 0.0199325 0.265739
0.109494 -0.010543 -0.0289279 -0.0187597 0.0344783 -2.56627
0.10547 0.0312417 0.0604902 0.0619774 0.0866041 0.797542
0.0860869 0.0684766 -0.0856271 -0.173128 0.193146 -2.0301
0.0541666 0.0957391 0.0388785 0.401712 0.403589 1.47431
0.0143579 0.109059 0.197951 -0.721076 0.747754 -1.30287
# x y Real Imaginary Modulus Phase <-> f = 0 s = 6
-0.101256 0.0429804 0.845301 -0.0475587 0.846638 -0.0562032
-0.109983 0.00191976 -0.556786 0.308012 0.636303 2.6363
-0.102694 -0.0394205 0.326925 -0.234687 0.40244 -0.622615
-0.0804489 -0.0750198 -0.146995 0.105696 0.18105 2.5182
-0.046488 -0.0996939 0.0497596 -0.0361208 0.0614876 -0.627902
-0.00575696 -0.109849 -0.000217105 0.0173936 0.0173949 1.58328
0.0358125 -0.104007 -0.0143081 0.00235267 0.0145002 2.97862
0.0721665 -0.0830181 0.0173274 0.0129166 0.0216119 0.640579
0.0980107 -0.049939 -0.0152816 0.00750452 0.0170249 2.68511
0.109581 -0.00958713 0.0119008 -0.0063569 0.0134922 -0.490598
0.105194 0.0321609 -0.0338082 -0.0110647 0.0355728 -2.8253
0.0854861 0.0692252 0.0600701 0.0493508 0.0777427 0.687747
0.0533291 0.0962082 -0.0862062 -0.157305 0.179378 -2.07212
0.0134056 0.10918 0.0317502 0.393714 0.394992 1.49033
-0.0284701 0.106252 0.234208 -0.748179 0.783981 -1.26742
# x y Real Imaginary Modulus Phase <-> f = 0 s = 7
-0.109996 0.000959919 0.763916 -0.0800634 0.7681 -0.104425
-0.102346 -0.0403151 -0.619796 0.356964 0.715242 2.61905
-0.0797912 -0.075719 0.351894 -0.203627 0.406563 -0.524581
-0.0456163 -0.100096 -0.122579 0.0938147 0.154359 2.48834
-0.00479813 -0.109895 0.00873345 -0.0404161 0.0413489 -1.35798
0.0367188 -0.103691 0.0165143 0.00301078 0.0167865 0.180333
0.0728882 -0.0823851 -0.0261795 -0.00275725 0.0263243 -3.03666
0.0984428 -0.0490818 0.0085919 0.0099439 0.0131416 0.858209
0.109661 -0.0086305 -0.020344 0.0101924 0.0227544 2.67714
0.104909 0.0330776 0.00703001 -0.00834187 0.0109091 -0.870534
0.0848787 0.0699686 -0.0314669 -0.00720744 0.0322818 -2.91643
0.0524875 0.0966699 0.0615509 0.0522719 0.0807519 0.704056
0.0124524 0.109293 -0.0831239 -0.172165 0.191181 -2.0206
-0.0293962 0.105999 0.011915 0.462407 0.46256 1.54503
-0.0669638 0.0872689 0.154227 -0.770604 0.785886 -1.37327
# x y Real Imaginary Modulus Phase <-> f = 0 s = 8
-0.10199 -0.0412067 0.726927 -0.151809 0.742609 -0.205878
-0.0791274 -0.0764124 -0.61925 0.320696 0.697364 2.66374
-0.044741 -0.10049 0.255119 -0.180123 0.312297 -0.614765
-0.00383894 -0.109933 -0.0315082 0.0983759 0.103299 1.88076
0.0376222 -0.103366 -0.0229787 -0.0283468 0.0364905 -2.25198
0.0736044 -0.0817459 0.0329407 -0.00465687 0.0332682 -0.140441
0.0988673 -0.0482208 -0.0353413 0.00175337 0.0353848 3.09202
0.109732 -0.00767321 0.00746501 0.0150058 0.0167601 1.10917
0.104616 0.0339919 -0.0240792 0.0115725 0.0267157 2.69358
0.0842649 0.0707066 0.0110715 -0.0152182 0.0188195 -0.941842
0.0516419 0.0971242 -0.033921 -0.0055674 0.0343749 -2.97891
0.0114981 0.109397 0.056831 0.0623981 0.0843995 0.832057
-0.0303201 0.105739 -0.0761192 -0.227322 0.239728 -1.89391
-0.0677228 0.0866812 0.0778447 0.52436 0.530107 1.42342
-0.0952628 0.055 0.0730866 -0.744159 0.74774 -1.4729
# x y Real Imaginary Modulus Phase <-> f = 0 s = 9
-0.0784575 -0.0771 0.867384 -0.0527968 0.868989 -0.0607941
-0.0438624 -0.100877 -0.501201 0.145933 0.522014 2.85826
-0.00287946 -0.109962 0.114212 -0.136001 0.177597 -0.872261
0.0385228 -0.103034 0.0207669 0.0670391 0.070182 1.2704
0.0743149 -0.0811005 -0.0322674 -0.0101778 0.0338345 -2.83605
0.0992844 -0.0473562 0.0350069 -0.0116899 0.0369071 -0.322289
0.109795 -0.00671534 -0.0321228 0.00126292 0.0321476 3.1023
0.104316 0.0349035 0.0116716 0.0146201 0.0187076 0.897079
0.0836447 0.0714393 -0.0184539 0.0112473 0.0216113 2.59423
0.0507923 0.0975712 0.0168463 0.002218 0.0169917 0.130908
0.010543 0.109494 -0.0282074 -0.0235467 0.0367438 -2.44601
-0.0312417 0.10547 0.0437681 0.110581 0.118928 1.19392
-0.0684766 0.0860869 -0.0702099 -0.294479 0.302733 -1.80485
-0.0957391 0.0541666 0.0781886 0.600435 0.605504 1.4413
-0.109059 0.0143579 0.00155364 -0.797476 0.797478 -1.56885
# x y Real Imaginary Modulus Phase <-> f = 0 s = 10
-0.0429804 -0.101256 0.883366 0.133349 0.893374 0.149824
-0.00191976 -0.109983 -0.349267 0.120687 0.36953 2.80889
0.0394205 -0.102694 0.0733406 -0.117973 0.138912 -1.01459
0.0750198 -0.0804489 0.00902993 0.0546864 0.0554269 1.40715
0.0996939 -0.046488 -0.0327503 -0.0139284 0.035589 -2.73948
0.109849 -0.00575696 0.0321258 3.97567e-06 0.0321258 0.000123753
0.104007 0.0358125 -0.0258004 -0.00326735 0.0260065 -3.01562
0.0830181 0.0721665 0.0128183 0.0113764 0.0171386 0.725874
0.049939 0.0980107 -0.0149483 -0.000101225 0.0149486 -3.13482
0.00958713 0.109581 0.00788631 0.00960318 0.0124264 0.883251
-0.0321609 0.105194 -0.0126068 -0.0424023 0.0442367 -1.85979
-0.0692252 0.0854861 0.0292218 0.133133 0.136302 1.35473
-0.0962082 0.0533291 -0.0352409 -0.302573 0.304618 -1.68674
-0.10918 0.0134056 0.0433165 0.595293 0.596867 1.49816
-0.106252 -0.0284701 0.124852 -0.779009 0.78895 -1.41188
# x y Real Imaginary Modulus Phase <-> f = 0 s = 11
-0.000959919 -0.109996 0.764809 0.218576 0.79543 0.27837
0.0403151 -0.102346 -0.31635 0.0976292 0.331072 2.84225
0.075719 -0.0797912 0.0942321 -0.122096 0.154231 -0.913497
0.100096 -0.0456163 -0.00190671 0.0722963 0.0723215 1.59716
0.109895 -0.00479813 -0.0139041 -0.0396692 0.0420353 -1.90792
0.103691 0.0367188 0.00348365 0.0204287 0.0207236 1.40189
0.0823851 0.0728882 -0.00699163 -0.00536108 0.00881045 -2.48744
0.0490818 0.0984428 0.0125633 0.00751423 0.014639 0.539028
0.0086305 0.109661 -0.00701033 0.00210065 0.0073183 2.85046
-0.0330776 0.104909 0.00258494 0.00704543 0.00750467 1.21915
-0.0699686 0.0848787 -0.00637699 -0.0353259 0.0358969 -1.74939
-0.0966699 0.0524875 0.0290754 0.104818 0.108776 1.30021
-0.109293 0.0124524 -0.052658 -0.230892 0.236821 -1.79502
-0.105999 -0.0293962 0.00558426 0.42068 0.420717 1.55752
-0.0872689 -0.0669638 0.290834 -0.672374 0.732578 -1.16255
# x y Real Imaginary Modulus Phase <-> f = 0 s = 12
0.0412067 -0.10199 0.820053 0.197315 0.843457 0.236125
0.0764124 -0.0791274 -0.424756 0.107842 0.438232 2.89295
0.10049 -0.044741 0.177821 -0.15455 0.235597 -0.715497
0.109933 -0.00383894 -0.0738647 0.109811 0.132342 2.16293
0.103366 0.0376222 0.0336693 -0.052958 0.0627548 -1.00449
0.0817459 0.0736044 -0.0192969 0.00931459 0.0214274 2.69188
0.0482208 0.0988673 0.00496934 -0.00253469 0.00557844 -0.471667
0.00767321 0.109732 0.00409511 0.000825644 0.00417751 0.19895
-0.0339919 0.104616 -0.0032891 0.00130656 0.00353911 2.76347
-0.0707066 0.0842649 0.00446067 0.0068011 0.00813342 0.990302
-0.0971242 0.0516419 -0.0250978 -0.0155167 0.0295071 -2.58786
-0.109397 0.0114981 0.0618103 0.0437514 0.0757278 0.615964
-0.105739 -0.0303201 -0.0859736 -0.112315 0.141443 -2.22413
-0.0866812 -0.0677228 0.0329161 0.275175 0.277137 1.45174
-0.055 -0.0952628 0.270459 -0.499669 0.56817 -1.07467
# x y Real Imaginary Modulus Phase <-> f = 0 s = 13
0.0771 -0.0784575 0.945468 0.034171 0.946085 0.0361262
0.100877 -0.0438624 -0.576876 0.234341 0.622657 2.75573
0.109962 -0.00287946 0.335966 -0.224643 0.40415 -0.589375
0.103034 0.0385228 -0.173031 0.108479 0.204224 2.5816
0.0811005 0.0743149 0.0812578 -0.0409301 0.0909841 -0.466608
0.0473562 0.0992844 -0.0285956 0.0071927 0.0294863 2.89517
0.00671534 0.109795 -0.008847 -0.000165961 0.00884855 -3.12284
-0.0349035 0.104316 0.00966415 -0.000535213 0.00967896 -0.0553247
-0.0714393 0.0836447 -0.00947441 0.000291593 0.0094789 3.11083
-0.0975712 0.0507923 -0.00250775 -0.0206429 0.0207947 -1.69169
-0.109494 0.010543 -0.034408 -0.00375533 0.0346123 -3.03288
-0.10547 -0.0312417 0.0505781 -0.00774597 0.0511678 -0.151968
-0.0860869 -0.0684766 -0.0796069 -0.064894 0.102706 -2.45766
-0.0541666 -0.0957391 0.0277189 0.225486 0.227183 1.44848
-0.0143579 -0.109059 0.295472 -0.527195 0.604349 -1.05996
# x y Real Imaginary Modulus Phase <-> f = 0 s = 14
0.101256 -0.0429804 0.739163 -0.115994 0.748209 -0.155656
0.109983 -0.00191976 -0.573561 0.450814 0.729524 2.47545
0.102694 0.0394205 0.408981 -0.283697 0.497744 -0.606463
0.0804489 0.0750198 -0.208503 0.109814 0.235654 2.65683
0.046488 0.0996939 0.0839221 -0.0429967 0.0942955 -0.473472
0.00575696 0.109849 -0.030695 0.0332358 0.0452416 2.31647
-0.0358125 0.104007 0.00168841 -0.0103193 0.0104565 -1.40862
-0.0721665 0.0830181 0.00360828 0.00695784 0.00783781 1.09239
-0.0980107 0.049939 -0.000868624 0.010834 0.0108688 1.6508
-0.109581 0.00958713 0.0176438 -0.0332619 0.0376518 -1.08309
-0.105194 -0.0321609 -0.0160577 0.0415784 0.0445714 1.93935
-0.0854861 -0.0692252 0.0438572 -0.0101514 0.0450167 -0.22746
-0.0533291 -0.0962082 -0.0762289 -0.0749522 0.106905 -2.36464
-0.0134056 -0.10918 0.00496834 0.304687 0.304728 1.55449
0.0284701 -0.106252 0.29979 -0.721598 0.781395 -1.17704
# x y Real Imaginary Modulus Phase <-> f = 0 s = 15
0.109996 -0.000959919 0.659209 0.00382045 0.65922 0.00579544
0.102346 0.0403151 -0.539525 0.450612 0.702949 2.44575
0.0797912 0.075719 0.351446 -0.279779 0.449211 -0.672346
0.0456163 0.100096 -0.15947 0.135474 0.209246 2.43737
0.00479813 0.109895 0.0375571 -0.0524165 0.0644827 -0.949073
-0.0367188 0.103691 -0.00495353 0.0274384 0.027882 1.74941
-0.0728882 0.0823851 -0.0127163 -0.0181253 0.0221411 -2.18258
-0.0984428 0.0490818 0.0182953 0.0110396 0.021368 0.542924
-0.109661 0.0086305 -0.0252189 0.018204 0.0311027 2.51636
-0.104909 -0.0330776 0.00425114 -0.0321035 0.0323837 -1.43914
-0.0848787 -0.0699686 -0.0234411 0.0181751 0.0296617 2.48206
-0.0524875 -0.0966699 0.0639387 0.00782802 0.0644161 0.121824
-0.0124524 -0.109293 -0.0769366 -0.158075 0.175804 -2.02375
0.0293962 -0.105999 0.00177987 0.478961 0.478964 1.56708
0.0669638 -0.0872689 0.0715778 -0.784388 0.787647 -1.4798
