# x y Real Imaginary Modulus Phase <-> f = 0 s = 0
0.10199 0.0412067 0.729308 -0.0467905 0.730808 -0.0640696
0.0791274 0.0764124 -0.58094 0.33138 0.668808 2.62321
0.044741 0.10049 0.301192 -0.216244 0.37078 -0.622679
0.00383894 0.109933 -0.0943609 0.0995694 0.137179 2.32934
-0.0376222 0.103366 0.0142862 -0.0451855 0.0473902 -1.26457
-0.0736044 0.0817459 0.00435786 0.0126375 0.0133678 1.23873
-0.0988673 0.0482208 -0.0210299 -0.00298775 0.0212411 -3.00047
-0.109732 0.00767321 -0.00180349 0.00490554 0.00522656 1.9231
-0.104616 -0.0339919 -0.0216748 0.0127301 0.0251367 2.61054
-0.0842649 -0.0707066 0.0146194 -0.0280966 0.0316725 -1.09102
-0.0516419 -0.0971242 -0.0259161 0.00465146 0.0263302 2.964
-0.0114981 -0.109397 0.0530402 0.0673946 0.0857631 0.904027
0.0303201 -0.105739 -0.0465923 -0.281762 0.285588 -1.73467
0.0677228 -0.0866812 0.124501 0.651682 0.663468 1.38203
0.0952628 -0.055 -0.0294086 -0.639264 0.63994 -1.61677
# x y Real Imaginary Modulus Phase <-> f = 0 s = 1
0.0784575 0.0771 0.825847 -0.0905836 0.8308 -0.109249
0.0438624 0.100877 -0.585124 0.253858 0.63782 2.73225
0.00287946 0.109962 0.234724 -0.161216 0.284756 -0.601834
-0.0385228 0.103034 -0.0557744 0.094398 0.109644 2.10446
-0.0743149 0.0811005 0.00308697 -0.0396784 0.0397983 -1.49315
-0.0992844 0.0473562 0.00447195 0.00783698 0.00902311 1.05226
-0.109795 0.00671534 -0.0212718 -0.000909099 0.0212912 -3.09888
-0.104316 -0.0349035 0.000338534 0.00955715 0.00956314 1.53539
-0.0836447 -0.0714393 -0.0206505 0.0105017 0.0231674 2.67113
-0.0507923 -0.0975712 0.011709 -0.00663161 0.0134565 -0.515325
-0.010543 -0.109494 -0.0227706 -0.0333571 0.0403881 -2.16977
0.0312417 -0.10547 0.00992416 0.140241 0.140591 1.50015
0.0684766 -0.0860869 -0.0473269 -0.394754 0.397581 -1.69012
0.0957391 -0.0541666 0.189061 0.640845 0.668152 1.28392
0.109059 -0.0143579 0.0272317 -0.692831 0.693366 -1.53151
# x y Real Imaginary Modulus Phase <-> f = 0 s = 2
0.0429804 0.101256 0.896066 -0.0699019 0.898788 -0.0778521
0.00191976 0.109983 -0.527949 0.164087 0.552861 2.84026
-0.0394205 0.102694 0.186247 -0.160811 0.246065 -0.712239
-0.0750198 0.0804489 -0.0408279 0.0907363 0.0994987 1.99362
-0.0996939 0.046488 0.00298158 -0.0412827 0.0413902 -1.4987
-0.109849 0.00575696 0.00911289 0.010928 0.014229 0.875721
-0.104007 -0.0358125 -0.0143105 -0.00369126 0.0147789 -2.88916
-0.0830181 -0.0721665 0.00679045 0.0125521 0.0142711 1.0749
-0.049939 -0.0980107 -0.0107621 0.00641449 0.0125287 2.6041
-0.00958713 -0.109581 0.00624376 0.0104569 0.0121792 1.03252
0.0321609 -0.105194 0.00846258 -0.0518754 0.0525611 -1.40909
0.0692252 -0.0854861 0.00234028 0.176003 0.176018 1.5575
0.0962082 -0.0533291 -0.08043 -0.363137 0.371937 -1.78876
0.10918 -0.0134056 0.0968187 0.577328 0.58539 1.40464
0.106252 0.0284701 0.0988121 -0.785369 0.79156 -1.44564
# x y Real Imaginary Modulus Phase <-> f = 0 s = 3
0.000959919 0.109996 0.917331 0.0308838 0.917851 0.0336543
-0.0403151 0.102346 -0.480646 0.172714 0.510735 2.79662
-0.075719 0.0797912 0.172001 -0.152786 0.230061 -0.726305
-0.100096 0.0456163 -0.0458277 0.0915412 0.102372 2.03494
-0.109895 0.00479813 0.001224 -0.0417182 0.0417361 -1.54146
-0.103691 -0.0367188 0.00502587 0.0194362 0.0200755 1.31776
-0.0823851 -0.0728882 -0.0065344 -0.00778339 0.0101627 -2.26918
-0.0490818 -0.0984428 0.00813132 0.00622637 0.0102414 0.653491
-0.0086305 -0.109661 -0.00527426 -0.00097365 0.00536338 -2.95904
0.0330776 -0.104909 -0.00111717 0.0103193 0.0103796 1.67864
0.0699686 -0.0848787 0.00716039 -0.0649656 0.065359 -1.46102
0.0966699 -0.0524875 0.0353294 0.151079 0.155154 1.34108
0.109293 -0.0124524 -0.0695146 -0.285501 0.293842 -1.80963
0.105999 0.0293962 0.031472 0.527244 0.528182 1.51118
0.0872689 0.0669638 0.168567 -0.801153 0.818695 -1.36342
# x y Real Imaginary Modulus Phase <-> f = 0 s = 4
-0.0412067 0.10199 0.894086 0.0170467 0.894248 0.0190637
-0.0764124 0.0791274 -0.478365 0.153372 0.50235 2.83133
-0.10049 0.044741 0.199519 -0.154975 0.252636 -0.6604
-0.109933 0.00383894 -0.0641395 0.096302 0.115706 2.15835
-0.103366 -0.0376222 0.0219597 -0.0460734 0.0510391 -1.12602
-0.0817459 -0.0736044 -0.00797682 0.0157879 0.0176886 2.03863
-0.0482208 -0.0988673 -0.00181384 -0.0029364 0.00345144 -2.12413
-0.00767321 -0.109732 0.00888647 0.00256271 0.00924861 0.280765
0.0339919 -0.104616 -0.00465585 -0.00300577 0.0055418 -2.56832
0.0707066 -0.0842649 0.00657242 0.0185861 0.0197139 1.2309
0.0971242 -0.0516419 -0.0254512 -0.0413886 0.0485879 -2.12212
0.109397 -0.0114981 0.0448869 0.0895973 0.100212 1.10636
0.105739 0.0303201 -0.0587028 -0.207319 0.21547 -1.84673
0.0866812 0.0677228 -0.00587828 0.434539 0.434579 1.58432
0.055 0.0952628 0.254669 -0.737677 0.780399 -1.23838
# x y Real Imaginary Modulus Phase <-> f = 0 s = 5
-0.0771 0.0784575 0.922006 -0.00567835 0.922024 -0.00615861
-0.100877 0.0438624 -0.563237 0.202318 0.598472 2.79674
-0.109962 0.00287946 0.267275 -0.196758 0.331888 -0.634586
-0.103034 -0.0385228 -0.127514 0.109034 0.167774 2.43416
-0.0811005 -0.0743149 0.0552637 -0.036977 0.0664934 -0.589685
-0.0473562 -0.0992844 -0.011783 0.00737532 0.0139009 2.58233
-0.00671534 -0.109795 -0.00310165 -0.00338395 0.00459035 -2.3127
0.0349035 -0.104316 0.00961955 0.00713311 0.0119757 0.638053
0.0714393 -0.0836447 -0.0116884 -0.00429633 0.012453 -2.78935
0.0975712 -0.0507923 0.0185028 0.00542197 0.0192808 0.285055
0.109494 -0.010543 -0.027635 -0.0183102 0.0331505 -2.55643
0.10547 0.0312417 0.0541352 0.0599869 0.0808025 0.836629
0.0860869 0.0684766 -0.0737652 -0.169081 0.184471 -1.98217
0.0541666 0.0957391 0.0193748 0.395195 0.39567 1.52181
0.0143579 0.109059 0.227324 -0.717379 0.752535 -1.26393
# x y Real Imaginary Modulus Phase <-> f = 0 s = 6
-0.101256 0.0429804 0.861564 -0.0516802 0.863113 -0.0599124
-0.109983 0.00191976 -0.565646 0.304151 0.642233 2.64824
-0.102694 -0.0394205 0.332162 -0.229838 0.403927 -0.6053
-0.0804489 -0.0750198 -0.150801 0.0998801 0.180878 2.5566
-0.046488 -0.0996939 0.0490266 -0.0338742 0.0595909 -0.604616
-0.00575696 -0.109849 -0.000225014 0.0139342 0.013936 1.58694
0.0358125 -0.104007 -0.0136669 -0.000861598 0.0136941 -3.07863
0.0721665 -0.0830181 0.00991511 0.0140998 0.017237 0.95792
0.0980107 -0.049939 -0.0188485 0.00584416 0.0197338 2.84093
0.109581 -0.00958713 0.0102135 -0.0049044 0.01133 -0.447673
0.105194 0.0321609 -0.0279556 -0.010411 0.0298312 -2.78509
0.0854861 0.0692252 0.0554525 0.04828 0.0735251 0.716364
0.0533291 0.0962082 -0.0755426 -0.151717 0.169484 -2.03278
0.0134056 0.10918 0.0135166 0.383659 0.383897 1.53558
-0.0284701 0.106252 0.256883 -0.747981 0.790863 -1.23998
# x y Real Imaginary Modulus Phase <-> f = 0 s = 7
-0.109996 0.000959919 0.770119 -0.0872014 0.77504 -0.112751
-0.102346 -0.0403151 -0.626723 0.358163 0.721847 2.6224
-0.0797912 -0.075719 0.35444 -0.196396 0.405215 -0.505989
-0.0456163 -0.100096 -0.122308 0.0865899 0.149857 2.52554
-0.00479813 -0.109895 0.0107021 -0.0399455 0.0413543 -1.30903
0.0367188 -0.103691 0.0124082 0.00568699 0.0136493 0.429757
0.0728882 -0.0823851 -0.0264797 -0.00355515 0.0267173 -3.00813
0.0984428 -0.0490818 0.00465494 0.00863502 0.00980979 1.07638
0.109661 -0.0086305 -0.0218758 0.0088562 0.0236005 2.75692
0.104909 0.0330776 0.00548045 -0.00863669 0.0102288 -1.00536
0.0848787 0.0699686 -0.0258562 -0.0107662 0.0280081 -2.74704
0.0524875 0.0966699 0.054793 0.0484254 0.0731252 0.723786
0.0124524 0.109293 -0.0699834 -0.170115 0.183948 -1.96108
-0.0293962 0.105999 -0.00509536 0.458778 0.458806 1.5819
-0.0669638 0.0872689 0.166697 -0.783239 0.800781 -1.36109
# x y Real Imaginary Modulus Phase <-> f = 0 s = 8
-0.10199 -0.0412067 0.728396 -0.16354 0.74653 -0.220858
-0.0791274 -0.0764124 -0.633691 0.316069 0.708141 2.67893
-0.044741 -0.10049 0.262549 -0.168406 0.311917 -0.570324
-0.00383894 -0.109933 -0.0305962 0.0911171 0.0961169 1.89476
0.0376222 -0.103366 -0.0208063 -0.0283149 0.0351374 -2.20451
0.0736044 -0.0817459 0.0293805 -0.00362771 0.0296036 -0.122852
0.0988673 -0.0482208 -0.0330321 -0.00422525 0.0333013 -3.01437
0.109732 -0.00767321 0.00204751 0.00492555 0.00533417 1.17684
0.104616 0.0339919 -0.0222316 0.0102856 0.0244956 2.70826
0.0842649 0.0707066 0.011517 -0.00691222 0.013432 -0.540549
0.0516419 0.0971242 -0.03106 -0.00859715 0.0322279 -2.87156
0.0114981 0.109397 0.0547442 0.0625944 0.0831564 0.852201
-0.0303201 0.105739 -0.0648007 -0.230784 0.239709 -1.84453
-0.0677228 0.0866812 0.067132 0.531671 0.535892 1.44519
-0.0952628 0.055 0.0708717 -0.756371 0.759684 -1.47737
# x y Real Imaginary Modulus Phase <-> f = 0 s = 9
-0.0784575 -0.0771 0.877169 -0.0599439 0.879215 -0.0682318
-0.0438624 -0.100877 -0.507405 0.141732 0.526828 2.86921
-0.00287946 -0.109962 0.116266 -0.132562 0.176325 -0.850798
0.0385228 -0.103034 0.0133419 0.0615461 0.0629756 1.35732
0.0743149 -0.0811005 -0.0302797 -0.00973986 0.0318077 -2.83038
0.0992844 -0.0473562 0.0354097 -0.0115597 0.0372488 -0.315549
0.109795 -0.00671534 -0.0303499 -0.00436145 0.0306616 -2.99886
0.104316 0.0349035 0.00291618 0.0105097 0.0109068 1.30013
0.0836447 0.0714393 -0.0172143 0.00839351 0.0191516 2.68792
0.0507923 0.0975712 0.0163344 0.000613013 0.0163459 0.0375113
0.010543 0.109494 -0.0287645 -0.0236054 0.0372104 -2.45439
-0.0312417 0.10547 0.0376117 0.108603 0.114931 1.2374
-0.0684766 0.0860869 -0.0636852 -0.300531 0.307205 -1.77962
-0.0957391 0.0541666 0.0710043 0.606388 0.610531 1.45423
-0.109059 0.0143579 -0.00186286 -0.80787 0.807872 -1.5731
# x y Real Imaginary Modulus Phase <-> f = 0 s = 10
-0.0429804 -0.101256 0.898598 0.151416 0.911266 0.166934
-0.00191976 -0.109983 -0.346847 0.106343 0.362783 2.84409
0.0394205 -0.102694 0.0745374 -0.11249 0.134944 -0.985605
0.0750198 -0.0804489 0.00865669 0.0542517 0.054938 1.41256
0.0996939 -0.046488 -0.0268982 -0.0118607 0.0293971 -2.72629
0.109849 -0.00575696 0.031709 -0.00061876 0.031715 -0.0195112
0.104007 0.0358125 -0.0246057 -0.00798077 0.0258676 -2.82795
0.0830181 0.0721665 0.00785553 0.0149342 0.0168743 1.08656
0.049939 0.0980107 -0.0102276 0.000563333 0.0102431 3.08657
0.00958713 0.109581 0.00976757 0.00764002 0.0124006 0.663782
-0.0321609 0.105194 -0.00934514 -0.0402795 0.0413494 -1.79877
-0.0692252 0.0854861 0.0232945 0.129264 0.131346 1.3925
-0.0962082 0.0533291 -0.0301466 -0.302131 0.303631 -1.67025
-0.10918 0.0134056 0.0314656 0.602436 0.603257 1.51861
-0.106252 -0.0284701 0.130405 -0.79367 0.804312 -1.40794
# x y Real Imaginary Modulus Phase <-> f = 0 s = 11
-0.000959919 -0.109996 0.761523 0.229377 0.795319 0.292565
0.0403151 -0.102346 -0.314301 0.0880339 0.326397 2.8685
0.075719 -0.0797912 0.0960749 -0.115182 0.149991 -0.875598
0.100096 -0.0456163 -0.00485206 0.0747503 0.0749076 1.63562
0.109895 -0.00479813 -0.00901044 -0.0372202 0.0382953 -1.80831
0.103691 0.0367188 0.00495856 0.0156279 0.0163957 1.26355
0.0823851 0.0728882 -0.00894035 -0.00482612 0.0101598 -2.6466
0.0490818 0.0984428 0.00802936 0.00837158 0.0115997 0.806261
0.0086305 0.109661 -0.00450942 -0.000568016 0.00454505 -3.01629
-0.0330776 0.104909 0.00502396 0.0075641 0.00908052 0.984514
-0.0699686 0.0848787 -0.0064671 -0.0381102 0.038655 -1.73889
-0.0966699 0.0524875 0.0213051 0.101846 0.104051 1.36458
-0.109293 0.0124524 -0.0441715 -0.232214 0.236378 -1.75877
-0.105999 -0.0293962 -0.00632588 0.421459 0.421506 1.5858
-0.0872689 -0.0669638 0.309489 -0.672744 0.740519 -1.13962
# x y Real Imaginary Modulus Phase <-> f = 0 s = 12
0.0412067 -0.10199 0.822203 0.212499 0.849219 0.252916
0.0764124 -0.0791274 -0.424755 0.0981749 0.435953 2.91445
0.10049 -0.044741 0.17726 -0.152716 0.233973 -0.711156
0.109933 -0.00383894 -0.0760759 0.101526 0.126866 2.21387
0.103366 0.0376222 0.0377881 -0.0469847 0.0602951 -0.893461
0.0817459 0.0736044 -0.0148594 0.0134888 0.0200686 2.4045
0.0482208 0.0988673 0.00136508 -0.00408615 0.00430814 -1.24838
0.00767321 0.109732 0.00471279 0.00306686 0.00562281 0.576905
-0.0339919 0.104616 -0.00188018 0.000904396 0.00208639 2.69325
-0.0707066 0.0842649 0.00833732 0.00339388 0.00900163 0.386586
-0.0971242 0.0516419 -0.0236069 -0.0154088 0.0281907 -2.5633
-0.109397 0.0114981 0.0579527 0.0435889 0.0725155 0.644873
-0.105739 -0.0303201 -0.0804058 -0.109325 0.13571 -2.20493
-0.0866812 -0.0677228 0.0196419 0.276631 0.277327 1.49991
-0.055 -0.0952628 0.289084 -0.499642 0.577245 -1.04627
# x y Real Imaginary Modulus Phase <-> f = 0 s = 13
0.0771 -0.0784575 0.95725 0.0380557 0.958006 0.0397344
0.100877 -0.0438624 -0.584275 0.23558 0.62998 2.75833
0.109962 -0.00287946 0.340145 -0.218667 0.404368 -0.571343
0.103034 0.0385228 -0.183702 0.100865 0.209571 2.63947
0.0811005 0.0743149 0.0830841 -0.0251111 0.0867959 -0.293507
0.0473562 0.0992844 -0.0249859 -0.000140581 0.0249863 -3.13597
0.00671534 0.109795 0.00507861 -0.00366988 0.0062658 -0.625742
-0.0349035 0.104316 0.00261101 0.00520243 0.00582088 1.10564
-0.0714393 0.0836447 -0.00687881 0.00972768 0.0119141 2.1863
-0.0975712 0.0507923 0.00707617 -0.0124452 0.0143162 -1.05379
-0.109494 0.010543 -0.0243709 0.00994668 0.0263225 2.75409
-0.10547 -0.0312417 0.0508411 -9.47743e-05 0.0508412 -0.00186413
-0.0860869 -0.0684766 -0.0704338 -0.0653741 0.0960973 -2.39343
-0.0541666 -0.0957391 0.0210468 0.230118 0.231078 1.47959
-0.0143579 -0.109059 0.314471 -0.524491 0.611541 -1.03069
# x y Real Imaginary Modulus Phase <-> f = 0 s = 14
0.101256 -0.0429804 0.741358 -0.101782 0.748312 -0.136438
0.109983 -0.00191976 -0.584179 0.454377 0.740083 2.48053
0.102694 0.0394205 0.421946 -0.298955 0.517119 -0.616418
0.0804489 0.0750198 -0.213104 0.118318 0.243747 2.63476
0.046488 0.0996939 0.0892643 -0.0402966 0.0979384 -0.424042
0.00575696 0.109849 -0.0218635 0.0189756 0.0289497 2.42679
-0.0358125 0.104007 -0.000412637 -0.0112204 0.011228 -1.60756
-0.0721665 0.0830181 0.00327122 0.0123124 0.0127395 1.31111
-0.0980107 0.049939 -0.0170974 0.0115738 0.0206464 2.54652
-0.109581 0.00958713 0.00829333 -0.0277032 0.0289179 -1.27992
-0.105194 -0.0321609 -0.0137275 0.0271216 0.0303978 2.03935
-0.0854861 -0.0692252 0.0388572 -0.00644595 0.0393882 -0.164391
-0.0533291 -0.0962082 -0.0706468 -0.0759909 0.103757 -2.31977
-0.0134056 -0.10918 -0.00355068 0.306261 0.306281 1.58239
0.0284701 -0.106252 0.319001 -0.727622 0.794478 -1.15762
# x y Real Imaginary Modulus Phase <-> f = 0 s = 15
0.109996 -0.000959919 0.647991 0.00769486 0.648037 0.0118744
0.102346 0.0403151 -0.537085 0.444831 0.697377 2.44987
0.0797912 0.075719 0.358284 -0.280163 0.454817 -0.663642
0.0456163 0.100096 -0.156994 0.128169 0.202669 2.45694
0.00479813 0.109895 0.0392599 -0.0516079 0.0648438 -0.920461
-0.0367188 0.103691 0.000275624 0.0221195 0.0221212 1.55834
-0.0728882 0.0823851 -0.013125 -0.00705037 0.0148988 -2.64865
-0.0984428 0.0490818 0.000558752 0.00935066 0.00936734 1.51111
-0.109661 0.0086305 -0.0220807 0.0116231 0.024953 2.65706
-0.104909 -0.0330776 0.00937967 -0.0357282 0.0369389 -1.31406
-0.0848787 -0.0699686 -0.0130265 0.0264084 0.0294465 2.02905
-0.0524875 -0.0966699 0.0531134 0.0130403 0.0546908 0.240755
-0.0124524 -0.109293 -0.0739309 -0.14637 0.163981 -2.03851
0.0293962 -0.105999 -0.000715319 0.479031 0.479032 1.57229
0.0669638 -0.0872689 0.0686318 -0.793858 0.796819 -1.48456
