# x y Real Imaginary Modulus Phase <-> f = 0 s = 0
0.10199 0.0412067 0.734351 -0.0384827 0.735358 -0.0523559
0.0791274 0.0764124 -0.569427 0.329605 0.657942 2.61688
0.044741 0.10049 0.298191 -0.225686 0.373968 -0.647872
0.00383894 0.109933 -0.0942875 0.106167 0.141992 2.297
-0.0376222 0.103366 0.0130997 -0.0488041 0.0505316 -1.30856
-0.0736044 0.0817459 0.00589638 0.0143353 0.0155006 1.18057
-0.0988673 0.0482208 -0.0235571 -0.00437218 0.0239594 -2.95808
-0.109732 0.00767321 -0.00173551 0.00452486 0.00484627 1.93704
-0.104616 -0.0339919 -0.0229634 0.012068 0.0259414 2.65773
-0.0842649 -0.0707066 0.0178145 -0.0324167 0.0369891 -1.0683
-0.0516419 -0.0971242 -0.0275046 0.00795621 0.0286323 2.86001
-0.0114981 -0.109397 0.0582509 0.0659697 0.0880066 0.847456
0.0303201 -0.105739 -0.0508449 -0.279844 0.284425 -1.75053
0.0677228 -0.0866812 0.127653 0.642156 0.654721 1.37457
0.0952628 -0.055 -0.0186266 -0.638932 0.639203 -1.59994
# x y Real Imaginary Modulus Phase <-> f = 0 s = 1
0.0784575 0.0771 0.81881 -0.0808633 0.822794 -0.0984379
0.0438624 0.100877 -0.577033 0.266115 0.63544 2.70948
0.00287946 0.109962 0.234662 -0.172957 0.291514 -0.635159
-0.0385228 0.103034 -0.05582 0.101754 0.116059 2.07255
-0.0743149 0.0811005 0.00172378 -0.04291 0.0429446 -1.53065
-0.0992844 0.0473562 0.00657608 0.00954029 0.0115871 0.967291
-0.109795 0.00671534 -0.0245313 -0.00200799 0.0246134 -3.05992
-0.104316 -0.0349035 0.000375634 0.00940963 0.00941713 1.5309
-0.0836447 -0.0714393 -0.023225 0.0103542 0.0254285 2.72222
-0.0507923 -0.0975712 0.0144375 -0.00959501 0.0173351 -0.586563
-0.010543 -0.109494 -0.0265788 -0.0336434 0.0428755 -2.23942
0.0312417 -0.10547 0.0130746 0.140383 0.140991 1.47793
0.0684766 -0.0860869 -0.0552056 -0.39171 0.395581 -1.71081
0.0957391 -0.0541666 0.189812 0.631485 0.659395 1.27881
0.109059 -0.0143579 0.0359217 -0.689666 0.690601 -1.51876
# x y Real Imaginary Modulus Phase <-> f = 0 s = 2
0.0429804 0.101256 0.87879 -0.0753908 0.882018 -0.0855798
0.00191976 0.109983 -0.525929 0.182439 0.556674 2.80769
-0.0394205 0.102694 0.188243 -0.173261 0.255841 -0.743977
-0.0750198 0.0804489 -0.0407976 0.0981262 0.106269 1.96482
-0.0996939 0.046488 0.00164595 -0.0441039 0.0441346 -1.53349
-0.109849 0.00575696 0.0113711 0.0129226 0.0172132 0.849176
-0.104007 -0.0358125 -0.0166533 -0.00514958 0.0174313 -2.8417
-0.0830181 -0.0721665 0.00678748 0.0137307 0.0153168 1.1117
-0.049939 -0.0980107 -0.0135113 0.00698243 0.0152088 2.66461
-0.00958713 -0.109581 0.00848797 0.0105265 0.0135223 0.8922
0.0321609 -0.105194 0.00648222 -0.0520907 0.0524925 -1.44699
0.0692252 -0.0854861 0.00690347 0.178978 0.179111 1.53224
0.0962082 -0.0533291 -0.0895425 -0.361253 0.372185 -1.81377
0.10918 -0.0134056 0.103066 0.568396 0.577665 1.39142
0.106252 0.0284701 0.101359 -0.77412 0.780728 -1.4406
# x y Real Imaginary Modulus Phase <-> f = 0 s = 3
0.000959919 0.109996 0.901776 0.0125936 0.901864 0.0139644
-0.0403151 0.102346 -0.482933 0.194304 0.520555 2.75907
-0.075719 0.0797912 0.17351 -0.164681 0.239219 -0.759298
-0.100096 0.0456163 -0.0455284 0.0981969 0.108238 2.00494
-0.109895 0.00479813 -0.00102033 -0.0452375 0.045249 -1.59335
-0.103691 -0.0367188 0.00670158 0.0217886 0.022796 1.27241
-0.0823851 -0.0728882 -0.00778582 -0.00947189 0.0122611 -2.2588
-0.0490818 -0.0984428 0.00908637 0.00714936 0.0115618 0.666654
-0.0086305 -0.109661 -0.00705686 -0.000687465 0.00709027 -3.04448
0.0330776 -0.104909 0.00152162 0.0104344 0.0105447 1.42599
0.0699686 -0.0848787 0.00588837 -0.065572 0.0658358 -1.48124
0.0966699 -0.0524875 0.0395564 0.154137 0.159131 1.31959
0.109293 -0.0124524 -0.0775355 -0.28766 0.297927 -1.83408
0.105999 0.0293962 0.0439337 0.527234 0.529062 1.48766
0.0872689 0.0669638 0.153403 -0.792107 0.806824 -1.3795
# x y Real Imaginary Modulus Phase <-> f = 0 s = 4
-0.0412067 0.10199 0.879579 -0.00699205 0.879607 -0.00794915
-0.0764124 0.0791274 -0.476995 0.17255 0.507246 2.79449
-0.10049 0.044741 0.19986 -0.165837 0.259703 -0.692631
-0.109933 0.00383894 -0.0624767 0.10293 0.120407 2.11634
-0.103366 -0.0376222 0.0205049 -0.0498542 0.0539063 -1.18059
-0.0817459 -0.0736044 -0.00667989 0.0175702 0.0187972 1.9341
-0.0482208 -0.0988673 -0.00332792 -0.00352721 0.00484935 -2.32713
-0.00767321 -0.109732 0.0109414 0.00363325 0.0115288 0.320609
0.0339919 -0.104616 -0.00649467 -0.00307084 0.00718406 -2.69992
0.0707066 -0.0842649 0.00879793 0.0194921 0.0213856 1.14681
0.0971242 -0.0516419 -0.0292554 -0.0424665 0.0515682 -2.17404
0.109397 -0.0114981 0.0499625 0.0916796 0.10441 1.07182
0.105739 0.0303201 -0.0674485 -0.21159 0.22208 -1.87938
0.0866812 0.0677228 0.00862296 0.440385 0.44047 1.55122
0.055 0.0952628 0.231243 -0.738388 0.773751 -1.2673
# x y Real Imaginary Modulus Phase <-> f = 0 s = 5
-0.0771 0.0784575 0.908044 -0.0171438 0.908206 -0.0188777
-0.100877 0.0438624 -0.559998 0.21738 0.600709 2.77132
-0.109962 0.00287946 0.266109 -0.207059 0.337176 -0.661243
-0.103034 -0.0385228 -0.127649 0.115175 0.171929 2.40752
-0.0811005 -0.0743149 0.0552837 -0.0392326 0.06779 -0.617179
-0.0473562 -0.0992844 -0.0101774 0.00831635 0.0131431 2.45649
-0.00671534 -0.109795 -0.00472948 -0.00353687 0.00590572 -2.49948
0.0349035 -0.104316 0.0108634 0.00830981 0.0136772 0.652993
0.0714393 -0.0836447 -0.0139216 -0.00545053 0.0149505 -2.76842
0.0975712 -0.0507923 0.0216316 0.00602385 0.0224547 0.271593
0.109494 -0.010543 -0.0317093 -0.0183027 0.0366124 -2.6181
0.10547 0.0312417 0.0596141 0.062271 0.0862063 0.807193
0.0860869 0.0684766 -0.0824358 -0.174269 0.192783 -2.01264
0.0541666 0.0957391 0.0343587 0.405466 0.406919 1.48626
0.0143579 0.109059 0.20097 -0.724069 0.751442 -1.30006
# x y Real Imaginary Modulus Phase <-> f = 0 s = 6
-0.101256 0.0429804 0.848741 -0.0455168 0.84996 -0.0535773
-0.109983 0.00191976 -0.553313 0.308425 0.633467 2.63307
-0.102694 -0.0394205 0.325868 -0.237157 0.40303 -0.62912
-0.0804489 -0.0750198 -0.150275 0.10629 0.184066 2.52598
-0.046488 -0.0996939 0.0489616 -0.0353318 0.0603786 -0.625091
-0.00575696 -0.109849 0.00136751 0.0152127 0.015274 1.48114
0.0358125 -0.104007 -0.0165361 -0.00158015 0.0166114 -3.04632
0.0721665 -0.0830181 0.0101758 0.0154884 0.018532 0.989519
0.0980107 -0.049939 -0.0223749 0.00516614 0.0229635 2.91468
0.109581 -0.00958713 0.0128742 -0.00617215 0.0142773 -0.447047
0.105194 0.0321609 -0.0314416 -0.0100495 0.0330086 -2.83223
0.0854861 0.0692252 0.0605931 0.0505886 0.078935 0.695657
0.0533291 0.0962082 -0.0844641 -0.156389 0.177741 -2.066
0.0134056 0.10918 0.02853 0.392075 0.393112 1.49816
-0.0284701 0.106252 0.239297 -0.747215 0.784597 -1.26086
# x y Real Imaginary Modulus Phase <-> f = 0 s = 7
-0.109996 0.000959919 0.767654 -0.0776231 0.771568 -0.100775
-0.102346 -0.0403151 -0.616862 0.356705 0.712571 2.61731
-0.0797912 -0.075719 0.348809 -0.204026 0.404097 -0.52926
-0.0456163 -0.100096 -0.122608 0.0907338 0.15253 2.5045
-0.00479813 -0.109895 0.00785097 -0.0427468 0.0434618 -1.38916
0.0367188 -0.103691 0.0156131 0.00545031 0.016537 0.335861
0.0728882 -0.0823851 -0.0294512 -0.00574825 0.030007 -2.94884
0.0984428 -0.0490818 0.00562424 0.0083492 0.0100668 0.977991
0.109661 -0.0086305 -0.0255568 0.00928251 0.0271904 2.7932
0.104909 0.0330776 0.00790485 -0.00984842 0.0126285 -0.894441
0.0848787 0.0699686 -0.0289112 -0.00992712 0.030568 -2.81084
0.0524875 0.0966699 0.0600465 0.0500779 0.0781881 0.695123
0.0124524 0.109293 -0.0784225 -0.174268 0.191101 -1.99366
-0.0293962 0.105999 0.00649928 0.464171 0.464217 1.5568
-0.0669638 0.0872689 0.155412 -0.771888 0.787378 -1.37211
# x y Real Imaginary Modulus Phase <-> f = 0 s = 8
-0.10199 -0.0412067 0.727384 -0.151304 0.742954 -0.205086
-0.0791274 -0.0764124 -0.622389 0.320776 0.700189 2.6657
-0.044741 -0.10049 0.261125 -0.176104 0.314958 -0.593341
-0.00383894 -0.109933 -0.0271194 0.0955787 0.0993517 1.84727
0.0376222 -0.103366 -0.0240983 -0.0288353 0.0375793 -2.26694
0.0736044 -0.0817459 0.0349821 -0.00474813 0.0353029 -0.134906
0.0988673 -0.0482208 -0.0354459 -0.00680325 0.0360929 -2.95197
0.109732 -0.00767321 0.00373907 0.00359164 0.00518464 0.765291
0.104616 0.0339919 -0.0263716 0.010784 0.0284913 2.75342
0.0842649 0.0707066 0.0141226 -0.00785448 0.0161598 -0.507564
0.0516419 0.0971242 -0.0351852 -0.00793962 0.0360699 -2.91966
0.0114981 0.109397 0.0605887 0.0637308 0.0879352 0.810667
-0.0303201 0.105739 -0.0723506 -0.233826 0.244764 -1.87087
-0.0677228 0.0866812 0.0801343 0.52732 0.533374 1.41998
-0.0952628 0.055 0.07244 -0.746291 0.749798 -1.47403
# x y Real Imaginary Modulus Phase <-> f = 0 s = 9
-0.0784575 -0.0771 0.865096 -0.0546656 0.866821 -0.0631063
-0.0438624 -0.100877 -0.50418 0.152209 0.526655 2.8484
-0.00287946 -0.109962 0.111948 -0.139398 0.178785 -0.89418
0.0385228 -0.103034 0.0168062 0.0645173 0.0666703 1.31597
0.0743149 -0.0811005 -0.0341627 -0.00868552 0.0352495 -2.89263
0.0992844 -0.0473562 0.0419756 -0.0130487 0.043957 -0.301395
0.109795 -0.00671534 -0.0329522 -0.00648317 0.0335839 -2.94733
0.104316 0.0349035 0.00418863 0.0100343 0.0108735 1.17535
0.0836447 0.0714393 -0.020745 0.00835075 0.0223627 2.7589
0.0507923 0.0975712 0.0193181 0.000229982 0.0193195 0.0119045
0.010543 0.109494 -0.0326607 -0.0238884 0.0404646 -2.5101
-0.0312417 0.10547 0.0419421 0.110719 0.118397 1.20869
-0.0684766 0.0860869 -0.073026 -0.300942 0.309676 -1.80885
-0.0957391 0.0541666 0.0774307 0.598918 0.603903 1.44223
-0.109059 0.0143579 0.00288601 -0.79846 0.798465 -1.56718
# x y Real Imaginary Modulus Phase <-> f = 0 s = 10
-0.0429804 -0.101256 0.892361 0.136153 0.902688 0.151408
-0.00191976 -0.109983 -0.348069 0.118397 0.367654 2.81372
0.0394205 -0.102694 0.0731115 -0.117546 0.138428 -1.01437
0.0750198 -0.0804489 0.0115363 0.0544207 0.05563 1.3619
0.0996939 -0.046488 -0.0310984 -0.0102659 0.0327491 -2.82274
0.109849 -0.00575696 0.0374764 -0.00103365 0.0374906 -0.0275743
0.104007 0.0358125 -0.0274953 -0.0105661 0.0294557 -2.7747
0.0830181 0.0721665 0.00821526 0.0165669 0.0184919 1.11045
0.049939 0.0980107 -0.0124595 0.000100708 0.0124599 3.13351
0.00958713 0.109581 0.0121459 0.007503 0.0142764 0.553363
-0.0321609 0.105194 -0.0114593 -0.0408182 0.0423962 -1.84449
-0.0692252 0.0854861 0.0276058 0.132129 0.134982 1.36483
-0.0962082 0.0533291 -0.0386941 -0.302469 0.304934 -1.69803
-0.10918 0.0134056 0.0413719 0.597337 0.598768 1.50165
-0.106252 -0.0284701 0.125544 -0.781878 0.791893 -1.41159
# x y Real Imaginary Modulus Phase <-> f = 0 s = 11
-0.000959919 -0.109996 0.765693 0.211689 0.794417 0.26973
0.0403151 -0.102346 -0.3182 0.0961197 0.3324 2.84823
0.075719 -0.0797912 0.0943663 -0.119913 0.152591 -0.904059
0.100096 -0.0456163 -0.00250787 0.077568 0.0776086 1.60312
0.109895 -0.00479813 -0.0121893 -0.0383115 0.0402038 -1.87883
0.103691 0.0367188 0.00784633 0.0161417 0.0179477 1.11834
0.0823851 0.0728882 -0.0111608 -0.0064626 0.0128969 -2.61673
0.0490818 0.0984428 0.00884552 0.00986389 0.0132491 0.839776
0.0086305 0.109661 -0.00602041 -0.000449126 0.00603714 -3.06713
-0.0330776 0.104909 0.00676347 0.0074759 0.0100814 0.835389
-0.0699686 0.0848787 -0.0075637 -0.0379881 0.0387338 -1.76733
-0.0966699 0.0524875 0.0238559 0.103068 0.105793 1.34334
-0.109293 0.0124524 -0.0502265 -0.234245 0.239569 -1.78202
-0.105999 -0.0293962 0.00318912 0.42343 0.423442 1.56326
-0.0872689 -0.0669638 0.296333 -0.676066 0.738159 -1.1577
# x y Real Imaginary Modulus Phase <-> f = 0 s = 12
0.0412067 -0.10199 0.820254 0.19727 0.843642 0.236017
0.0764124 -0.0791274 -0.420786 0.107401 0.434276 2.89169
0.10049 -0.044741 0.172692 -0.159214 0.234886 -0.744811
0.109933 -0.00383894 -0.0718025 0.106234 0.128224 2.16516
0.103366 0.0376222 0.0356895 -0.0512804 0.0624774 -0.962781
0.0817459 0.0736044 -0.0141097 0.0158263 0.0212027 2.29891
0.0482208 0.0988673 0.000728069 -0.00509213 0.00514392 -1.42878
0.00767321 0.109732 0.00568579 0.00428103 0.00711726 0.645376
-0.0339919 0.104616 -0.00275064 0.00182061 0.00329858 2.55691
-0.0707066 0.0842649 0.00961152 0.00262512 0.00996356 0.266619
-0.0971242 0.0516419 -0.0268288 -0.0146229 0.0305551 -2.64256
-0.109397 0.0114981 0.0627337 0.0420636 0.0755306 0.590658
-0.105739 -0.0303201 -0.0880474 -0.108221 0.139514 -2.25377
-0.0866812 -0.0677228 0.0277638 0.280107 0.281479 1.472
-0.055 -0.0952628 0.276044 -0.508633 0.578712 -1.07356
# x y Real Imaginary Modulus Phase <-> f = 0 s = 13
0.0771 -0.0784575 0.949957 0.0355265 0.950621 0.0373806
0.100877 -0.0438624 -0.579008 0.238572 0.626233 2.75075
0.109962 -0.00287946 0.335908 -0.223064 0.403227 -0.586197
0.103034 0.0385228 -0.182988 0.105525 0.211235 2.6185
0.0811005 0.0743149 0.0833754 -0.0271048 0.0876706 -0.314316
0.0473562 0.0992844 -0.0236036 0.0012041 0.0236343 3.09062
0.00671534 0.109795 0.00495379 -0.00461902 0.00677314 -0.750441
-0.0349035 0.104316 0.0025841 0.00583653 0.006383 1.15399
-0.0714393 0.0836447 -0.00882463 0.0108636 0.0139961 2.253
-0.0975712 0.0507923 0.00868467 -0.0153682 0.0176523 -1.05643
-0.109494 0.010543 -0.025683 0.012865 0.028725 2.67721
-0.10547 -0.0312417 0.0534175 -0.00209688 0.0534587 -0.0392345
-0.0860869 -0.0684766 -0.0744933 -0.0643531 0.0984407 -2.4291
-0.0541666 -0.0957391 0.0266983 0.233 0.234525 1.45671
-0.0143579 -0.109059 0.30338 -0.533394 0.613636 -1.05366
# x y Real Imaginary Modulus Phase <-> f = 0 s = 14
0.101256 -0.0429804 0.744438 -0.0906127 0.749933 -0.121124
0.109983 -0.00191976 -0.576148 0.446977 0.729202 2.48178
0.102694 0.0394205 0.413409 -0.301936 0.511931 -0.63081
0.0804489 0.0750198 -0.212021 0.124876 0.246063 2.60932
0.046488 0.0996939 0.0904528 -0.042041 0.0997454 -0.43508
0.00575696 0.109849 -0.0220575 0.0213712 0.0307126 2.37199
-0.0358125 0.104007 -0.000442737 -0.0132047 0.0132121 -1.60431
-0.0721665 0.0830181 0.00224831 0.0133464 0.0135345 1.40391
-0.0980107 0.049939 -0.0191938 0.0113532 0.0223001 2.60745
-0.109581 0.00958713 0.0110451 -0.0321674 0.0340108 -1.24005
-0.105194 -0.0321609 -0.0135471 0.0313231 0.0341271 1.979
-0.0854861 -0.0692252 0.0399769 -0.0101591 0.0412476 -0.248857
-0.0533291 -0.0962082 -0.0751045 -0.0756111 0.106573 -2.35283
-0.0134056 -0.10918 0.00496617 0.308954 0.308994 1.55472
0.0284701 -0.106252 0.313899 -0.724411 0.789496 -1.1619
# x y Real Imaginary Modulus Phase <-> f = 0 s = 15
0.109996 -0.000959919 0.657935 0.0130433 0.658064 0.019822
0.102346 0.0403151 -0.53038 0.437584 0.687592 2.45177
0.0797912 0.075719 0.349931 -0.285618 0.451696 -0.684549
0.0456163 0.100096 -0.157093 0.134621 0.206884 2.43308
0.00479813 0.109895 0.0388124 -0.0556385 0.0678384 -0.961695
-0.0367188 0.103691 0.0011147 0.0254187 0.0254432 1.52697
-0.0728882 0.0823851 -0.014849 -0.00945513 0.0176037 -2.57459
-0.0984428 0.0490818 0.000174236 0.00975278 0.00975434 1.55293
-0.109661 0.0086305 -0.0233201 0.0105109 0.0255794 2.71814
-0.104909 -0.0330776 0.0127181 -0.0404028 0.0423572 -1.26583
-0.0848787 -0.0699686 -0.0130861 0.031175 0.0338102 1.96822
-0.0524875 -0.0966699 0.0546458 0.0115042 0.0558437 0.207493
-0.0124524 -0.109293 -0.080034 -0.146566 0.166994 -2.07061
0.0293962 -0.105999 0.0027955 0.47639 0.476399 1.56493
0.0669638 -0.0872689 0.0735285 -0.784545 0.787983 -1.47735
