# x y Real Imaginary Modulus Phase <-> f = 0 s = 0
0.10199 0.0412067 0.740271 -0.0210852 0.740571 -0.0284753
0.0791274 0.0764124 -0.555104 0.328271 0.644905 2.60754
0.044741 0.10049 0.290321 -0.238567 0.375767 -0.687855
0.00383894 0.109933 -0.0933672 0.113725 0.147142 2.25821
-0.0376222 0.103366 0.0130608 -0.0534301 0.0550033 -1.33105
-0.0736044 0.0817459 0.00567084 0.0153681 0.016381 1.2173
-0.0988673 0.0482208 -0.0282527 -0.000232338 0.0282537 -3.13337
-0.109732 0.00767321 -0.00131624 0.00268186 0.00298745 2.02705
-0.104616 -0.0339919 -0.0198404 0.020058 0.0282128 2.35074
-0.0842649 -0.0707066 0.00634848 -0.0309885 0.0316322 -1.36873
-0.0516419 -0.0971242 -0.0267257 0.00155851 0.0267711 3.08334
-0.0114981 -0.109397 0.0651688 0.070573 0.09606 0.82519
0.0303201 -0.105739 -0.0629523 -0.276493 0.283569 -1.79466
0.0677228 -0.0866812 0.130242 0.638417 0.651567 1.36955
0.0952628 -0.055 -0.00106786 -0.636079 0.636079 -1.57248
# x y Real Imaginary Modulus Phase <-> f = 0 s = 1
0.0784575 0.0771 0.806109 -0.0738852 0.809487 -0.0914013
0.0438624 0.100877 -0.567619 0.285547 0.635396 2.6755
0.00287946 0.109962 0.236052 -0.188339 0.30198 -0.673442
-0.0385228 0.103034 -0.0541727 0.112483 0.124848 2.01962
-0.0743149 0.0811005 0.000954353 -0.0483803 0.0483897 -1.55107
-0.0992844 0.0473562 0.00608545 0.0104062 0.0120549 1.04163
-0.109795 0.00671534 -0.0280513 0.00233408 0.0281483 3.05858
-0.104316 -0.0349035 0.000680076 0.00849978 0.00852694 1.49096
-0.0836447 -0.0714393 -0.0201835 0.0156969 0.0255688 2.48059
-0.0507923 -0.0975712 0.00845533 -0.00599653 0.0103659 -0.616875
-0.010543 -0.109494 -0.0285563 -0.0381635 0.0476646 -2.21318
0.0312417 -0.10547 0.0226758 0.1439 0.145676 1.4145
0.0684766 -0.0860869 -0.0595732 -0.392199 0.396698 -1.72154
0.0957391 -0.0541666 0.193648 0.61711 0.64678 1.26673
0.109059 -0.0143579 0.0488129 -0.677974 0.679729 -1.49892
# x y Real Imaginary Modulus Phase <-> f = 0 s = 2
0.0429804 0.101256 0.852172 -0.0942794 0.857371 -0.110186
0.00191976 0.109983 -0.524224 0.208439 0.564143 2.76315
-0.0394205 0.102694 0.186415 -0.194606 0.269484 -0.806892
-0.0750198 0.0804489 -0.0388825 0.108327 0.115094 1.91541
-0.0996939 0.046488 0.00116286 -0.0501676 0.0501811 -1.54762
-0.109849 0.00575696 0.0127658 0.0125546 0.0179048 0.777056
-0.104007 -0.0358125 -0.0185442 -0.00193419 0.0186448 -3.03767
-0.0830181 -0.0721665 0.00862838 0.0129024 0.0155216 0.981358
-0.049939 -0.0980107 -0.00818178 0.0085942 0.011866 2.33162
-0.00958713 -0.109581 0.00590416 0.0138532 0.0150589 1.16791
0.0321609 -0.105194 0.00211034 -0.0579877 0.058026 -1.53442
0.0692252 -0.0854861 0.00963597 0.178204 0.178464 1.51678
0.0962082 -0.0533291 -0.0979619 -0.355598 0.368845 -1.83961
0.10918 -0.0134056 0.11046 0.557527 0.568364 1.3752
0.106252 0.0284701 0.1012 -0.761089 0.767788 -1.4386
# x y Real Imaginary Modulus Phase <-> f = 0 s = 3
0.000959919 0.109996 0.889619 -0.0201321 0.889846 -0.0226262
-0.0403151 0.102346 -0.481209 0.227216 0.532156 2.70045
-0.075719 0.0797912 0.173523 -0.183784 0.252758 -0.814107
-0.100096 0.0456163 -0.0450174 0.108811 0.117756 1.96308
-0.109895 0.00479813 -0.00190594 -0.049331 0.0493678 -1.60941
-0.103691 -0.0367188 0.00836964 0.0223673 0.0238819 1.21273
-0.0823851 -0.0728882 -0.00887266 -0.00694238 0.0112659 -2.47765
-0.0490818 -0.0984428 0.0100482 0.00514809 0.0112902 0.47347
-0.0086305 -0.109661 -0.00446844 6.62135e-05 0.00446893 3.12678
0.0330776 -0.104909 -0.00102552 0.0134214 0.0134605 1.64706
0.0699686 -0.0848787 0.0032128 -0.0693693 0.0694436 -1.52451
0.0966699 -0.0524875 0.0505499 0.156477 0.164439 1.25833
0.109293 -0.0124524 -0.0912836 -0.287587 0.301727 -1.87815
0.105999 0.0293962 0.0611974 0.527785 0.531321 1.45536
0.0872689 0.0669638 0.125063 -0.783282 0.793204 -1.41247
# x y Real Imaginary Modulus Phase <-> f = 0 s = 4
-0.0412067 0.10199 0.866953 -0.0496894 0.868376 -0.0572523
-0.0764124 0.0791274 -0.476347 0.200938 0.516993 2.74241
-0.10049 0.044741 0.198822 -0.183456 0.270529 -0.745224
-0.109933 0.00383894 -0.0611078 0.112285 0.127836 2.06919
-0.103366 -0.0376222 0.0207034 -0.054035 0.0578655 -1.2049
-0.0817459 -0.0736044 -0.00767621 0.0187852 0.020293 1.95872
-0.0482208 -0.0988673 -0.00252091 -0.00188048 0.00314502 -2.50069
-0.00767321 -0.109732 0.0112036 0.000459294 0.011213 0.0409725
0.0339919 -0.104616 -0.00560482 -0.00352062 0.00661882 -2.58074
0.0707066 -0.0842649 0.00967264 0.0194808 0.02175 1.10994
0.0971242 -0.0516419 -0.0332338 -0.0436085 0.0548287 -2.22199
0.109397 -0.0114981 0.0557935 0.0942184 0.109499 1.03615
0.105739 0.0303201 -0.0776986 -0.216756 0.230261 -1.91499
0.0866812 0.0677228 0.0286367 0.449081 0.449993 1.50712
0.055 0.0952628 0.200183 -0.745327 0.771742 -1.3084
# x y Real Imaginary Modulus Phase <-> f = 0 s = 5
-0.0771 0.0784575 0.889798 -0.0426498 0.890819 -0.0478954
-0.100877 0.0438624 -0.551464 0.239195 0.601105 2.73234
-0.109962 0.00287946 0.261173 -0.224567 0.344445 -0.710179
-0.103034 -0.0385228 -0.128123 0.125381 0.179265 2.36701
-0.0811005 -0.0743149 0.0583686 -0.0446926 0.0735141 -0.653471
-0.0473562 -0.0992844 -0.013532 0.00862174 0.0160452 2.57431
-0.00671534 -0.109795 -0.00521452 -0.00332788 0.00618596 -2.57356
0.0349035 -0.104316 0.01449 0.00613153 0.0157339 0.400308
0.0714393 -0.0836447 -0.0149968 -0.00421695 0.0155784 -2.86748
0.0975712 -0.0507923 0.0220346 0.00434182 0.0224583 0.194553
0.109494 -0.010543 -0.033343 -0.0191601 0.038456 -2.62003
0.10547 0.0312417 0.0676794 0.0646933 0.0936254 0.762844
0.0860869 0.0684766 -0.0986758 -0.180528 0.205736 -2.07102
0.0541666 0.0957391 0.061074 0.416076 0.420534 1.42505
0.0143579 0.109059 0.162218 -0.736913 0.754556 -1.35412
# x y Real Imaginary Modulus Phase <-> f = 0 s = 6
-0.101256 0.0429804 0.825714 -0.0401407 0.826689 -0.0485751
-0.109983 0.00191976 -0.537489 0.319428 0.625244 2.60538
-0.102694 -0.0394205 0.320697 -0.2478 0.405279 -0.657867
-0.0804489 -0.0750198 -0.147889 0.112798 0.185997 2.49
-0.046488 -0.0996939 0.0502016 -0.0400901 0.064245 -0.673876
-0.00575696 -0.109849 0.0013436 0.0128651 0.0129351 1.46674
0.0358125 -0.104007 -0.0141446 0.00193087 0.0142758 3.00592
0.0721665 -0.0830181 0.0164962 0.0134411 0.0212788 0.683699
0.0980107 -0.049939 -0.0243469 0.00899935 0.0259569 2.78754
0.109581 -0.00958713 0.0109684 -0.00563243 0.0123301 -0.474399
0.105194 0.0321609 -0.0337144 -0.0114322 0.0355999 -2.81467
0.0854861 0.0692252 0.0686285 0.0522409 0.0862496 0.650639
0.0533291 0.0962082 -0.0990636 -0.161942 0.189839 -2.11979
0.0134056 0.10918 0.0516614 0.402139 0.405444 1.44303
-0.0284701 0.106252 0.209282 -0.752468 0.78103 -1.29952
# x y Real Imaginary Modulus Phase <-> f = 0 s = 7
-0.109996 0.000959919 0.758215 -0.0656138 0.761048 -0.0863222
-0.102346 -0.0403151 -0.604449 0.360277 0.703675 2.60409
-0.0797912 -0.075719 0.345758 -0.210463 0.404775 -0.546792
-0.0456163 -0.100096 -0.122818 0.0966546 0.15629 2.47485
-0.00479813 -0.109895 0.00962098 -0.0424101 0.0434877 -1.34772
0.0367188 -0.103691 0.0141294 0.00705212 0.0157915 0.462936
0.0728882 -0.0823851 -0.0300731 0.00347113 0.0302727 3.02668
0.0984428 -0.0490818 0.00993362 0.00659091 0.0119213 0.585804
0.109661 -0.0086305 -0.0284236 0.012252 0.0309518 2.73461
0.104909 0.0330776 0.00511494 -0.00899949 0.0103515 -1.05397
0.0848787 0.0699686 -0.0319935 -0.0119421 0.0341496 -2.78434
0.0524875 0.0966699 0.0670314 0.0519041 0.0847777 0.658889
0.0124524 0.109293 -0.0924931 -0.179011 0.201494 -2.04771
-0.0293962 0.105999 0.0267538 0.469915 0.470676 1.51392
-0.0669638 0.0872689 0.137696 -0.75661 0.769037 -1.39078
# x y Real Imaginary Modulus Phase <-> f = 0 s = 8
-0.10199 -0.0412067 0.720571 -0.139089 0.733872 -0.190682
-0.0791274 -0.0764124 -0.612155 0.328688 0.694816 2.64884
-0.044741 -0.10049 0.260559 -0.186721 0.320555 -0.62179
-0.00383894 -0.109933 -0.0265846 0.0988722 0.102384 1.83346
0.0376222 -0.103366 -0.0285359 -0.0281715 0.040099 -2.36262
0.0736044 -0.0817459 0.0279299 -0.00887676 0.0293066 -0.307727
0.0988673 -0.0482208 -0.0377343 0.00462161 0.0380163 3.01972
0.109732 -0.00767321 0.00667117 0.00172058 0.00688948 0.252412
0.104616 0.0339919 -0.0283135 0.0147671 0.0319331 2.66085
0.0842649 0.0707066 0.0142518 -0.00900326 0.0168574 -0.563422
0.0516419 0.0971242 -0.036921 -0.00833007 0.037849 -2.91969
0.0114981 0.109397 0.067907 0.0656947 0.0944836 0.768841
-0.0303201 0.105739 -0.0870454 -0.2385 0.253888 -1.92075
-0.0677228 0.0866812 0.0987065 0.521684 0.530939 1.3838
-0.0952628 0.055 0.0694707 -0.72808 0.731387 -1.47567
# x y Real Imaginary Modulus Phase <-> f = 0 s = 9
-0.0784575 -0.0771 0.850767 -0.0523442 0.852375 -0.0614485
-0.0438624 -0.100877 -0.502005 0.166095 0.528769 2.82207
-0.00287946 -0.109962 0.112282 -0.14494 0.183343 -0.911687
0.0385228 -0.103034 0.018901 0.0582331 0.0612237 1.25695
0.0743149 -0.0811005 -0.0311428 -0.0115529 0.0332166 -2.78636
0.0992844 -0.0473562 0.0327135 -0.0211941 0.038979 -0.574877
0.109795 -0.00671534 -0.0343286 0.00439505 0.0346088 3.01426
0.104316 0.0349035 0.00729779 0.00793585 0.0107813 0.827258
0.0836447 0.0714393 -0.0228425 0.0134284 0.0264972 2.61014
0.0507923 0.0975712 0.0202192 -0.000282562 0.0202211 -0.013974
0.010543 0.109494 -0.0360786 -0.0244014 0.0435556 -2.54692
-0.0312417 0.10547 0.0490693 0.114979 0.125012 1.16743
-0.0684766 0.0860869 -0.0845453 -0.301878 0.313493 -1.84387
-0.0957391 0.0541666 0.0884093 0.592629 0.599187 1.42271
-0.109059 0.0143579 0.00477611 -0.784711 0.784726 -1.56471
# x y Real Imaginary Modulus Phase <-> f = 0 s = 10
-0.0429804 -0.101256 0.883748 0.117365 0.891507 0.132031
-0.00191976 -0.109983 -0.346742 0.130044 0.370326 2.78278
0.0394205 -0.102694 0.0737814 -0.115883 0.137377 -1.00384
0.0750198 -0.0804489 0.0163144 0.0597716 0.061958 1.30434
0.0996939 -0.046488 -0.0244456 -0.0147089 0.0285296 -2.59993
0.109849 -0.00575696 0.0279236 -0.00737924 0.0288822 -0.258359
0.104007 0.0358125 -0.0285844 -0.0017937 0.0286407 -3.07892
0.0830181 0.0721665 0.0127361 0.0133862 0.018477 0.810279
0.049939 0.0980107 -0.0137232 0.00298088 0.0140432 2.9277
0.00958713 0.109581 0.0129711 0.0084249 0.015467 0.576032
-0.0321609 0.105194 -0.0141147 -0.043429 0.0456651 -1.88503
-0.0692252 0.0854861 0.0355998 0.132861 0.137548 1.309
-0.0962082 0.0533291 -0.0449008 -0.301385 0.304711 -1.71869
-0.10918 0.0134056 0.0517714 0.594625 0.596875 1.48395
-0.106252 -0.0284701 0.118078 -0.768367 0.777387 -1.41832
# x y Real Imaginary Modulus Phase <-> f = 0 s = 11
-0.000959919 -0.109996 0.772975 0.195612 0.797342 0.24786
0.0403151 -0.102346 -0.321523 0.100863 0.336972 2.83761
0.075719 -0.0797912 0.0900976 -0.120855 0.150743 -0.930181
0.100096 -0.0456163 0.00212021 0.0830082 0.0830353 1.54526
0.109895 -0.00479813 -0.00821134 -0.0420534 0.0428476 -1.76363
0.103691 0.0367188 0.00270549 0.0156816 0.0159133 1.39995
0.0823851 0.0728882 -0.00863844 -0.00118864 0.00871984 -3.00485
0.0490818 0.0984428 0.011537 0.00695166 0.0134695 0.542297
0.0086305 0.109661 -0.00600016 0.000407852 0.00601401 3.07372
-0.0330776 0.104909 0.00549641 0.00796637 0.00967852 0.966846
-0.0699686 0.0848787 -0.0105266 -0.0417207 0.0430282 -1.81795
-0.0966699 0.0524875 0.0273824 0.105214 0.108719 1.31619
-0.109293 0.0124524 -0.0582592 -0.237785 0.244818 -1.81107
-0.105999 -0.0293962 0.0149654 0.426769 0.427031 1.53574
-0.0872689 -0.0669638 0.275765 -0.679883 0.733681 -1.18547
# x y Real Imaginary Modulus Phase <-> f = 0 s = 12
0.0412067 -0.10199 0.82584 0.184878 0.846281 0.220235
0.0764124 -0.0791274 -0.421002 0.107349 0.434473 2.89193
0.10049 -0.044741 0.164592 -0.162403 0.231225 -0.778706
0.109933 -0.00383894 -0.0700858 0.114349 0.134118 2.12065
0.103366 0.0376222 0.0377591 -0.0560463 0.0675791 -0.977932
0.0817459 0.0736044 -0.0184062 0.0166628 0.0248282 2.40587
0.0482208 0.0988673 0.00188155 -0.00178039 0.00259037 -0.757783
0.00767321 0.109732 0.00629149 0.00210522 0.00663436 0.322902
-0.0339919 0.104616 -0.00173201 0.00108442 0.00204349 2.5822
-0.0707066 0.0842649 0.00874878 0.000395606 0.00875772 0.0451876
-0.0971242 0.0516419 -0.0237953 -0.0139397 0.0275777 -2.61167
-0.109397 0.0114981 0.0641118 0.0434585 0.077453 0.595708
-0.105739 -0.0303201 -0.0913978 -0.11028 0.143231 -2.26284
-0.0866812 -0.0677228 0.0390988 0.283994 0.286672 1.43398
-0.055 -0.0952628 0.267105 -0.517564 0.582424 -1.09437
# x y Real Imaginary Modulus Phase <-> f = 0 s = 13
0.0771 -0.0784575 0.948914 0.0365005 0.949616 0.0384466
0.100877 -0.0438624 -0.568064 0.236607 0.61537 2.74693
0.109962 -0.00287946 0.322708 -0.22738 0.394768 -0.613805
0.103034 0.0385228 -0.176602 0.11217 0.209214 2.57572
0.0811005 0.0743149 0.0839892 -0.0353125 0.0911107 -0.398003
0.0473562 0.0992844 -0.0286576 0.00487564 0.0290694 2.97307
0.00671534 0.109795 0.00657698 -0.00511737 0.00833332 -0.661227
-0.0349035 0.104316 0.00496562 0.00598718 0.00777841 0.878399
-0.0714393 0.0836447 -0.00356605 0.0122182 0.0127279 1.85477
-0.0975712 0.0507923 0.00731581 -0.0109363 0.0131577 -0.981217
-0.109494 0.010543 -0.0272402 0.0150503 0.0311214 2.63683
-0.10547 -0.0312417 0.0511496 -0.00795363 0.0517643 -0.154262
-0.0860869 -0.0684766 -0.0717125 -0.0631171 0.0955324 -2.41986
-0.0541666 -0.0957391 0.0272224 0.23854 0.240089 1.45717
-0.0143579 -0.109059 0.300283 -0.543798 0.621197 -1.06627
# x y Real Imaginary Modulus Phase <-> f = 0 s = 14
0.101256 -0.0429804 0.737007 -0.0799304 0.741329 -0.10803
0.109983 -0.00191976 -0.565837 0.446864 0.721012 2.47314
0.102694 0.0394205 0.407866 -0.310077 0.51235 -0.650024
0.0804489 0.0750198 -0.211678 0.1312 0.249041 2.58673
0.046488 0.0996939 0.0937047 -0.0485144 0.105519 -0.477737
0.00575696 0.109849 -0.0226392 0.0218794 0.031484 2.37326
-0.0358125 0.104007 -0.00189616 -0.0134532 0.0135861 -1.71082
-0.0721665 0.0830181 0.00636709 0.0121148 0.0136861 1.08691
-0.0980107 0.049939 -0.0153677 0.0152559 0.0216543 2.35984
-0.109581 0.00958713 0.00152768 -0.0298677 0.0299067 -1.51969
-0.105194 -0.0321609 -0.0133647 0.024431 0.0278476 2.07136
-0.0854861 -0.0692252 0.0451356 -0.00744157 0.0457449 -0.163401
-0.0533291 -0.0962082 -0.0774902 -0.070477 0.104746 -2.40356
-0.0134056 -0.10918 0.00594364 0.304697 0.304755 1.55129
0.0284701 -0.106252 0.314004 -0.722837 0.788094 -1.16099
# x y Real Imaginary Modulus Phase <-> f = 0 s = 15
0.109996 -0.000959919 0.674645 0.0211044 0.674975 0.0312721
0.102346 0.0403151 -0.519319 0.430751 0.674714 2.44915
0.0797912 0.075719 0.340925 -0.289818 0.447464 -0.704548
0.0456163 0.100096 -0.151583 0.144202 0.209216 2.38114
0.00479813 0.109895 0.0386766 -0.0605399 0.0718398 -1.00229
-0.0367188 0.103691 0.00163216 0.026181 0.0262318 1.50854
-0.0728882 0.0823851 -0.0179403 -0.00666947 0.0191399 -2.78567
-0.0984428 0.0490818 0.00289129 0.00679198 0.00738178 1.16834
-0.109661 0.0086305 -0.0198623 0.0181501 0.0269061 2.40121
-0.104909 -0.0330776 0.00147341 -0.0401676 0.0401946 -1.53413
-0.0848787 -0.0699686 -0.00993778 0.0218134 0.0239704 1.99828
-0.0524875 -0.0966699 0.0617341 0.0118645 0.0628638 0.189873
-0.0124524 -0.109293 -0.0895339 -0.141364 0.167332 -2.13538
0.0293962 -0.105999 0.00990541 0.468504 0.468609 1.54966
0.0669638 -0.0872689 0.0740799 -0.77972 0.783231 -1.47607
