# x y Real Imaginary Modulus Phase <-> f = 0 s = 0
0.10199 0.0412067 0.729633 -0.0381688 0.730631 -0.0522647
0.0791274 0.0764124 -0.572123 0.332406 0.661678 2.61526
0.044741 0.10049 0.298269 -0.224843 0.373522 -0.645944
0.00383894 0.109933 -0.096784 0.104785 0.142643 2.31652
-0.0376222 0.103366 0.0159517 -0.0477662 0.0503593 -1.24849
-0.0736044 0.0817459 0.00368646 0.014137 0.0146098 1.31571
-0.0988673 0.0482208 -0.0225902 0.00155648 0.0226438 3.0728
-0.109732 0.00767321 -0.000575255 0.00822496 0.00824505 1.64062
-0.104616 -0.0339919 -0.0242766 0.0164551 0.0293278 2.54591
-0.0842649 -0.0707066 0.0101075 -0.0314438 0.0330284 -1.25978
-0.0516419 -0.0971242 -0.0245412 0.00399032 0.0248635 2.98041
-0.0114981 -0.109397 0.0543047 0.0673767 0.0865368 0.892416
0.0303201 -0.105739 -0.0498501 -0.284316 0.288653 -1.74437
0.0677228 -0.0866812 0.130204 0.646439 0.659422 1.37204
0.0952628 -0.055 -0.0182725 -0.636393 0.636655 -1.5995
# x y Real Imaginary Modulus Phase <-> f = 0 s = 1
0.0784575 0.0771 0.819375 -0.0857471 0.823849 -0.10427
0.0438624 0.100877 -0.580296 0.26547 0.638136 2.71254
0.00287946 0.109962 0.239159 -0.170202 0.29354 -0.618514
-0.0385228 0.103034 -0.058496 0.100787 0.116532 2.09667
-0.0743149 0.0811005 0.0037085 -0.0422222 0.0423848 -1.48319
-0.0992844 0.0473562 0.00307531 0.0105045 0.0109455 1.28599
-0.109795 0.00671534 -0.0228766 0.00350375 0.0231434 2.98961
-0.104316 -0.0349035 0.00265211 0.0132671 0.0135296 1.3735
-0.0836447 -0.0714393 -0.0221348 0.0154398 0.0269878 2.53252
-0.0507923 -0.0975712 0.00959475 -0.0064768 0.0115762 -0.593774
-0.010543 -0.109494 -0.0244347 -0.0333744 0.0413631 -2.20277
0.0312417 -0.10547 0.0114352 0.142916 0.143373 1.49095
0.0684766 -0.0860869 -0.0529511 -0.395956 0.399481 -1.70374
0.0957391 -0.0541666 0.192104 0.634929 0.663354 1.27699
0.109059 -0.0143579 0.0316655 -0.686114 0.686844 -1.52468
# x y Real Imaginary Modulus Phase <-> f = 0 s = 2
0.0429804 0.101256 0.882109 -0.0778368 0.885536 -0.0880115
0.00191976 0.109983 -0.53127 0.178175 0.560351 2.818
-0.0394205 0.102694 0.189741 -0.171353 0.255663 -0.734517
-0.0750198 0.0804489 -0.0422419 0.095793 0.104693 1.98612
-0.0996939 0.046488 0.00314338 -0.0450392 0.0451488 -1.50112
-0.109849 0.00575696 0.00829215 0.0120069 0.014592 0.966397
-0.104007 -0.0358125 -0.0146921 -0.00155375 0.014774 -3.03623
-0.0830181 -0.0721665 0.0107669 0.014639 0.0181721 0.936642
-0.049939 -0.0980107 -0.00891198 0.00926072 0.0128524 2.33701
-0.00958713 -0.109581 0.00543236 0.0111112 0.0123681 1.11606
0.0321609 -0.105194 0.00921349 -0.054881 0.055649 -1.40447
0.0692252 -0.0854861 0.00534373 0.177974 0.178054 1.54078
0.0962082 -0.0533291 -0.0853996 -0.363445 0.373343 -1.80158
0.10918 -0.0134056 0.103259 0.572106 0.58135 1.39223
0.106252 0.0284701 0.0988319 -0.777018 0.783278 -1.44428
# x y Real Imaginary Modulus Phase <-> f = 0 s = 3
0.000959919 0.109996 0.913753 0.0147379 0.913872 0.0161276
-0.0403151 0.102346 -0.484515 0.188606 0.51993 2.77037
-0.075719 0.0797912 0.176369 -0.161417 0.239085 -0.741163
-0.100096 0.0456163 -0.0472554 0.0982294 0.109005 2.01919
-0.109895 0.00479813 0.00241427 -0.0443434 0.0444091 -1.51641
-0.103691 -0.0367188 0.00456023 0.0199678 0.0204819 1.34627
-0.0823851 -0.0728882 -0.00728381 -0.00692566 0.0100508 -2.38139
-0.0490818 -0.0984428 0.0108758 0.00535087 0.0121209 0.457224
-0.0086305 -0.109661 -0.00457895 0.000419744 0.00459814 3.05018
0.0330776 -0.104909 -0.00359213 0.00998677 0.0106132 1.91608
0.0699686 -0.0848787 0.00661681 -0.0687762 0.0690938 -1.47488
0.0966699 -0.0524875 0.0396835 0.15494 0.159941 1.32006
0.109293 -0.0124524 -0.0780991 -0.287871 0.298277 -1.83572
0.105999 0.0293962 0.0420636 0.52875 0.53042 1.49141
0.0872689 0.0669638 0.153483 -0.795979 0.810641 -1.38031
# x y Real Imaginary Modulus Phase <-> f = 0 s = 4
-0.0412067 0.10199 0.891779 -0.00181602 0.89178 -0.0020364
-0.0764124 0.0791274 -0.484216 0.167405 0.512337 2.80873
-0.10049 0.044741 0.202163 -0.164737 0.260783 -0.683743
-0.109933 0.00383894 -0.066031 0.102842 0.122215 2.14157
-0.103366 -0.0376222 0.0240852 -0.048549 0.0541951 -1.11027
-0.0817459 -0.0736044 -0.00937614 0.01662 0.0190824 2.08444
-0.0482208 -0.0988673 -0.0013147 -0.00158918 0.00206251 -2.26195
-0.00767321 -0.109732 0.0105951 0.000485835 0.0106062 0.0458226
0.0339919 -0.104616 -0.00430001 -0.00205368 0.00476526 -2.69603
0.0707066 -0.0842649 0.00635946 0.0191228 0.0201525 1.24974
0.0971242 -0.0516419 -0.0255027 -0.0435056 0.0504294 -2.101
0.109397 -0.0114981 0.04786 0.0936545 0.105175 1.09837
0.105739 0.0303201 -0.0632933 -0.213429 0.222616 -1.85909
0.0866812 0.0677228 0.00357528 0.44291 0.442925 1.56272
0.055 0.0952628 0.23978 -0.74439 0.782056 -1.25918
# x y Real Imaginary Modulus Phase <-> f = 0 s = 5
-0.0771 0.0784575 0.913403 -0.0196173 0.913613 -0.0214739
-0.100877 0.0438624 -0.56111 0.215591 0.601102 2.77476
-0.109962 0.00287946 0.265043 -0.206777 0.336161 -0.662528
-0.103034 -0.0385228 -0.128179 0.11642 0.173157 2.40423
-0.0811005 -0.0743149 0.0582396 -0.041034 0.0712435 -0.613787
-0.0473562 -0.0992844 -0.0143035 0.00683021 0.0158506 2.69609
-0.00671534 -0.109795 -0.00289157 -0.00235078 0.00372657 -2.45899
0.0349035 -0.104316 0.0127449 0.00640922 0.0142657 0.465953
0.0714393 -0.0836447 -0.0124111 -0.00330195 0.0128428 -2.88157
0.0975712 -0.0507923 0.0186135 0.00540103 0.0193813 0.282412
0.109494 -0.010543 -0.0285209 -0.0201976 0.0349483 -2.52541
0.10547 0.0312417 0.0573074 0.0641256 0.0860014 0.841487
0.0860869 0.0684766 -0.0806402 -0.175422 0.19307 -2.00168
0.0541666 0.0957391 0.0304998 0.404882 0.406029 1.49561
0.0143579 0.109059 0.211476 -0.726505 0.756658 -1.28754
# x y Real Imaginary Modulus Phase <-> f = 0 s = 6
-0.101256 0.0429804 0.850812 -0.0528137 0.85245 -0.0619949
-0.109983 0.00191976 -0.559045 0.308175 0.63836 2.63779
-0.102694 -0.0394205 0.328866 -0.23503 0.404218 -0.620503
-0.0804489 -0.0750198 -0.151035 0.103553 0.183125 2.54058
-0.046488 -0.0996939 0.0509227 -0.0362354 0.062499 -0.618453
-0.00575696 -0.109849 -0.000802023 0.0132829 0.0133071 1.6311
0.0358125 -0.104007 -0.0133715 0.00259944 0.0136218 2.94959
0.0721665 -0.0830181 0.0143114 0.0160322 0.0214906 0.842047
0.0980107 -0.049939 -0.0190169 0.00917561 0.0211148 2.69204
0.109581 -0.00958713 0.0101832 -0.00343312 0.0107464 -0.325167
0.105194 0.0321609 -0.0300385 -0.0111567 0.0320434 -2.78597
0.0854861 0.0692252 0.0591265 0.0506739 0.0778703 0.708567
0.0533291 0.0962082 -0.0807361 -0.157258 0.176772 -2.04511
0.0134056 0.10918 0.021569 0.39359 0.39418 1.51605
-0.0284701 0.106252 0.241574 -0.754188 0.791933 -1.26081
# x y Real Imaginary Modulus Phase <-> f = 0 s = 7
-0.109996 0.000959919 0.765999 -0.0796868 0.770133 -0.103657
-0.102346 -0.0403151 -0.617787 0.359985 0.715018 2.61399
-0.0797912 -0.075719 0.353633 -0.20281 0.407661 -0.520709
-0.0456163 -0.100096 -0.123735 0.0917947 0.154067 2.50332
-0.00479813 -0.109895 0.0110454 -0.0406801 0.0421529 -1.30567
0.0367188 -0.103691 0.0103472 0.00450571 0.0112857 0.41069
0.0728882 -0.0823851 -0.0302793 0.000605465 0.0302854 3.1216
0.0984428 -0.0490818 0.00678512 0.0113783 0.0132478 1.03309
0.109661 -0.0086305 -0.0228538 0.0141632 0.0268866 2.58679
0.104909 0.0330776 0.00464045 -0.00574188 0.00738261 -0.89109
0.0848787 0.0699686 -0.0285527 -0.0123977 0.0311281 -2.73195
0.0524875 0.0966699 0.0588584 0.0517119 0.0783482 0.720854
0.0124524 0.109293 -0.0766055 -0.175557 0.191543 -1.98225
-0.0293962 0.105999 0.00589008 0.465143 0.46518 1.55813
-0.0669638 0.0872689 0.156188 -0.778489 0.794003 -1.37279
# x y Real Imaginary Modulus Phase <-> f = 0 s = 8
-0.10199 -0.0412067 0.723069 -0.153795 0.739244 -0.209575
-0.0791274 -0.0764124 -0.628614 0.323489 0.706965 2.66633
-0.044741 -0.10049 0.264224 -0.1767 0.317864 -0.589444
-0.00383894 -0.109933 -0.0322214 0.0919292 0.0974125 1.90792
0.0376222 -0.103366 -0.0197611 -0.0281295 0.0343769 -2.1832
0.0736044 -0.0817459 0.0278468 -0.00823934 0.0290402 -0.287674
0.0988673 -0.0482208 -0.0388958 -0.00134115 0.0389189 -3.10713
0.109732 -0.00767321 0.0033963 0.007209 0.00796898 1.13052
0.104616 0.0339919 -0.0231241 0.0157468 0.0279765 2.54375
0.0842649 0.0707066 0.011215 -0.00568581 0.012574 -0.469216
0.0516419 0.0971242 -0.032639 -0.00990787 0.0341097 -2.84687
0.0114981 0.109397 0.0587932 0.0665836 0.0888257 0.847454
-0.0303201 0.105739 -0.0734891 -0.235088 0.246306 -1.87378
-0.0677228 0.0866812 0.0750912 0.528855 0.53416 1.42975
-0.0952628 0.055 0.0692103 -0.748292 0.751486 -1.47857
# x y Real Imaginary Modulus Phase <-> f = 0 s = 9
-0.0784575 -0.0771 0.869278 -0.060718 0.871396 -0.0697355
-0.0438624 -0.100877 -0.507608 0.15403 0.530463 2.84698
-0.00287946 -0.109962 0.119441 -0.136707 0.181535 -0.852702
0.0385228 -0.103034 0.0117029 0.0636032 0.0646709 1.38883
0.0743149 -0.0811005 -0.0262375 -0.00952149 0.0279117 -2.79348
0.0992844 -0.0473562 0.0338662 -0.0187997 0.0387343 -0.506763
0.109795 -0.00671534 -0.0360524 -0.00186559 0.0361007 -3.08989
0.104316 0.0349035 0.0050533 0.0138188 0.0147137 1.22022
0.0836447 0.0714393 -0.0167089 0.0119597 0.020548 2.52036
0.0507923 0.0975712 0.0164741 0.000753804 0.0164913 0.045725
0.010543 0.109494 -0.0298035 -0.0253621 0.0391342 -2.43653
-0.0312417 0.10547 0.042249 0.113027 0.120665 1.21308
-0.0684766 0.0860869 -0.0702142 -0.300482 0.308577 -1.80035
-0.0957391 0.0541666 0.078278 0.602726 0.607788 1.44165
-0.109059 0.0143579 -0.000635452 -0.798612 0.798612 -1.57159
# x y Real Imaginary Modulus Phase <-> f = 0 s = 10
-0.0429804 -0.101256 0.892057 0.13457 0.90215 0.149725
-0.00191976 -0.109983 -0.349925 0.117098 0.368998 2.81867
0.0394205 -0.102694 0.076485 -0.118228 0.140811 -0.996585
0.0750198 -0.0804489 0.00662806 0.0577537 0.0581328 1.45653
0.0996939 -0.046488 -0.0236165 -0.0119831 0.0264827 -2.67204
0.109849 -0.00575696 0.0309844 -0.00552275 0.0314728 -0.17639
0.104007 0.0358125 -0.0288497 -0.00411608 0.0291419 -2.99988
0.0830181 0.0721665 0.0122581 0.0174306 0.0213093 0.957892
0.049939 0.0980107 -0.0101416 0.00172392 0.0102871 2.97322
0.00958713 0.109581 0.00938955 0.0089957 0.0130033 0.76398
-0.0321609 0.105194 -0.0100148 -0.0439324 0.0450594 -1.79493
-0.0692252 0.0854861 0.0271012 0.13099 0.133764 1.36678
-0.0962082 0.0533291 -0.034939 -0.305148 0.307142 -1.6848
-0.10918 0.0134056 0.0385746 0.603555 0.604786 1.50697
-0.106252 -0.0284701 0.124823 -0.788228 0.798051 -1.41374
# x y Real Imaginary Modulus Phase <-> f = 0 s = 11
-0.000959919 -0.109996 0.76758 0.214053 0.796868 0.271958
0.0403151 -0.102346 -0.321016 0.0951896 0.334832 2.85333
0.075719 -0.0797912 0.0987559 -0.119076 0.154699 -0.878413
0.100096 -0.0456163 -0.00574011 0.0754027 0.0756209 1.64678
0.109895 -0.00479813 -0.00841868 -0.0372621 0.0382013 -1.793
0.103691 0.0367188 0.00430256 0.0152983 0.0158918 1.29663
0.0823851 0.0728882 -0.00918406 -0.00209814 0.00942068 -2.91699
0.0490818 0.0984428 0.0116126 0.00771826 0.0139436 0.586602
0.0086305 0.109661 -0.00390413 -8.64327e-05 0.00390509 -3.11946
-0.0330776 0.104909 0.00402566 0.00824009 0.00917088 1.11635
-0.0699686 0.0848787 -0.00740631 -0.0411026 0.0417645 -1.74907
-0.0966699 0.0524875 0.0240849 0.105969 0.108672 1.34731
-0.109293 0.0124524 -0.0487586 -0.23687 0.241836 -1.77381
-0.105999 -0.0293962 0.00312936 0.426637 0.426648 1.56346
-0.0872689 -0.0669638 0.292869 -0.677496 0.738087 -1.16277
# x y Real Imaginary Modulus Phase <-> f = 0 s = 12
0.0412067 -0.10199 0.824824 0.202406 0.849296 0.240638
0.0764124 -0.0791274 -0.426566 0.102967 0.438817 2.90474
0.10049 -0.044741 0.176417 -0.153425 0.2338 -0.715804
0.109933 -0.00383894 -0.0754391 0.102419 0.127203 2.20565
0.103366 0.0376222 0.036683 -0.0477055 0.0601786 -0.915278
0.0817459 0.0736044 -0.0156986 0.0135446 0.020734 2.42972
0.0482208 0.0988673 0.000977338 -0.0025468 0.00272789 -1.20438
0.00767321 0.109732 0.0061795 0.00180745 0.00643841 0.284554
-0.0339919 0.104616 -0.000566769 0.000770677 0.000956645 2.2049
-0.0707066 0.0842649 0.00761948 0.00392538 0.00857118 0.475716
-0.0971242 0.0516419 -0.023966 -0.0162972 0.0289821 -2.54441
-0.109397 0.0114981 0.0579285 0.0440076 0.0727488 0.649673
-0.105739 -0.0303201 -0.0825775 -0.112507 0.139559 -2.20396
-0.0866812 -0.0677228 0.0266061 0.284159 0.285401 1.47744
-0.055 -0.0952628 0.280342 -0.509773 0.581773 -1.068
# x y Real Imaginary Modulus Phase <-> f = 0 s = 13
0.0771 -0.0784575 0.952122 0.0327231 0.952684 0.034355
0.100877 -0.0438624 -0.581418 0.239234 0.628713 2.75124
0.109962 -0.00287946 0.338625 -0.224084 0.406055 -0.584589
0.103034 0.0385228 -0.184786 0.104833 0.212452 2.62555
0.0811005 0.0743149 0.0860957 -0.0278862 0.0904992 -0.313235
0.0473562 0.0992844 -0.0284049 -0.00164639 0.0284525 -3.0837
0.00671534 0.109795 0.00531706 -0.00282626 0.00602153 -0.488565
-0.0349035 0.104316 0.00431346 0.00503 0.00662622 0.861938
-0.0714393 0.0836447 -0.00402693 0.0124008 0.0130382 1.88479
-0.0975712 0.0507923 0.00381733 -0.0119407 0.0125361 -1.26138
-0.109494 0.010543 -0.023601 0.0088371 0.0252013 2.78332
-0.10547 -0.0312417 0.0517266 0.00241682 0.051783 0.046689
-0.0860869 -0.0684766 -0.0736798 -0.0698938 0.101557 -2.38256
-0.0541666 -0.0957391 0.0234831 0.236837 0.237999 1.47197
-0.0143579 -0.109059 0.3082 -0.533796 0.616381 -1.04718
# x y Real Imaginary Modulus Phase <-> f = 0 s = 14
0.101256 -0.0429804 0.737859 -0.0922656 0.743606 -0.124399
0.109983 -0.00191976 -0.574605 0.452326 0.73128 2.47471
0.102694 0.0394205 0.417509 -0.30487 0.516972 -0.630716
0.0804489 0.0750198 -0.213215 0.122643 0.245971 2.6196
0.046488 0.0996939 0.0922524 -0.0439581 0.10219 -0.44467
0.00575696 0.109849 -0.022966 0.0190313 0.0298266 2.44961
-0.0358125 0.104007 -0.0012737 -0.0108391 0.0109136 -1.68777
-0.0721665 0.0830181 0.00637872 0.0141511 0.0155223 1.14731
-0.0980107 0.049939 -0.0175296 0.0161778 0.0238538 2.39628
-0.109581 0.00958713 0.00312707 -0.0300345 0.0301969 -1.46705
-0.105194 -0.0321609 -0.0096503 0.0243954 0.0262348 1.94748
-0.0854861 -0.0692252 0.0396191 -0.00314126 0.0397434 -0.0791212
-0.0533291 -0.0962082 -0.072836 -0.0783278 0.10696 -2.31988
-0.0134056 -0.10918 0.000789459 0.309804 0.309805 1.56825
0.0284701 -0.106252 0.312427 -0.729995 0.794042 -1.1664
# x y Real Imaginary Modulus Phase <-> f = 0 s = 15
0.109996 -0.000959919 0.656344 0.0135768 0.656484 0.0206826
0.102346 0.0403151 -0.530688 0.443141 0.691378 2.44585
0.0797912 0.075719 0.355047 -0.28539 0.455528 -0.677058
0.0456163 0.100096 -0.157942 0.1347 0.207581 2.43545
0.00479813 0.109895 0.0421076 -0.0536101 0.0681696 -0.904996
-0.0367188 0.103691 -0.000180662 0.0223593 0.0223601 1.57888
-0.0728882 0.0823851 -0.013741 -0.00508704 0.0146524 -2.78703
-0.0984428 0.0490818 0.00248054 0.0127023 0.0129423 1.37794
-0.109661 0.0086305 -0.0247233 0.0152792 0.0290636 2.58804
-0.104909 -0.0330776 0.00370105 -0.0404798 0.0406486 -1.47962
-0.0848787 -0.0699686 -0.00922112 0.0233266 0.0250831 1.94725
-0.0524875 -0.0966699 0.0536313 0.0137603 0.0553685 0.251155
-0.0124524 -0.109293 -0.0764196 -0.146535 0.165265 -2.0515
0.0293962 -0.105999 0.00232535 0.480316 0.480321 1.56596
0.0669638 -0.0872689 0.068355 -0.785988 0.788954 -1.48405
