# x y Real Imaginary Modulus Phase <-> f = 0 s = 0
0.10199 0.0412067 0.744231 -0.0242265 0.744626 -0.0325409
0.0791274 0.0764124 -0.558548 0.326291 0.646871 2.61289
0.044741 0.10049 0.293944 -0.23192 0.37442 -0.667993
0.00383894 0.109933 -0.0931753 0.109546 0.143812 2.27561
-0.0376222 0.103366 0.0089297 -0.0520225 0.0527834 -1.4008
-0.0736044 0.0817459 0.00892398 0.0176405 0.0197693 1.10245
-0.0988673 0.0482208 -0.0185721 -0.000669032 0.0185841 -3.10558
-0.109732 0.00767321 0.00479317 0.00682442 0.0083395 0.958492
-0.104616 -0.0339919 -0.0164923 0.0207688 0.0265205 2.24192
-0.0842649 -0.0707066 0.0100764 -0.030887 0.032489 -1.25545
-0.0516419 -0.0971242 -0.0239544 0.00364481 0.0242301 2.99059
-0.0114981 -0.109397 0.0583213 0.0684374 0.0899169 0.865035
0.0303201 -0.105739 -0.0562893 -0.282491 0.288045 -1.76748
0.0677228 -0.0866812 0.132842 0.636556 0.650269 1.36506
0.0952628 -0.055 -0.00298343 -0.641379 0.641386 -1.57545
# x y Real Imaginary Modulus Phase <-> f = 0 s = 1
0.0784575 0.0771 0.812286 -0.0717104 0.815445 -0.0880539
0.0438624 0.100877 -0.562488 0.273988 0.62567 2.68832
0.00287946 0.109962 0.232803 -0.183453 0.296398 -0.667392
-0.0385228 0.103034 -0.0522061 0.107604 0.119599 2.02251
-0.0743149 0.0811005 0.000342259 -0.0453208 0.0453221 -1.56324
-0.0992844 0.0473562 0.0117835 0.0149188 0.0190111 0.902282
-0.109795 0.00671534 -0.019065 0.000530614 0.0190724 3.11377
-0.104316 -0.0349035 0.00956863 0.0109418 0.0145355 0.852246
-0.0836447 -0.0714393 -0.017062 0.0150577 0.0227563 2.41851
-0.0507923 -0.0975712 0.012931 -0.00757264 0.0149852 -0.529779
-0.010543 -0.109494 -0.0230361 -0.0314946 0.0390201 -2.20231
0.0312417 -0.10547 0.0123602 0.14566 0.146184 1.48614
0.0684766 -0.0860869 -0.0641644 -0.396074 0.401237 -1.7314
0.0957391 -0.0541666 0.194249 0.617504 0.647335 1.26603
0.109059 -0.0143579 0.0529904 -0.681186 0.683244 -1.49316
# x y Real Imaginary Modulus Phase <-> f = 0 s = 2
0.0429804 0.101256 0.85861 -0.0795878 0.86229 -0.0924297
0.00191976 0.109983 -0.518758 0.197321 0.555019 2.77812
-0.0394205 0.102694 0.184557 -0.186849 0.262629 -0.791568
-0.0750198 0.0804489 -0.0391812 0.105197 0.112257 1.92733
-0.0996939 0.046488 0.000404325 -0.0445603 0.0445622 -1.56172
-0.109849 0.00575696 0.0164705 0.0142338 0.0217688 0.712681
-0.104007 -0.0358125 -0.0125926 -0.00623758 0.0140528 -2.68168
-0.0830181 -0.0721665 0.0124049 0.00984706 0.0158381 0.670953
-0.049939 -0.0980107 -0.00720671 0.00528189 0.00893505 2.50912
-0.00958713 -0.109581 0.00888748 0.00868669 0.0124276 0.773974
0.0321609 -0.105194 0.00542556 -0.052727 0.0530054 -1.46826
0.0692252 -0.0854861 0.00729769 0.178807 0.178956 1.53001
0.0962082 -0.0533291 -0.0958976 -0.361251 0.373763 -1.83027
0.10918 -0.0134056 0.106699 0.558335 0.568438 1.38197
0.106252 0.0284701 0.10238 -0.763004 0.769842 -1.43741
# x y Real Imaginary Modulus Phase <-> f = 0 s = 3
0.000959919 0.109996 0.887387 -0.00493042 0.887401 -0.00555605
-0.0403151 0.102346 -0.475125 0.214796 0.521422 2.71701
-0.075719 0.0797912 0.168783 -0.177248 0.244754 -0.809856
-0.100096 0.0456163 -0.0425315 0.104989 0.113277 1.95569
-0.109895 0.00479813 -0.000926103 -0.0485935 0.0486023 -1.58985
-0.103691 -0.0367188 0.00791185 0.0222476 0.0236125 1.22912
-0.0823851 -0.0728882 -0.00610187 -0.0108548 0.0124523 -2.08291
-0.0490818 -0.0984428 0.0102224 0.00431252 0.0110948 0.399218
-0.0086305 -0.109661 -0.00507519 -0.0021836 0.00552501 -2.73528
0.0330776 -0.104909 -0.000351231 0.0142637 0.0142681 1.59542
0.0699686 -0.0848787 -0.00162054 -0.0696013 0.0696202 -1.59408
0.0966699 -0.0524875 0.0465467 0.152428 0.159376 1.27442
0.109293 -0.0124524 -0.0847601 -0.28477 0.297116 -1.86009
0.105999 0.0293962 0.0575936 0.524396 0.527549 1.46141
0.0872689 0.0669638 0.13786 -0.778605 0.790716 -1.39555
# x y Real Imaginary Modulus Phase <-> f = 0 s = 4
-0.0412067 0.10199 0.863607 -0.0286405 0.864082 -0.0331517
-0.0764124 0.0791274 -0.471527 0.189573 0.508208 2.75933
-0.10049 0.044741 0.194291 -0.176338 0.262381 -0.736996
-0.109933 0.00383894 -0.0593517 0.109834 0.124844 2.06622
-0.103366 -0.0376222 0.0215674 -0.0552723 0.0593311 -1.19876
-0.0817459 -0.0736044 -0.00784612 0.0187747 0.0203482 1.96665
-0.0482208 -0.0988673 -0.00337189 -0.00376082 0.00505108 -2.30172
-0.00767321 -0.109732 0.00972626 0.000817896 0.00976058 0.0838941
0.0339919 -0.104616 -0.00369573 -0.00400235 0.00544768 -2.31639
0.0707066 -0.0842649 0.0105236 0.0240144 0.026219 1.15778
0.0971242 -0.0516419 -0.0334199 -0.0437778 0.0550762 -2.22282
0.109397 -0.0114981 0.0550801 0.0910103 0.10638 1.02656
0.105739 0.0303201 -0.0753729 -0.213862 0.226755 -1.90964
0.0866812 0.0677228 0.0239045 0.44124 0.441887 1.51667
0.055 0.0952628 0.211548 -0.737058 0.766816 -1.29129
# x y Real Imaginary Modulus Phase <-> f = 0 s = 5
-0.0771 0.0784575 0.890266 -0.0299979 0.890771 -0.0336827
-0.100877 0.0438624 -0.547295 0.228132 0.592938 2.74666
-0.109962 0.00287946 0.258486 -0.218332 0.338355 -0.701385
-0.103034 -0.0385228 -0.125953 0.12354 0.176426 2.36587
-0.0811005 -0.0743149 0.0566008 -0.0459375 0.0728965 -0.681777
-0.0473562 -0.0992844 -0.014728 0.0101902 0.0179096 2.53633
-0.00671534 -0.109795 -0.00454272 -0.00237324 0.00512529 -2.66016
0.0349035 -0.104316 0.0116183 0.00478908 0.0125666 0.390981
0.0714393 -0.0836447 -0.0109996 -0.0050289 0.0120947 -2.71278
0.0975712 -0.0507923 0.0242689 0.00974652 0.0261529 0.381889
0.109494 -0.010543 -0.036498 -0.0169043 0.0402227 -2.70785
0.10547 0.0312417 0.0637225 0.0628644 0.0895125 0.778619
0.0860869 0.0684766 -0.0928658 -0.175589 0.198634 -2.05728
0.0541666 0.0957391 0.0524101 0.406812 0.410174 1.44267
0.0143579 0.109059 0.175607 -0.722651 0.743681 -1.33241
# x y Real Imaginary Modulus Phase <-> f = 0 s = 6
-0.101256 0.0429804 0.834077 -0.0377629 0.834931 -0.0452442
-0.109983 0.00191976 -0.541249 0.312185 0.624828 2.61842
-0.102694 -0.0394205 0.320487 -0.244936 0.403367 -0.652567
-0.0804489 -0.0750198 -0.147475 0.109967 0.183961 2.50087
-0.046488 -0.0996939 0.0495562 -0.0404099 0.0639436 -0.684082
-0.00575696 -0.109849 0.000557139 0.0158793 0.0158891 1.53572
0.0358125 -0.104007 -0.0145003 0.00192606 0.0146277 3.00954
0.0721665 -0.0830181 0.0168915 0.0119605 0.0206973 0.616128
0.0980107 -0.049939 -0.0169641 0.00753156 0.0185609 2.72376
0.109581 -0.00958713 0.0173527 -0.00168875 0.0174347 -0.0970136
0.105194 0.0321609 -0.0327053 -0.00602869 0.0332563 -2.95931
0.0854861 0.0692252 0.0659774 0.0488165 0.0820736 0.637004
0.0533291 0.0962082 -0.0957637 -0.15736 0.184209 -2.11749
0.0134056 0.10918 0.045313 0.39309 0.395693 1.45603
-0.0284701 0.106252 0.218052 -0.743892 0.775191 -1.28566
# x y Real Imaginary Modulus Phase <-> f = 0 s = 7
-0.109996 0.000959919 0.762675 -0.0648297 0.765426 -0.0847992
-0.102346 -0.0403151 -0.606522 0.358841 0.704724 2.60735
-0.0797912 -0.075719 0.347805 -0.208196 0.405356 -0.539388
-0.0456163 -0.100096 -0.123096 0.0961509 0.156197 2.47848
-0.00479813 -0.109895 0.00834085 -0.0418501 0.0426732 -1.37407
0.0367188 -0.103691 0.0098903 0.0055071 0.0113202 0.508063
0.0728882 -0.0823851 -0.0291107 0.000397302 0.0291134 3.12795
0.0984428 -0.0490818 0.0127066 0.00908734 0.0156217 0.620832
0.109661 -0.0086305 -0.0191407 0.013636 0.0235012 2.52259
0.104909 0.0330776 0.0137527 -0.00628376 0.0151202 -0.428587
0.0848787 0.0699686 -0.0303889 -0.0076338 0.031333 -2.89548
0.0524875 0.0966699 0.0662576 0.0488523 0.0823202 0.635329
0.0124524 0.109293 -0.0892285 -0.174121 0.195653 -2.04435
-0.0293962 0.105999 0.0226612 0.461417 0.461973 1.52172
-0.0669638 0.0872689 0.146838 -0.756419 0.77054 -1.37906
# x y Real Imaginary Modulus Phase <-> f = 0 s = 8
-0.10199 -0.0412067 0.724838 -0.137997 0.737857 -0.188132
-0.0791274 -0.0764124 -0.61648 0.326568 0.697635 2.65444
-0.044741 -0.10049 0.259159 -0.185312 0.318597 -0.620757
-0.00383894 -0.109933 -0.030137 0.0969576 0.101533 1.87216
0.0376222 -0.103366 -0.021212 -0.0296323 0.0364421 -2.19207
0.0736044 -0.0817459 0.0289208 -0.0104177 0.03074 -0.345746
0.0988673 -0.0482208 -0.0367124 0.00422503 0.0369547 3.02701
0.109732 -0.00767321 0.00916909 0.00849064 0.0124965 0.746999
0.104616 0.0339919 -0.0206586 0.0149208 0.0254834 2.51608
0.0842649 0.0707066 0.0196505 -0.00777501 0.0211327 -0.376763
0.0516419 0.0971242 -0.036427 -0.00692794 0.03708 -2.95365
0.0114981 0.109397 0.0669667 0.0634454 0.0922488 0.758403
-0.0303201 0.105739 -0.0840224 -0.233897 0.248531 -1.91567
-0.0677228 0.0866812 0.0903436 0.520003 0.527793 1.39878
-0.0952628 0.055 0.0749508 -0.730623 0.734457 -1.46857
# x y Real Imaginary Modulus Phase <-> f = 0 s = 9
-0.0784575 -0.0771 0.8547 -0.0515895 0.856256 -0.0602866
-0.0438624 -0.100877 -0.500919 0.162324 0.526563 2.82822
-0.00287946 -0.109962 0.114205 -0.141211 0.181613 -0.89074
0.0385228 -0.103034 0.0140036 0.0618768 0.0634416 1.34823
0.0743149 -0.0811005 -0.0268903 -0.00861712 0.0282372 -2.83148
0.0992844 -0.0473562 0.0334819 -0.0184055 0.0382074 -0.502624
0.109795 -0.00671534 -0.0316495 0.0035817 0.0318515 3.0289
0.104316 0.0349035 0.0118929 0.0128352 0.0174981 0.823485
0.0836447 0.0714393 -0.014728 0.00890707 0.0172119 2.59767
0.0507923 0.0975712 0.0228058 -0.00200619 0.0228939 -0.0877425
0.010543 0.109494 -0.0340014 -0.025473 0.0424849 -2.49862
-0.0312417 0.10547 0.0496151 0.113252 0.123643 1.15789
-0.0684766 0.0860869 -0.0803314 -0.300772 0.311315 -1.83179
-0.0957391 0.0541666 0.0862441 0.592743 0.598985 1.42631
-0.109059 0.0143579 0.00544257 -0.786247 0.786265 -1.56387
# x y Real Imaginary Modulus Phase <-> f = 0 s = 10
-0.0429804 -0.101256 0.883829 0.122817 0.892322 0.138075
-0.00191976 -0.109983 -0.348634 0.124036 0.370042 2.79978
0.0394205 -0.102694 0.076644 -0.120831 0.143089 -1.00553
0.0750198 -0.0804489 0.00617867 0.0586092 0.058934 1.46576
0.0996939 -0.046488 -0.0230386 -0.0102661 0.0252224 -2.7224
0.109849 -0.00575696 0.0317362 -0.00809466 0.0327523 -0.249736
0.104007 0.0358125 -0.0247487 -0.00257318 0.0248822 -3.03799
0.0830181 0.0721665 0.016524 0.0135849 0.0213914 0.68809
0.049939 0.0980107 -0.01131 -0.00156461 0.0114177 -3.00413
0.00958713 0.109581 0.0131003 0.00778915 0.015241 0.536423
-0.0321609 0.105194 -0.0159132 -0.0455132 0.048215 -1.90715
-0.0692252 0.0854861 0.0333108 0.132486 0.136609 1.32447
-0.0962082 0.0533291 -0.04194 -0.30454 0.307414 -1.70765
-0.10918 0.0134056 0.049155 0.595791 0.597816 1.48848
-0.106252 -0.0284701 0.119578 -0.772463 0.781664 -1.41721
# x y Real Imaginary Modulus Phase <-> f = 0 s = 11
-0.000959919 -0.109996 0.768427 0.200107 0.794055 0.254753
0.0403151 -0.102346 -0.319219 0.101719 0.335034 2.83312
0.075719 -0.0797912 0.0994709 -0.122264 0.157617 -0.887834
0.100096 -0.0456163 -0.00437673 0.0756892 0.0758156 1.62856
0.109895 -0.00479813 -0.00776125 -0.0379541 0.0387395 -1.77251
0.103691 0.0367188 0.00762723 0.013852 0.0158131 1.06748
0.0823851 0.0728882 -0.00781219 -0.00502189 0.00928707 -2.57028
0.0490818 0.0984428 0.013141 0.00530585 0.0141717 0.383747
0.0086305 0.109661 -0.00585503 -0.00170592 0.00609848 -2.85808
-0.0330776 0.104909 0.00500735 0.00879654 0.0101219 1.0533
-0.0699686 0.0848787 -0.0112148 -0.0410025 0.0425085 -1.83778
-0.0966699 0.0524875 0.0287644 0.105623 0.109469 1.30491
-0.109293 0.0124524 -0.0573818 -0.237288 0.244127 -1.80806
-0.105999 -0.0293962 0.0134531 0.42413 0.424344 1.53909
-0.0872689 -0.0669638 0.280753 -0.675309 0.731345 -1.1768
# x y Real Imaginary Modulus Phase <-> f = 0 s = 12
0.0412067 -0.10199 0.820821 0.190595 0.842658 0.228158
0.0764124 -0.0791274 -0.422875 0.109578 0.436842 2.88804
0.10049 -0.044741 0.172904 -0.156681 0.233334 -0.736217
0.109933 -0.00383894 -0.0721408 0.106606 0.128722 2.16571
0.103366 0.0376222 0.0374811 -0.0480584 0.0609462 -0.908428
0.0817459 0.0736044 -0.0131663 0.0143813 0.019498 2.31212
0.0482208 0.0988673 0.00319323 -0.00520502 0.00610647 -1.02052
0.00767321 0.109732 0.00556118 0.00140849 0.00573678 0.248056
-0.0339919 0.104616 -0.00343627 0.00103338 0.00358829 2.84947
-0.0707066 0.0842649 0.00844128 0.00402482 0.0093517 0.444918
-0.0971242 0.0516419 -0.0254622 -0.0148778 0.0294902 -2.61279
-0.109397 0.0114981 0.0621463 0.0431028 0.0756308 0.606397
-0.105739 -0.0303201 -0.0883362 -0.110287 0.141303 -2.24612
-0.0866812 -0.0677228 0.0339668 0.283135 0.285165 1.4514
-0.055 -0.0952628 0.268168 -0.515605 0.581174 -1.09119
# x y Real Imaginary Modulus Phase <-> f = 0 s = 13
0.0771 -0.0784575 0.944512 0.0354683 0.945178 0.0375343
0.100877 -0.0438624 -0.575131 0.239389 0.622963 2.74717
0.109962 -0.00287946 0.331337 -0.228627 0.40256 -0.603991
0.103034 0.0385228 -0.186334 0.108118 0.215429 2.61583
0.0811005 0.0743149 0.0824281 -0.0282407 0.0871317 -0.330077
0.0473562 0.0992844 -0.0295433 0.00405715 0.0298206 3.00512
0.00671534 0.109795 0.00899411 -0.00367526 0.00971605 -0.387924
-0.0349035 0.104316 0.0050639 0.00302265 0.00589741 0.538138
-0.0714393 0.0836447 -0.00476047 0.00877097 0.00997958 2.06806
-0.0975712 0.0507923 0.00432241 -0.0134449 0.0141226 -1.25974
-0.109494 0.010543 -0.0239436 0.00789407 0.0252113 2.82312
-0.10547 -0.0312417 0.0514189 -0.00193125 0.0514551 -0.0375416
-0.0860869 -0.0684766 -0.074522 -0.0699122 0.102182 -2.3881
-0.0541666 -0.0957391 0.0293206 0.236824 0.238632 1.44762
-0.0143579 -0.109059 0.298662 -0.539433 0.616593 -1.06515
# x y Real Imaginary Modulus Phase <-> f = 0 s = 14
0.101256 -0.0429804 0.741566 -0.0841053 0.74632 -0.112933
0.109983 -0.00191976 -0.567042 0.442943 0.719538 2.47845
0.102694 0.0394205 0.405773 -0.312741 0.512307 -0.656637
0.0804489 0.0750198 -0.212789 0.126863 0.247737 2.60398
0.046488 0.0996939 0.0868594 -0.0508033 0.100626 -0.529236
0.00575696 0.109849 -0.0239602 0.0231091 0.0332885 2.37427
-0.0358125 0.104007 0.00343771 -0.0106258 0.0111681 -1.2579
-0.0721665 0.0830181 0.00838132 0.0113582 0.0141158 0.935078
-0.0980107 0.049939 -0.0130216 0.0125654 0.0180955 2.37402
-0.109581 0.00958713 0.00258642 -0.0294361 0.0295495 -1.48316
-0.105194 -0.0321609 -0.00842776 0.022819 0.0243256 1.92459
-0.0854861 -0.0692252 0.0394359 -0.00266869 0.0395261 -0.0675685
-0.0533291 -0.0962082 -0.0741795 -0.0775912 0.107345 -2.33372
-0.0134056 -0.10918 0.00649697 0.312595 0.312662 1.55002
0.0284701 -0.106252 0.307493 -0.725335 0.787821 -1.16983
# x y Real Imaginary Modulus Phase <-> f = 0 s = 15
0.109996 -0.000959919 0.672675 0.0141601 0.672824 0.0210473
0.102346 0.0403151 -0.517353 0.428857 0.671991 2.44945
0.0797912 0.075719 0.345357 -0.291415 0.451879 -0.700888
0.0456163 0.100096 -0.153656 0.139562 0.207575 2.40423
0.00479813 0.109895 0.037499 -0.0608386 0.0714668 -1.01843
-0.0367188 0.103691 0.000764851 0.0307499 0.0307595 1.54593
-0.0728882 0.0823851 -0.0118552 -0.00808934 0.0143521 -2.54281
-0.0984428 0.0490818 0.00664685 0.0110565 0.0129006 1.02951
-0.109661 0.0086305 -0.0192827 0.0194206 0.0273675 2.35263
-0.104909 -0.0330776 0.0029168 -0.0380991 0.0382106 -1.49439
-0.0848787 -0.0699686 -0.00737414 0.0231452 0.0242915 1.87923
-0.0524875 -0.0966699 0.0540826 0.0134124 0.0557209 0.243094
-0.0124524 -0.109293 -0.0806339 -0.145722 0.166543 -2.0762
0.0293962 -0.105999 0.00723075 0.47783 0.477885 1.55567
0.0669638 -0.0872689 0.073699 -0.781021 0.78449 -1.47671
