# x y Real Imaginary Modulus Phase <-> f = 0 s = 0
0.10199 0.0412067 0.729296 -0.0467783 0.730795 -0.064054
0.0791274 0.0764124 -0.580941 0.331433 0.668835 2.62314
0.044741 0.10049 0.301181 -0.216243 0.370771 -0.622694
0.00383894 0.109933 -0.0943824 0.0995734 0.137197 2.32944
-0.0376222 0.103366 0.0142714 -0.045183 0.0473833 -1.26486
-0.0736044 0.0817459 0.00435832 0.0126246 0.0133558 1.23838
-0.0988673 0.0482208 -0.0209759 -0.00300885 0.0211906 -2.99912
-0.109732 0.00767321 -0.00177652 0.00491573 0.00522689 1.91759
-0.104616 -0.0339919 -0.0216767 0.0127547 0.0251508 2.60974
-0.0842649 -0.0707066 0.0146191 -0.0281122 0.0316862 -1.09125
-0.0516419 -0.0971242 -0.025928 0.00461058 0.0263348 2.96561
-0.0114981 -0.109397 0.05302 0.0673876 0.085745 0.904161
0.0303201 -0.105739 -0.0466226 -0.281755 0.285587 -1.73478
0.0677228 -0.0866812 0.12447 0.651688 0.663468 1.38207
0.0952628 -0.055 -0.0293933 -0.639257 0.639932 -1.61674
# x y Real Imaginary Modulus Phase <-> f = 0 s = 1
0.0784575 0.0771 0.825841 -0.090586 0.830794 -0.109253
0.0438624 0.100877 -0.585154 0.253853 0.637846 2.73227
0.00287946 0.109962 0.234731 -0.161213 0.28476 -0.601813
-0.0385228 0.103034 -0.055773 0.0944122 0.109655 2.10438
-0.0743149 0.0811005 0.00307459 -0.0396649 0.0397839 -1.49344
-0.0992844 0.0473562 0.00446293 0.00787203 0.00904912 1.05504
-0.109795 0.00671534 -0.0212864 -0.000896926 0.0213053 -3.09948
-0.104316 -0.0349035 0.000359493 0.00957201 0.00957876 1.53326
-0.0836447 -0.0714393 -0.0206493 0.0105075 0.023169 2.67089
-0.0507923 -0.0975712 0.0117548 -0.00662823 0.0134947 -0.513434
-0.010543 -0.109494 -0.0227558 -0.0333577 0.0403802 -2.16946
0.0312417 -0.10547 0.00993532 0.140261 0.140613 1.50008
0.0684766 -0.0860869 -0.0473414 -0.394754 0.397583 -1.69015
0.0957391 -0.0541666 0.189076 0.640834 0.668145 1.28389
0.109059 -0.0143579 0.0272175 -0.692805 0.693339 -1.53153
# x y Real Imaginary Modulus Phase <-> f = 0 s = 2
0.0429804 0.101256 0.896086 -0.0698943 0.898807 -0.077842
0.00191976 0.109983 -0.527946 0.164098 0.552861 2.84024
-0.0394205 0.102694 0.186231 -0.1608 0.246045 -0.712248
-0.0750198 0.0804489 -0.0408103 0.0907552 0.0995088 1.99338
-0.0996939 0.046488 0.00298036 -0.0412802 0.0413876 -1.49872
-0.109849 0.00575696 0.00909653 0.0109213 0.0142134 0.876302
-0.104007 -0.0358125 -0.0143133 -0.00369141 0.0147817 -2.88919
-0.0830181 -0.0721665 0.00678838 0.0125509 0.0142691 1.07499
-0.049939 -0.0980107 -0.0107661 0.00640658 0.0125281 2.60481
-0.00958713 -0.109581 0.00625577 0.0104467 0.0121765 1.03124
0.0321609 -0.105194 0.00847408 -0.0518693 0.052557 -1.40885
0.0692252 -0.0854861 0.00235112 0.175984 0.176 1.55744
0.0962082 -0.0533291 -0.0804172 -0.363152 0.37195 -1.78872
0.10918 -0.0134056 0.0967869 0.577327 0.585384 1.40469
0.106252 0.0284701 0.098815 -0.785378 0.79157 -1.44564
# x y Real Imaginary Modulus Phase <-> f = 0 s = 3
0.000959919 0.109996 0.917347 0.0308864 0.917866 0.0336566
-0.0403151 0.102346 -0.480654 0.172704 0.51074 2.79665
-0.075719 0.0797912 0.171985 -0.152771 0.230039 -0.726302
-0.100096 0.0456163 -0.0458358 0.0915374 0.102372 2.03503
-0.109895 0.00479813 0.00121305 -0.0417014 0.041719 -1.54172
-0.103691 -0.0367188 0.00502801 0.0194339 0.0200738 1.31762
-0.0823851 -0.0728882 -0.00654547 -0.00777459 0.010163 -2.27057
-0.0490818 -0.0984428 0.00813835 0.00622958 0.0102489 0.653322
-0.0086305 -0.109661 -0.00527246 -0.000972948 0.00536147 -2.95911
0.0330776 -0.104909 -0.00110732 0.0103167 0.0103759 1.67772
0.0699686 -0.0848787 0.00715555 -0.0649623 0.0653552 -1.46109
0.0966699 -0.0524875 0.0353464 0.151061 0.155141 1.34094
0.109293 -0.0124524 -0.0695164 -0.285511 0.293852 -1.80963
0.105999 0.0293962 0.0314856 0.527233 0.528173 1.51115
0.0872689 0.0669638 0.168559 -0.801151 0.818691 -1.36343
# x y Real Imaginary Modulus Phase <-> f = 0 s = 4
-0.0412067 0.10199 0.894094 0.0170462 0.894256 0.0190631
-0.0764124 0.0791274 -0.478363 0.153362 0.502345 2.83135
-0.10049 0.044741 0.199506 -0.154973 0.252625 -0.660424
-0.109933 0.00383894 -0.0641286 0.0963187 0.115714 2.1582
-0.103366 -0.0376222 0.021955 -0.0460694 0.0510334 -1.12607
-0.0817459 -0.0736044 -0.00797597 0.0157534 0.0176574 2.03947
-0.0482208 -0.0988673 -0.00181564 -0.00291481 0.00343404 -2.12789
-0.00767321 -0.109732 0.00889278 0.00258774 0.00926163 0.283174
0.0339919 -0.104616 -0.00466245 -0.00299829 0.0055433 -2.5701
0.0707066 -0.0842649 0.00656692 0.0185745 0.0197012 1.23097
0.0971242 -0.0516419 -0.025449 -0.0413956 0.0485927 -2.12201
0.109397 -0.0114981 0.0448897 0.0895997 0.100216 1.10635
0.105739 0.0303201 -0.0587046 -0.207314 0.215466 -1.84674
0.0866812 0.0677228 -0.00586573 0.43456 0.434599 1.58429
0.055 0.0952628 0.254678 -0.737664 0.78039 -1.23836
# x y Real Imaginary Modulus Phase <-> f = 0 s = 5
-0.0771 0.0784575 0.921999 -0.0056841 0.922017 -0.00616489
-0.100877 0.0438624 -0.563237 0.202329 0.598476 2.79672
-0.109962 0.00287946 0.267277 -0.196738 0.331878 -0.634534
-0.103034 -0.0385228 -0.127512 0.109043 0.167779 2.43411
-0.0811005 -0.0743149 0.0552516 -0.0369771 0.0664835 -0.589788
-0.0473562 -0.0992844 -0.0117796 0.00738195 0.0139015 2.58179
-0.00671534 -0.109795 -0.00309104 -0.00337615 0.00457744 -2.31214
0.0349035 -0.104316 0.00960656 0.00714163 0.0119703 0.639271
0.0714393 -0.0836447 -0.0116625 -0.00429786 0.0124292 -2.78852
0.0975712 -0.0507923 0.018515 0.0054311 0.0192951 0.285331
0.109494 -0.010543 -0.0276286 -0.0183112 0.0331457 -2.5563
0.10547 0.0312417 0.0541225 0.059985 0.0807926 0.83673
0.0860869 0.0684766 -0.0737831 -0.169077 0.184475 -1.98227
0.0541666 0.0957391 0.0193824 0.395195 0.39567 1.52179
0.0143579 0.109059 0.227331 -0.717388 0.752545 -1.26392
# x y Real Imaginary Modulus Phase <-> f = 0 s = 6
-0.101256 0.0429804 0.861575 -0.0516986 0.863125 -0.0599329
-0.109983 0.00191976 -0.565651 0.30415 0.642237 2.64824
-0.102694 -0.0394205 0.332148 -0.229857 0.403927 -0.605359
-0.0804489 -0.0750198 -0.150789 0.0998812 0.180869 2.55656
-0.046488 -0.0996939 0.0490021 -0.0338713 0.059569 -0.60481
-0.00575696 -0.109849 -0.000224209 0.013905 0.0139068 1.58692
0.0358125 -0.104007 -0.0136601 -0.00087352 0.013688 -3.07773
0.0721665 -0.0830181 0.0098922 0.0140924 0.0172177 0.95876
0.0980107 -0.049939 -0.0188241 0.00583474 0.0197076 2.84102
0.109581 -0.00958713 0.010199 -0.00490711 0.0113181 -0.448443
0.105194 0.0321609 -0.0279722 -0.0104226 0.0298508 -2.78492
0.0854861 0.0692252 0.0554485 0.0482917 0.0735298 0.71652
0.0533291 0.0962082 -0.075545 -0.151715 0.169483 -2.0328
0.0134056 0.10918 0.0135187 0.383655 0.383893 1.53557
-0.0284701 0.106252 0.256871 -0.747976 0.790854 -1.23999
# x y Real Imaginary Modulus Phase <-> f = 0 s = 7
-0.109996 0.000959919 0.770135 -0.0872161 0.775058 -0.112767
-0.102346 -0.0403151 -0.62671 0.358125 0.721816 2.62244
-0.0797912 -0.075719 0.354448 -0.19639 0.405219 -0.505965
-0.0456163 -0.100096 -0.122292 0.0865786 0.149837 2.52554
-0.00479813 -0.109895 0.0107185 -0.0399453 0.0413584 -1.30864
0.0367188 -0.103691 0.0124338 0.00569833 0.0136774 0.429728
0.0728882 -0.0823851 -0.0264432 -0.00355897 0.0266816 -3.00781
0.0984428 -0.0490818 0.00466365 0.00865257 0.00982938 1.07645
0.109661 -0.0086305 -0.0218806 0.00883934 0.0235986 2.75766
0.104909 0.0330776 0.00547461 -0.00865947 0.0102449 -1.00703
0.0848787 0.0699686 -0.0258721 -0.0107577 0.0280195 -2.74754
0.0524875 0.0966699 0.0547891 0.0484437 0.0731344 0.724009
0.0124524 0.109293 -0.0699839 -0.170104 0.183938 -1.96111
-0.0293962 0.105999 -0.00508936 0.458806 0.458835 1.58189
-0.0669638 0.0872689 0.166728 -0.783215 0.800765 -1.36105
# x y Real Imaginary Modulus Phase <-> f = 0 s = 8
-0.10199 -0.0412067 0.728425 -0.163553 0.74656 -0.220867
-0.0791274 -0.0764124 -0.633739 0.316102 0.708199 2.67891
-0.044741 -0.10049 0.262561 -0.168402 0.311926 -0.570293
-0.00383894 -0.109933 -0.0305858 0.0910912 0.096089 1.89474
0.0376222 -0.103366 -0.0208224 -0.028321 0.0351518 -2.20478
0.0736044 -0.0817459 0.0293962 -0.00364738 0.0296216 -0.123446
0.0988673 -0.0482208 -0.0330627 -0.00423081 0.0333323 -3.01432
0.109732 -0.00767321 0.00207959 0.00494052 0.00536035 1.17238
0.104616 0.0339919 -0.0222291 0.0102871 0.024494 2.70816
0.0842649 0.0707066 0.0114867 -0.00694785 0.0134245 -0.543987
0.0516419 0.0971242 -0.0310243 -0.00859813 0.0321937 -2.87124
0.0114981 0.109397 0.054743 0.06262 0.0831749 0.852414
-0.0303201 0.105739 -0.0648302 -0.230797 0.23973 -1.84464
-0.0677228 0.0866812 0.0671098 0.53171 0.535928 1.44525
-0.0952628 0.055 0.0709084 -0.756385 0.759702 -1.47732
# x y Real Imaginary Modulus Phase <-> f = 0 s = 9
-0.0784575 -0.0771 0.87717 -0.0599475 0.879216 -0.0682359
-0.0438624 -0.100877 -0.507381 0.141734 0.526806 2.86919
-0.00287946 -0.109962 0.116248 -0.132594 0.176337 -0.850993
0.0385228 -0.103034 0.0133483 0.0615117 0.0629434 1.35711
0.0743149 -0.0811005 -0.0302992 -0.00978224 0.0318391 -2.8293
0.0992844 -0.0473562 0.0354174 -0.0115262 0.0372457 -0.31463
0.109795 -0.00671534 -0.0303942 -0.00436172 0.0307056 -2.99906
0.104316 0.0349035 0.00290565 0.0104974 0.0108921 1.30076
0.0836447 0.0714393 -0.0172229 0.008411 0.0191669 2.6873
0.0507923 0.0975712 0.0163177 0.000607047 0.016329 0.0371846
0.010543 0.109494 -0.0288086 -0.0235768 0.0372264 -2.45573
-0.0312417 0.10547 0.0376215 0.108601 0.114933 1.23732
-0.0684766 0.0860869 -0.0636831 -0.300512 0.307185 -1.77962
-0.0957391 0.0541666 0.0709811 0.606447 0.610587 1.45428
-0.109059 0.0143579 -0.00185373 -0.807879 0.807881 -1.57309
# x y Real Imaginary Modulus Phase <-> f = 0 s = 10
-0.0429804 -0.101256 0.898576 0.151431 0.911247 0.166954
-0.00191976 -0.109983 -0.346863 0.106347 0.362799 2.84409
0.0394205 -0.102694 0.0745302 -0.112494 0.134944 -0.985668
0.0750198 -0.0804489 0.00867953 0.0542259 0.0549162 1.41208
0.0996939 -0.046488 -0.0268907 -0.0118385 0.0293813 -2.72688
0.109849 -0.00575696 0.0317325 -0.000606631 0.0317383 -0.0191147
0.104007 0.0358125 -0.0246275 -0.00796816 0.0258845 -2.82868
0.0830181 0.0721665 0.00784392 0.0149424 0.0168761 1.08739
0.049939 0.0980107 -0.0102502 0.00052494 0.0102636 3.09042
0.00958713 0.109581 0.00976348 0.00763853 0.0123965 0.66389
-0.0321609 0.105194 -0.00932676 -0.0402951 0.0413604 -1.79825
-0.0692252 0.0854861 0.0232678 0.129253 0.131331 1.39269
-0.0962082 0.0533291 -0.0301427 -0.302108 0.303608 -1.67024
-0.10918 0.0134056 0.0314654 0.602474 0.603295 1.51862
-0.106252 -0.0284701 0.130396 -0.793678 0.804319 -1.40796
# x y Real Imaginary Modulus Phase <-> f = 0 s = 11
-0.000959919 -0.109996 0.761526 0.229399 0.795328 0.29259
0.0403151 -0.102346 -0.314313 0.0880307 0.326408 2.86852
0.075719 -0.0797912 0.0960751 -0.115164 0.149978 -0.875522
0.100096 -0.0456163 -0.00485265 0.0747491 0.0749065 1.63562
0.109895 -0.00479813 -0.00899647 -0.0372006 0.038273 -1.80808
0.103691 0.0367188 0.00496229 0.0156248 0.0163939 1.26328
0.0823851 0.0728882 -0.00892095 -0.00482364 0.0101415 -2.64591
0.0490818 0.0984428 0.00806169 0.00837834 0.011627 0.804656
0.0086305 0.109661 -0.00451672 -0.000577039 0.00455343 -3.01452
-0.0330776 0.104909 0.00502338 0.00755229 0.00907036 0.983847
-0.0699686 0.0848787 -0.00645672 -0.0381026 0.0386458 -1.73866
-0.0966699 0.0524875 0.021317 0.101866 0.104073 1.36451
-0.109293 0.0124524 -0.0441619 -0.232253 0.236414 -1.7587
-0.105999 -0.0293962 -0.00631688 0.421465 0.421512 1.58578
-0.0872689 -0.0669638 0.309504 -0.67271 0.740494 -1.13959
# x y Real Imaginary Modulus Phase <-> f = 0 s = 12
0.0412067 -0.10199 0.822197 0.2125 0.849214 0.25292
0.0764124 -0.0791274 -0.424772 0.0981746 0.43597 2.91446
0.10049 -0.044741 0.177284 -0.152735 0.234004 -0.711146
0.109933 -0.00383894 -0.0760552 0.101535 0.126861 2.21369
0.103366 0.0376222 0.0377681 -0.0470189 0.0603093 -0.894074
0.0817459 0.0736044 -0.0148576 0.0134848 0.0200646 2.40459
0.0482208 0.0988673 0.00134944 -0.00411024 0.00432609 -1.25357
0.00767321 0.109732 0.00472737 0.00304396 0.00562261 0.572076
-0.0339919 0.104616 -0.00186351 0.000898646 0.00206887 2.69226
-0.0707066 0.0842649 0.00835498 0.00339259 0.00901751 0.385716
-0.0971242 0.0516419 -0.0236293 -0.015399 0.0282042 -2.56403
-0.109397 0.0114981 0.0579414 0.0436122 0.0725206 0.645224
-0.105739 -0.0303201 -0.0804033 -0.109289 0.135679 -2.20508
-0.0866812 -0.0677228 0.0196661 0.276641 0.277339 1.49983
-0.055 -0.0952628 0.289117 -0.499664 0.57728 -1.04624
# x y Real Imaginary Modulus Phase <-> f = 0 s = 13
0.0771 -0.0784575 0.957234 0.0380771 0.957991 0.0397574
0.100877 -0.0438624 -0.584257 0.235583 0.629965 2.75831
0.109962 -0.00287946 0.340136 -0.218662 0.404359 -0.571344
0.103034 0.0385228 -0.183692 0.100885 0.209572 2.63936
0.0811005 0.0743149 0.0830852 -0.0251138 0.0867978 -0.293534
0.0473562 0.0992844 -0.0250083 -0.00011311 0.0250085 -3.13707
0.00671534 0.109795 0.00507944 -0.00366674 0.00626463 -0.625259
-0.0349035 0.104316 0.002622 0.00518822 0.00581313 1.10286
-0.0714393 0.0836447 -0.00690319 0.00972537 0.0119263 2.18808
-0.0975712 0.0507923 0.00707761 -0.0124507 0.0143218 -1.0539
-0.109494 0.010543 -0.0243463 0.00993868 0.0262968 2.75402
-0.10547 -0.0312417 0.0508231 -0.00011023 0.0508232 -0.0021689
-0.0860869 -0.0684766 -0.0704512 -0.065382 0.0961154 -2.3935
-0.0541666 -0.0957391 0.0210537 0.23013 0.231091 1.47956
-0.0143579 -0.109059 0.314461 -0.524474 0.611522 -1.03069
# x y Real Imaginary Modulus Phase <-> f = 0 s = 14
0.101256 -0.0429804 0.741337 -0.10176 0.748289 -0.136413
0.109983 -0.00191976 -0.584179 0.454333 0.740056 2.48058
0.102694 0.0394205 0.421911 -0.29896 0.517094 -0.616465
0.0804489 0.0750198 -0.213109 0.118352 0.243768 2.63464
0.046488 0.0996939 0.089257 -0.0402648 0.0979186 -0.423777
0.00575696 0.109849 -0.0218492 0.0189927 0.0289501 2.42602
-0.0358125 0.104007 -0.000387494 -0.0112359 0.0112426 -1.60527
-0.0721665 0.0830181 0.00323897 0.0123133 0.0127322 1.31358
-0.0980107 0.049939 -0.0170818 0.0115442 0.0206169 2.54728
-0.109581 0.00958713 0.00828244 -0.0277155 0.0289266 -1.28041
-0.105194 -0.0321609 -0.0136893 0.0271775 0.0304305 2.0374
-0.0854861 -0.0692252 0.0388442 -0.00644667 0.0393755 -0.164463
-0.0533291 -0.0962082 -0.0706415 -0.0759814 0.103747 -2.31979
-0.0134056 -0.10918 -0.00357746 0.306302 0.306323 1.58248
0.0284701 -0.106252 0.318972 -0.727691 0.79453 -1.15769
# x y Real Imaginary Modulus Phase <-> f = 0 s = 15
0.109996 -0.000959919 0.64799 0.00765518 0.648035 0.0118132
0.102346 0.0403151 -0.537071 0.44483 0.697366 2.44986
0.0797912 0.075719 0.358265 -0.280132 0.454784 -0.663615
0.0456163 0.100096 -0.156982 0.128116 0.202625 2.4571
0.00479813 0.109895 0.0393032 -0.0516218 0.064881 -0.920059
-0.0367188 0.103691 0.00028777 0.022122 0.0221239 1.55779
-0.0728882 0.0823851 -0.0131592 -0.00705066 0.014929 -2.64972
-0.0984428 0.0490818 0.000553626 0.00935423 0.0093706 1.51168
-0.109661 0.0086305 -0.0220772 0.0116203 0.0249486 2.65709
-0.104909 -0.0330776 0.00937357 -0.0357152 0.0369247 -1.31413
-0.0848787 -0.0699686 -0.0130705 0.0264302 0.0294855 2.03006
-0.0524875 -0.0966699 0.0530994 0.0129999 0.0546675 0.240099
-0.0124524 -0.109293 -0.0739676 -0.146389 0.164015 -2.03866
0.0293962 -0.105999 -0.000731389 0.479017 0.479018 1.57232
0.0669638 -0.0872689 0.0686192 -0.793855 0.796815 -1.48457
