# x y Real Imaginary Modulus Phase <-> f = 0 s = 0
0.10199 0.0412067 0.730221 -0.0445225 0.731577 -0.0608959
0.0791274 0.0764124 -0.57832 0.330607 0.66615 2.62227
0.044741 0.10049 0.299036 -0.21955 0.370978 -0.633307
0.00383894 0.109933 -0.0956531 0.102686 0.140335 2.32075
-0.0376222 0.103366 0.01453 -0.0471397 0.0493282 -1.2718
-0.0736044 0.0817459 0.00426097 0.0119503 0.0126872 1.22829
-0.0988673 0.0482208 -0.0184711 0.00238693 0.0186247 3.01308
-0.109732 0.00767321 0.0019048 0.00955209 0.00974015 1.37397
-0.104616 -0.0339919 -0.0161355 0.0185629 0.0245954 2.28635
-0.0842649 -0.0707066 0.00640478 -0.0305776 0.0312412 -1.36432
-0.0516419 -0.0971242 -0.0197427 0.00160642 0.0198079 3.0604
-0.0114981 -0.109397 0.051478 0.0655418 0.083341 0.905007
0.0303201 -0.105739 -0.045011 -0.282737 0.286297 -1.72867
0.0677228 -0.0866812 0.124288 0.650643 0.662408 1.38205
0.0952628 -0.055 -0.0235877 -0.638113 0.638549 -1.60774
# x y Real Imaginary Modulus Phase <-> f = 0 s = 1
0.0784575 0.0771 0.824229 -0.0878048 0.828893 -0.106129
0.0438624 0.100877 -0.582107 0.25878 0.637036 2.72327
0.00287946 0.109962 0.23563 -0.166758 0.288669 -0.615881
-0.0385228 0.103034 -0.0572097 0.097509 0.113053 2.10139
-0.0743149 0.0811005 0.00390703 -0.0429369 0.0431143 -1.48005
-0.0992844 0.0473562 0.00575335 0.00935663 0.010984 1.0195
-0.109795 0.00671534 -0.0181463 0.00497375 0.0188156 2.87407
-0.104316 -0.0349035 0.00582782 0.012227 0.0135448 1.12601
-0.0836447 -0.0714393 -0.0151462 0.0155455 0.0217042 2.34319
-0.0507923 -0.0975712 0.00623302 -0.00739709 0.00967303 -0.870596
-0.010543 -0.109494 -0.0236074 -0.0322595 0.0399748 -2.20254
0.0312417 -0.10547 0.00858764 0.140845 0.141106 1.5099
0.0684766 -0.0860869 -0.0476254 -0.395362 0.39822 -1.69068
0.0957391 -0.0541666 0.188584 0.639132 0.666374 1.28387
0.109059 -0.0143579 0.0283842 -0.691441 0.692023 -1.52977
# x y Real Imaginary Modulus Phase <-> f = 0 s = 2
0.0429804 0.101256 0.888805 -0.0718611 0.891705 -0.0806758
0.00191976 0.109983 -0.527901 0.172849 0.555478 2.82517
-0.0394205 0.102694 0.187624 -0.166097 0.250581 -0.724613
-0.0750198 0.0804489 -0.0408446 0.093169 0.101729 1.98396
-0.0996939 0.046488 0.00373216 -0.0440323 0.0441902 -1.48624
-0.109849 0.00575696 0.0100912 0.0113757 0.0152065 0.845162
-0.104007 -0.0358125 -0.0113365 -0.00119208 0.011399 -3.03682
-0.0830181 -0.0721665 0.0122006 0.0110768 0.0164788 0.737158
-0.049939 -0.0980107 -0.00603667 0.00834537 0.0102998 2.19703
-0.00958713 -0.109581 0.00363385 0.0110312 0.0116143 1.25258
0.0321609 -0.105194 0.00932057 -0.0539061 0.0547059 -1.39959
0.0692252 -0.0854861 0.00323506 0.175743 0.175773 1.55239
0.0962082 -0.0533291 -0.0818737 -0.361703 0.370854 -1.7934
0.10918 -0.0134056 0.0976499 0.57485 0.583085 1.40253
0.106252 0.0284701 0.099874 -0.782356 0.788705 -1.44383
# x y Real Imaginary Modulus Phase <-> f = 0 s = 3
0.000959919 0.109996 0.911906 0.0220251 0.912172 0.0241481
-0.0403151 0.102346 -0.482123 0.181303 0.515086 2.7819
-0.075719 0.0797912 0.174224 -0.157444 0.234825 -0.734847
-0.100096 0.0456163 -0.0465834 0.0951039 0.1059 2.02626
-0.109895 0.00479813 0.00251945 -0.0420047 0.0420802 -1.51089
-0.103691 -0.0367188 0.00615214 0.0200551 0.0209775 1.27315
-0.0823851 -0.0728882 -0.00538327 -0.0068135 0.00868351 -2.23946
-0.0490818 -0.0984428 0.0100002 0.00293204 0.0104212 0.285205
-0.0086305 -0.109661 -0.00388448 0.000609558 0.00393201 2.98594
0.0330776 -0.104909 -0.00590168 0.00961093 0.0112783 2.12149
0.0699686 -0.0848787 0.00643701 -0.0669034 0.0672123 -1.47488
0.0966699 -0.0524875 0.0363581 0.152244 0.156525 1.33637
0.109293 -0.0124524 -0.0737719 -0.285853 0.295219 -1.82336
0.105999 0.0293962 0.0360877 0.527106 0.52834 1.50244
0.0872689 0.0669638 0.162466 -0.797307 0.813692 -1.36978
# x y Real Imaginary Modulus Phase <-> f = 0 s = 4
-0.0412067 0.10199 0.888519 0.00811215 0.888556 0.00912971
-0.0764124 0.0791274 -0.479658 0.161477 0.506109 2.81686
-0.10049 0.044741 0.200663 -0.160878 0.257191 -0.675797
-0.109933 0.00383894 -0.0648283 0.0991082 0.118428 2.15006
-0.103366 -0.0376222 0.0236967 -0.0458633 0.0516234 -1.09389
-0.0817459 -0.0736044 -0.0074434 0.0159296 0.0175828 2.00792
-0.0482208 -0.0988673 -0.000325007 -0.00208167 0.00210688 -1.72567
-0.00767321 -0.109732 0.0086561 -0.0014064 0.00876961 -0.161067
0.0339919 -0.104616 -0.00436144 -0.00217681 0.00487449 -2.67866
0.0707066 -0.0842649 0.00561735 0.018087 0.0189393 1.26967
0.0971242 -0.0516419 -0.0255765 -0.0421565 0.0493085 -2.11613
0.109397 -0.0114981 0.0461118 0.0914662 0.102432 1.10384
0.105739 0.0303201 -0.0623061 -0.210074 0.219119 -1.85912
0.0866812 0.0677228 0.000621612 0.438371 0.438372 1.56938
0.055 0.0952628 0.244468 -0.739327 0.778697 -1.25145
# x y Real Imaginary Modulus Phase <-> f = 0 s = 5
-0.0771 0.0784575 0.916535 -0.0106532 0.916597 -0.0116228
-0.100877 0.0438624 -0.561131 0.209476 0.598956 2.7843
-0.109962 0.00287946 0.266127 -0.201595 0.333862 -0.648294
-0.103034 -0.0385228 -0.129074 0.11198 0.170879 2.42699
-0.0811005 -0.0743149 0.0564913 -0.0377688 0.067954 -0.589324
-0.0473562 -0.0992844 -0.0143658 0.00650154 0.0157685 2.7166
-0.00671534 -0.109795 -0.00197133 -0.00259157 0.00325613 -2.22109
0.0349035 -0.104316 0.0116544 0.00363214 0.0122073 0.302114
0.0714393 -0.0836447 -0.0120708 -0.00385085 0.0126702 -2.83278
0.0975712 -0.0507923 0.0177239 0.00421154 0.0182174 0.233293
0.109494 -0.010543 -0.0285408 -0.0199965 0.0348488 -2.53044
0.10547 0.0312417 0.0554758 0.0611668 0.0825769 0.83415
0.0860869 0.0684766 -0.0775868 -0.171865 0.188566 -1.99485
0.0541666 0.0957391 0.0256278 0.399806 0.400626 1.50678
0.0143579 0.109059 0.216876 -0.720276 0.752218 -1.27833
# x y Real Imaginary Modulus Phase <-> f = 0 s = 6
-0.101256 0.0429804 0.85742 -0.0514069 0.858959 -0.0598836
-0.109983 0.00191976 -0.562011 0.302328 0.638168 2.64806
-0.102694 -0.0394205 0.328625 -0.233379 0.403063 -0.617517
-0.0804489 -0.0750198 -0.151898 0.100867 0.182338 2.55541
-0.046488 -0.0996939 0.0501071 -0.0348871 0.0610559 -0.608205
-0.00575696 -0.109849 0.0004715 0.0121088 0.0121179 1.53188
0.0358125 -0.104007 -0.00885499 0.00336976 0.0094745 2.77797
0.0721665 -0.0830181 0.0172488 0.0125448 0.0213282 0.628805
0.0980107 -0.049939 -0.0158651 0.0081103 0.0178179 2.66902
0.109581 -0.00958713 0.0110519 -0.00487408 0.0120789 -0.41536
0.105194 0.0321609 -0.0284834 -0.0125767 0.0311365 -2.72579
0.0854861 0.0692252 0.0582192 0.0483155 0.0756562 0.692703
0.0533291 0.0962082 -0.0781541 -0.154218 0.172891 -2.03985
0.0134056 0.10918 0.0191032 0.388526 0.388995 1.52167
-0.0284701 0.106252 0.24926 -0.74873 0.789131 -1.24943
# x y Real Imaginary Modulus Phase <-> f = 0 s = 7
-0.109996 0.000959919 0.770751 -0.0854169 0.77547 -0.110373
-0.102346 -0.0403151 -0.622794 0.355719 0.717223 2.62264
-0.0797912 -0.075719 0.352645 -0.201146 0.405978 -0.518365
-0.0456163 -0.100096 -0.124417 0.0897243 0.153395 2.51681
-0.00479813 -0.109895 0.011695 -0.0377249 0.039496 -1.27018
0.0367188 -0.103691 0.00971719 0.00493596 0.010899 0.469997
0.0728882 -0.0823851 -0.0248848 0.00573524 0.0255372 2.91508
0.0984428 -0.0490818 0.0106091 0.0117055 0.0157978 0.834494
0.109661 -0.0086305 -0.0187565 0.0157597 0.0244985 2.4428
0.104909 0.0330776 0.00718045 -0.00617646 0.00947141 -0.710372
0.0848787 0.0699686 -0.0261927 -0.0123668 0.0289654 -2.70048
0.0524875 0.0966699 0.0569336 0.0500578 0.0758104 0.721221
0.0124524 0.109293 -0.0738187 -0.173397 0.188456 -1.97328
-0.0293962 0.105999 0.00146626 0.46176 0.461762 1.56762
-0.0669638 0.0872689 0.162249 -0.779994 0.79669 -1.36571
# x y Real Imaginary Modulus Phase <-> f = 0 s = 8
-0.10199 -0.0412067 0.730649 -0.160265 0.748019 -0.215926
-0.0791274 -0.0764124 -0.628269 0.316174 0.70334 2.67535
-0.044741 -0.10049 0.26223 -0.174162 0.314796 -0.586263
-0.00383894 -0.109933 -0.0303935 0.0894459 0.0944687 1.89835
0.0376222 -0.103366 -0.0160933 -0.0237624 0.0286992 -2.16609
0.0736044 -0.0817459 0.0259993 -0.00930865 0.0276155 -0.343815
0.0988673 -0.0482208 -0.0337697 0.00586173 0.0342746 2.96973
0.109732 -0.00767321 0.00714426 0.00745313 0.0103242 0.806554
0.104616 0.0339919 -0.0186319 0.0175055 0.0255654 2.38736
0.0842649 0.0707066 0.0134124 -0.00582661 0.0146234 -0.409822
0.0516419 0.0971242 -0.0305653 -0.00831197 0.0316753 -2.87607
0.0114981 0.109397 0.0566962 0.0643562 0.0857682 0.848592
-0.0303201 0.105739 -0.0683625 -0.23258 0.242419 -1.85668
-0.0677228 0.0866812 0.0700591 0.527358 0.531991 1.43872
-0.0952628 0.055 0.0726071 -0.755076 0.758559 -1.47493
# x y Real Imaginary Modulus Phase <-> f = 0 s = 9
-0.0784575 -0.0771 0.874633 -0.0604543 0.87672 -0.0690099
-0.0438624 -0.100877 -0.508319 0.147126 0.529183 2.85986
-0.00287946 -0.109962 0.11788 -0.129388 0.175034 -0.831905
0.0385228 -0.103034 0.00885541 0.0588965 0.0595585 1.42156
0.0743149 -0.0811005 -0.0201917 -0.00417864 0.0206195 -2.93752
0.0992844 -0.0473562 0.0303742 -0.020509 0.0366499 -0.593894
0.109795 -0.00671534 -0.0303236 0.00377461 0.0305576 3.01775
0.104316 0.0349035 0.0100082 0.0118748 0.0155298 0.870493
0.0836447 0.0714393 -0.0130789 0.0119376 0.0177078 2.40178
0.0507923 0.0975712 0.0178406 0.000714235 0.0178549 0.0400128
0.010543 0.109494 -0.0278514 -0.0230466 0.0361504 -2.45032
-0.0312417 0.10547 0.0390153 0.110872 0.117536 1.23243
-0.0684766 0.0860869 -0.0686307 -0.301372 0.309088 -1.79471
-0.0957391 0.0541666 0.0729599 0.602132 0.606536 1.45021
-0.109059 0.0143579 0.0017762 -0.80662 0.806622 -1.56859
# x y Real Imaginary Modulus Phase <-> f = 0 s = 10
-0.0429804 -0.101256 0.895835 0.142377 0.907078 0.157614
-0.00191976 -0.109983 -0.349408 0.108579 0.36589 2.8403
0.0394205 -0.102694 0.0797085 -0.111474 0.13704 -0.950048
0.0750198 -0.0804489 0.000929729 0.0553395 0.0553473 1.554
0.0996939 -0.046488 -0.0161532 -0.00699416 0.0176024 -2.73297
0.109849 -0.00575696 0.0279493 -0.0104052 0.0298233 -0.356391
0.104007 0.0358125 -0.0249042 -0.0015058 0.0249497 -3.0812
0.0830181 0.0721665 0.0147567 0.0131932 0.0197944 0.729517
0.049939 0.0980107 -0.00851568 0.00115777 0.00859402 3.00646
0.00958713 0.109581 0.0105267 0.00796228 0.0131988 0.647577
-0.0321609 0.105194 -0.00876847 -0.0411647 0.0420883 -1.78067
-0.0692252 0.0854861 0.0237348 0.129667 0.131821 1.38976
-0.0962082 0.0533291 -0.0335635 -0.304134 0.30598 -1.68071
-0.10918 0.0134056 0.0359722 0.59909 0.600169 1.51082
-0.106252 -0.0284701 0.13013 -0.791943 0.802563 -1.40793
# x y Real Imaginary Modulus Phase <-> f = 0 s = 11
-0.000959919 -0.109996 0.764562 0.223873 0.796665 0.284849
0.0403151 -0.102346 -0.318313 0.0870211 0.329993 2.87473
0.075719 -0.0797912 0.0999301 -0.11378 0.151433 -0.850116
0.100096 -0.0456163 -0.00701213 0.0708564 0.0712025 1.66944
0.109895 -0.00479813 -0.00578375 -0.0344143 0.0348969 -1.7373
0.103691 0.0367188 0.00250895 0.0117864 0.0120505 1.36106
0.0823851 0.0728882 -0.00823251 -0.000768481 0.0082683 -3.04852
0.0490818 0.0984428 0.0115435 0.00476701 0.012489 0.39163
0.0086305 0.109661 -0.00354162 -0.00067331 0.00360505 -2.95372
-0.0330776 0.104909 0.00365547 0.00750497 0.00834788 1.11754
-0.0699686 0.0848787 -0.00713259 -0.039983 0.0406142 -1.74733
-0.0966699 0.0524875 0.0219476 0.105002 0.107271 1.36474
-0.109293 0.0124524 -0.0478246 -0.235988 0.240785 -1.77075
-0.105999 -0.0293962 -0.00253934 0.423729 0.423737 1.57679
-0.0872689 -0.0669638 0.300836 -0.676555 0.740425 -1.15239
# x y Real Imaginary Modulus Phase <-> f = 0 s = 12
0.0412067 -0.10199 0.823454 0.212476 0.850425 0.252522
0.0764124 -0.0791274 -0.42472 0.0949686 0.435209 2.92161
0.10049 -0.044741 0.174187 -0.147168 0.228034 -0.701518
0.109933 -0.00383894 -0.0734998 0.0978406 0.122372 2.21508
0.103366 0.0376222 0.0345867 -0.0456768 0.0572941 -0.9227
0.0817459 0.0736044 -0.016053 0.0129459 0.0206227 2.46293
0.0482208 0.0988673 0.000401329 -0.00154077 0.00159218 -1.31599
0.00767321 0.109732 0.00485417 0.000130146 0.00485591 0.0268047
-0.0339919 0.104616 -0.000287768 -0.000211149 0.000356923 -2.50857
-0.0707066 0.0842649 0.00864541 0.00330436 0.00925537 0.365077
-0.0971242 0.0516419 -0.0214138 -0.014627 0.0259326 -2.54232
-0.109397 0.0114981 0.0564249 0.0438594 0.0714662 0.66075
-0.105739 -0.0303201 -0.0777459 -0.108392 0.133392 -2.19302
-0.0866812 -0.0677228 0.0190615 0.280143 0.280791 1.50286
-0.055 -0.0952628 0.285938 -0.503985 0.579449 -1.05473
# x y Real Imaginary Modulus Phase <-> f = 0 s = 13
0.0771 -0.0784575 0.959178 0.0358035 0.959846 0.0373099
0.100877 -0.0438624 -0.585451 0.234076 0.630511 2.76124
0.109962 -0.00287946 0.339731 -0.21903 0.404217 -0.572652
0.103034 0.0385228 -0.183977 0.101613 0.210173 2.63698
0.0811005 0.0743149 0.0846368 -0.0268422 0.0887912 -0.307111
0.0473562 0.0992844 -0.0296304 -0.00218338 0.0297107 -3.06804
0.00671534 0.109795 0.00456209 -0.00294032 0.00542754 -0.572507
-0.0349035 0.104316 0.00312208 0.00340562 0.00462014 0.828807
-0.0714393 0.0836447 0.00039569 0.0108428 0.01085 1.53432
-0.0975712 0.0507923 0.00327839 -0.00929868 0.00985968 -1.23184
-0.109494 0.010543 -0.019069 0.00942284 0.0212701 2.68264
-0.10547 -0.0312417 0.0469625 0.00405088 0.0471369 0.0860448
-0.0860869 -0.0684766 -0.0668619 -0.0704224 0.0971073 -2.33026
-0.0541666 -0.0957391 0.0181018 0.234288 0.234986 1.49369
-0.0143579 -0.109059 0.315291 -0.528544 0.615441 -1.03294
# x y Real Imaginary Modulus Phase <-> f = 0 s = 14
0.101256 -0.0429804 0.741404 -0.102323 0.748431 -0.137147
0.109983 -0.00191976 -0.582214 0.454153 0.738395 2.47914
0.102694 0.0394205 0.421484 -0.300982 0.517918 -0.620127
0.0804489 0.0750198 -0.212978 0.119797 0.244359 2.62921
0.046488 0.0996939 0.0902088 -0.0420221 0.0995163 -0.435941
0.00575696 0.109849 -0.0227169 0.0183771 0.0292194 2.46141
-0.0358125 0.104007 -0.00132318 -0.0111875 0.0112655 -1.68852
-0.0721665 0.0830181 0.00813411 0.0110286 0.0137038 0.935314
-0.0980107 0.049939 -0.0106117 0.0180749 0.0209598 2.10167
-0.109581 0.00958713 0.00115201 -0.025937 0.0259626 -1.52641
-0.105194 -0.0321609 -0.00308397 0.0232353 0.023439 1.70275
-0.0854861 -0.0692252 0.0336861 0.00237298 0.0337695 0.0703278
-0.0533291 -0.0962082 -0.0680354 -0.0785969 0.103953 -2.28429
-0.0134056 -0.10918 -0.0036927 0.305892 0.305914 1.58287
0.0284701 -0.106252 0.320351 -0.731278 0.798368 -1.15791
# x y Real Imaginary Modulus Phase <-> f = 0 s = 15
0.109996 -0.000959919 0.653288 0.00938888 0.653356 0.0143707
0.102346 0.0403151 -0.53695 0.44418 0.696858 2.45047
0.0797912 0.075719 0.35667 -0.280489 0.453749 -0.6664
0.0456163 0.100096 -0.158003 0.130777 0.205103 2.4502
0.00479813 0.109895 0.0400605 -0.0524685 0.0660136 -0.918702
-0.0367188 0.103691 -0.00051375 0.0212699 0.0212761 1.59495
-0.0728882 0.0823851 -0.0113659 -0.00603473 0.0128686 -2.65349
-0.0984428 0.0490818 0.00543824 0.0130003 0.014092 1.1746
-0.109661 0.0086305 -0.0178883 0.0190448 0.0261284 2.32489
-0.104909 -0.0330776 -7.63206e-05 -0.0360766 0.0360767 -1.57291
-0.0848787 -0.0699686 -0.00170001 0.0210738 0.0211423 1.65129
-0.0524875 -0.0966699 0.0507033 0.0152427 0.052945 0.292031
-0.0124524 -0.109293 -0.0732085 -0.143868 0.161423 -2.04151
0.0293962 -0.105999 -0.00404162 0.479888 0.479905 1.57922
0.0669638 -0.0872689 0.0697839 -0.795122 0.798179 -1.48326
