# x y Real Imaginary Modulus Phase <-> f = 0 s = 0
0.10199 0.0412067 0.738419 -0.0341149 0.739206 -0.0461671
0.0791274 0.0764124 -0.570398 0.326001 0.656986 2.62237
0.044741 0.10049 0.292989 -0.22382 0.368698 -0.65235
0.00383894 0.109933 -0.0926174 0.10737 0.141797 2.28256
-0.0376222 0.103366 0.0137947 -0.0476534 0.0496099 -1.28902
-0.0736044 0.0817459 0.00846965 0.0105957 0.0135648 0.896452
-0.0988673 0.0482208 -0.0190735 -0.000714409 0.0190869 -3.10415
-0.109732 0.00767321 0.000636796 0.0050106 0.00505091 1.44438
-0.104616 -0.0339919 -0.0183998 0.021197 0.0280689 2.28567
-0.0842649 -0.0707066 0.00281869 -0.0335559 0.033674 -1.48699
-0.0516419 -0.0971242 -0.0198449 0.000720526 0.019858 3.1053
-0.0114981 -0.109397 0.0538163 0.0659357 0.08511 0.886259
0.0303201 -0.105739 -0.0483904 -0.281944 0.286067 -1.74077
0.0677228 -0.0866812 0.126174 0.643992 0.656236 1.37732
0.0952628 -0.055 -0.0120757 -0.641864 0.641977 -1.58961
# x y Real Imaginary Modulus Phase <-> f = 0 s = 1
0.0784575 0.0771 0.818224 -0.0799507 0.82212 -0.0974033
0.0438624 0.100877 -0.573003 0.264225 0.63099 2.70953
0.00287946 0.109962 0.231961 -0.172649 0.28916 -0.639845
-0.0385228 0.103034 -0.0539009 0.1039 0.117049 2.04935
-0.0743149 0.0811005 0.00401879 -0.044074 0.0442569 -1.47987
-0.0992844 0.0473562 0.0102747 0.00792411 0.0129754 0.656946
-0.109795 0.00671534 -0.0198657 0.00213994 0.0199807 3.03429
-0.104316 -0.0349035 0.00397039 0.00923789 0.010055 1.16487
-0.0836447 -0.0714393 -0.0166764 0.0167803 0.0236575 2.35309
-0.0507923 -0.0975712 0.00429932 -0.00715511 0.00834744 -1.02973
-0.010543 -0.109494 -0.0237012 -0.0313463 0.039298 -2.2182
0.0312417 -0.10547 0.0109558 0.141082 0.141507 1.4933
0.0684766 -0.0860869 -0.0530755 -0.393366 0.396931 -1.70491
0.0957391 -0.0541666 0.191595 0.628011 0.656587 1.27468
0.109059 -0.0143579 0.0419943 -0.684343 0.68563 -1.50951
# x y Real Imaginary Modulus Phase <-> f = 0 s = 2
0.0429804 0.101256 0.875839 -0.0733073 0.878902 -0.0835049
0.00191976 0.109983 -0.52193 0.179775 0.552023 2.80988
-0.0394205 0.102694 0.185107 -0.173558 0.253746 -0.753212
-0.0750198 0.0804489 -0.0394241 0.0961299 0.1039 1.95999
-0.0996939 0.046488 0.00395344 -0.0414631 0.0416511 -1.47574
-0.109849 0.00575696 0.0146379 0.0113517 0.0185238 0.65962
-0.104007 -0.0358125 -0.0135253 -0.00281157 0.0138144 -2.93664
-0.0830181 -0.0721665 0.0118096 0.00999064 0.0154686 0.702155
-0.049939 -0.0980107 -0.0058523 0.00778017 0.00973553 2.21571
-0.00958713 -0.109581 0.00515184 0.011142 0.0122754 1.13769
0.0321609 -0.105194 0.00756437 -0.0537454 0.0542751 -1.43097
0.0692252 -0.0854861 0.00854644 0.17703 0.177237 1.52256
0.0962082 -0.0533291 -0.0884776 -0.358908 0.369653 -1.8125
0.10918 -0.0134056 0.100021 0.56702 0.575774 1.3962
0.106252 0.0284701 0.099708 -0.775254 0.78164 -1.44289
# x y Real Imaginary Modulus Phase <-> f = 0 s = 3
0.000959919 0.109996 0.901075 0.01258 0.901162 0.0139602
-0.0403151 0.102346 -0.475199 0.194427 0.513436 2.75323
-0.075719 0.0797912 0.170014 -0.165268 0.237104 -0.771242
-0.100096 0.0456163 -0.0439595 0.0988934 0.108224 1.98908
-0.109895 0.00479813 -0.000652596 -0.0436047 0.0436096 -1.58576
-0.103691 -0.0367188 0.00810411 0.0244203 0.0257299 1.25037
-0.0823851 -0.0728882 -0.00656908 -0.00635708 0.00914141 -2.37259
-0.0490818 -0.0984428 0.0110159 0.0029073 0.0113931 0.258035
-0.0086305 -0.109661 -0.00414747 0.000666708 0.00420071 2.98221
0.0330776 -0.104909 -0.00479594 0.0119607 0.0128864 1.95214
0.0699686 -0.0848787 0.00300896 -0.0707813 0.0708452 -1.52831
0.0966699 -0.0524875 0.0441458 0.153804 0.160014 1.29128
0.109293 -0.0124524 -0.0815476 -0.280453 0.292069 -1.85376
0.105999 0.0293962 0.0434971 0.522735 0.524542 1.48778
0.0872689 0.0669638 0.154926 -0.787615 0.802707 -1.37657
# x y Real Imaginary Modulus Phase <-> f = 0 s = 4
-0.0412067 0.10199 0.877613 -0.00776404 0.877648 -0.00884654
-0.0764124 0.0791274 -0.473194 0.172996 0.503825 2.7911
-0.10049 0.044741 0.194954 -0.167223 0.256848 -0.708979
-0.109933 0.00383894 -0.0617489 0.102865 0.119976 2.11143
-0.103366 -0.0376222 0.0194435 -0.0501189 0.0537582 -1.20072
-0.0817459 -0.0736044 -0.0078695 0.0181807 0.0198108 1.9793
-0.0482208 -0.0988673 -0.000541661 -0.00160513 0.00169406 -1.89625
-0.00767321 -0.109732 0.01041 -0.000920411 0.0104506 -0.0881868
0.0339919 -0.104616 -0.00496838 -0.00207321 0.00538359 -2.74628
0.0707066 -0.0842649 0.00690291 0.0193377 0.0205328 1.22793
0.0971242 -0.0516419 -0.0297204 -0.0441962 0.0532598 -2.1628
0.109397 -0.0114981 0.0522893 0.0891606 0.103362 1.04039
0.105739 0.0303201 -0.0683571 -0.208252 0.219184 -1.88796
0.0866812 0.0677228 0.00904182 0.436523 0.436617 1.55009
0.055 0.0952628 0.233307 -0.735779 0.771883 -1.26374
# x y Real Imaginary Modulus Phase <-> f = 0 s = 5
-0.0771 0.0784575 0.905317 -0.018043 0.905496 -0.0199274
-0.100877 0.0438624 -0.550935 0.213268 0.590773 2.77225
-0.109962 0.00287946 0.260161 -0.208918 0.333663 -0.676589
-0.103034 -0.0385228 -0.127889 0.1157 0.172458 2.40619
-0.0811005 -0.0743149 0.0533317 -0.041689 0.0676922 -0.663478
-0.0473562 -0.0992844 -0.0140278 0.010076 0.0172716 2.5187
-0.00671534 -0.109795 -0.00187125 -0.00397764 0.00439581 -2.01052
0.0349035 -0.104316 0.0140158 0.00464717 0.0147661 0.320159
0.0714393 -0.0836447 -0.0132561 -0.00387313 0.0138103 -2.85733
0.0975712 -0.0507923 0.0211946 0.00536579 0.0218632 0.247958
0.109494 -0.010543 -0.03112 -0.018186 0.0360442 -2.61273
0.10547 0.0312417 0.059792 0.0604155 0.0850007 0.790585
0.0860869 0.0684766 -0.0821461 -0.172369 0.190942 -2.01553
0.0541666 0.0957391 0.037088 0.400966 0.402677 1.47856
0.0143579 0.109059 0.201056 -0.718415 0.746019 -1.29792
# x y Real Imaginary Modulus Phase <-> f = 0 s = 6
-0.101256 0.0429804 0.84695 -0.044507 0.848119 -0.0525015
-0.109983 0.00191976 -0.557302 0.309155 0.637309 2.63512
-0.102694 -0.0394205 0.32891 -0.241323 0.407944 -0.632991
-0.0804489 -0.0750198 -0.153793 0.101547 0.184293 2.55802
-0.046488 -0.0996939 0.0498446 -0.0369522 0.062048 -0.637941
-0.00575696 -0.109849 0.00201921 0.0121176 0.0122847 1.40568
0.0358125 -0.104007 -0.00975791 0.00276608 0.0101424 2.86537
0.0721665 -0.0830181 0.0179017 0.0112169 0.0211256 0.559738
0.0980107 -0.049939 -0.0166188 0.00620829 0.0177406 2.78408
0.109581 -0.00958713 0.014726 -0.00687938 0.0162537 -0.437031
0.105194 0.0321609 -0.0297167 -0.00783984 0.0307335 -2.88365
0.0854861 0.0692252 0.0581961 0.0484887 0.0757492 0.694657
0.0533291 0.0962082 -0.0844784 -0.154435 0.17603 -2.07135
0.0134056 0.10918 0.02796 0.38781 0.388817 1.49882
-0.0284701 0.106252 0.238055 -0.742658 0.779879 -1.2606
# x y Real Imaginary Modulus Phase <-> f = 0 s = 7
-0.109996 0.000959919 0.767635 -0.0720417 0.771009 -0.0935748
-0.102346 -0.0403151 -0.611541 0.355064 0.707144 2.61556
-0.0797912 -0.075719 0.352398 -0.203991 0.407182 -0.524735
-0.0456163 -0.100096 -0.12445 0.0892943 0.153171 2.51921
-0.00479813 -0.109895 0.00984589 -0.0366813 0.0379797 -1.30856
0.0367188 -0.103691 0.0116254 0.00373834 0.0122117 0.311123
0.0728882 -0.0823851 -0.0264258 0.0080586 0.0276273 2.8456
0.0984428 -0.0490818 0.0100317 0.0105066 0.0145266 0.808516
0.109661 -0.0086305 -0.0200693 0.0117651 0.0232636 2.61136
0.104909 0.0330776 0.00989372 -0.00855554 0.0130799 -0.712992
0.0848787 0.0699686 -0.0260072 -0.0101589 0.0279209 -2.7692
0.0524875 0.0966699 0.0561204 0.0489354 0.0744592 0.717113
0.0124524 0.109293 -0.0833104 -0.170542 0.189803 -2.0252
-0.0293962 0.105999 0.00858798 0.457359 0.45744 1.55202
-0.0669638 0.0872689 0.15822 -0.769138 0.785244 -1.36792
# x y Real Imaginary Modulus Phase <-> f = 0 s = 8
-0.10199 -0.0412067 0.731155 -0.14684 0.745755 -0.198197
-0.0791274 -0.0764124 -0.62277 0.318801 0.699626 2.66846
-0.044741 -0.10049 0.258688 -0.178984 0.314571 -0.605262
-0.00383894 -0.109933 -0.0301792 0.0908837 0.0957634 1.8914
0.0376222 -0.103366 -0.0147989 -0.0260553 0.0299647 -2.08734
0.0736044 -0.0817459 0.0266205 -0.0121945 0.0292807 -0.429558
0.0988673 -0.0482208 -0.0377256 0.00902322 0.0387897 2.90682
0.109732 -0.00767321 0.00554052 0.00305629 0.00632758 0.504091
0.104616 0.0339919 -0.0211882 0.0176018 0.0275457 2.44839
0.0842649 0.0707066 0.0148967 -0.0103033 0.0181127 -0.6051
0.0516419 0.0971242 -0.0329127 -0.00898405 0.0341169 -2.87512
0.0114981 0.109397 0.0619822 0.0625101 0.0880301 0.789639
-0.0303201 0.105739 -0.0761956 -0.231713 0.24392 -1.88849
-0.0677228 0.0866812 0.0775429 0.52439 0.530092 1.42399
-0.0952628 0.055 0.0739107 -0.742501 0.746171 -1.47158
# x y Real Imaginary Modulus Phase <-> f = 0 s = 9
-0.0784575 -0.0771 0.871319 -0.0591861 0.873327 -0.0678228
-0.0438624 -0.100877 -0.503623 0.153388 0.526463 2.84595
-0.00287946 -0.109962 0.119199 -0.132186 0.177993 -0.837014
0.0385228 -0.103034 0.00873678 0.0602822 0.060912 1.42687
0.0743149 -0.0811005 -0.0204774 -0.00314605 0.0207177 -2.98915
0.0992844 -0.0473562 0.0290201 -0.0226717 0.0368262 -0.663199
0.109795 -0.00671534 -0.033205 0.00530085 0.0336254 2.98329
0.104316 0.0349035 0.0093997 0.0100099 0.0137314 0.816825
0.0836447 0.0714393 -0.0135054 0.00964009 0.016593 2.52167
0.0507923 0.0975712 0.0191922 0.00102846 0.0192198 0.0535361
0.010543 0.109494 -0.0342122 -0.0220931 0.0407257 -2.5682
-0.0312417 0.10547 0.0412918 0.108975 0.116535 1.2086
-0.0684766 0.0860869 -0.0738718 -0.301896 0.310803 -1.81077
-0.0957391 0.0541666 0.0826163 0.597034 0.602723 1.43329
-0.109059 0.0143579 0.0097191 -0.79546 0.795519 -1.55858
# x y Real Imaginary Modulus Phase <-> f = 0 s = 10
-0.0429804 -0.101256 0.887519 0.137057 0.898039 0.153217
-0.00191976 -0.109983 -0.345142 0.113307 0.363265 2.82439
0.0394205 -0.102694 0.0773736 -0.114612 0.138285 -0.976985
0.0750198 -0.0804489 0.00126496 0.0557295 0.0557438 1.5481
0.0996939 -0.046488 -0.0149741 -0.0103336 0.0181936 -2.53754
0.109849 -0.00575696 0.0270285 -0.0123835 0.0297303 -0.429624
0.104007 0.0358125 -0.0282862 0.00218536 0.0283705 3.06449
0.0830181 0.0721665 0.0140355 0.0126135 0.0188705 0.732089
0.049939 0.0980107 -0.00932962 0.00217489 0.00957977 2.91257
0.00958713 0.109581 0.0124032 0.00976862 0.0157882 0.667126
-0.0321609 0.105194 -0.0154387 -0.041981 0.0447298 -1.9232
-0.0692252 0.0854861 0.0245551 0.127867 0.130204 1.38107
-0.0962082 0.0533291 -0.0339624 -0.307329 0.3092 -1.68086
-0.10918 0.0134056 0.0427828 0.596095 0.597629 1.49915
-0.106252 -0.0284701 0.129753 -0.78751 0.798128 -1.4075
# x y Real Imaginary Modulus Phase <-> f = 0 s = 11
-0.000959919 -0.109996 0.765002 0.21541 0.794751 0.274474
0.0403151 -0.102346 -0.316748 0.0917429 0.329767 2.85967
0.075719 -0.0797912 0.101171 -0.117684 0.155194 -0.860709
0.100096 -0.0456163 -0.00753299 0.0726162 0.0730059 1.67416
0.109895 -0.00479813 -0.00674944 -0.0355276 0.0361631 -1.75854
0.103691 0.0367188 0.00293118 0.0109531 0.0113385 1.30931
0.0823851 0.0728882 -0.0101971 -0.000850617 0.0102325 -3.05837
0.0490818 0.0984428 0.0133663 0.00690157 0.015043 0.476634
0.0086305 0.109661 -0.00369024 -0.000482243 0.00372162 -3.01165
-0.0330776 0.104909 0.00595917 0.00891662 0.0107246 0.981649
-0.0699686 0.0848787 -0.0101858 -0.0389225 0.0402332 -1.82675
-0.0966699 0.0524875 0.0228562 0.102671 0.105184 1.35175
-0.109293 0.0124524 -0.0520693 -0.236664 0.242325 -1.78736
-0.105999 -0.0293962 0.00187324 0.423196 0.4232 1.56637
-0.0872689 -0.0669638 0.291378 -0.675198 0.735386 -1.1634
# x y Real Imaginary Modulus Phase <-> f = 0 s = 12
0.0412067 -0.10199 0.823349 0.206058 0.848742 0.245232
0.0764124 -0.0791274 -0.425272 0.0981463 0.436451 2.91478
0.10049 -0.044741 0.173578 -0.148289 0.228296 -0.706987
0.109933 -0.00383894 -0.0729092 0.100706 0.124328 2.19744
0.103366 0.0376222 0.0349106 -0.0458631 0.0576383 -0.920171
0.0817459 0.0736044 -0.0130522 0.0128902 0.0183444 2.36244
0.0482208 0.0988673 0.000591507 -0.00235027 0.00242356 -1.32424
0.00767321 0.109732 0.00445134 0.000951453 0.00455189 0.210577
-0.0339919 0.104616 0.000566466 -0.000591232 0.000818803 -0.806788
-0.0707066 0.0842649 0.0099385 0.00303898 0.0103928 0.296749
-0.0971242 0.0516419 -0.0208883 -0.0141108 0.0252079 -2.54748
-0.109397 0.0114981 0.0571867 0.0443442 0.0723653 0.659578
-0.105739 -0.0303201 -0.0793682 -0.109386 0.135147 -2.19848
-0.0866812 -0.0677228 0.0273319 0.281455 0.282779 1.47399
-0.055 -0.0952628 0.280997 -0.507132 0.579777 -1.06482
# x y Real Imaginary Modulus Phase <-> f = 0 s = 13
0.0771 -0.0784575 0.954413 0.0355466 0.955075 0.0372272
0.100877 -0.0438624 -0.582003 0.237267 0.628509 2.75449
0.109962 -0.00287946 0.333649 -0.223178 0.40141 -0.589548
0.103034 0.0385228 -0.18247 0.105641 0.210845 2.61679
0.0811005 0.0743149 0.0849686 -0.0286406 0.0896658 -0.325112
0.0473562 0.0992844 -0.0307674 0.000843546 0.0307789 3.11418
0.00671534 0.109795 0.00527896 -0.00308376 0.00611367 -0.528691
-0.0349035 0.104316 0.0032861 0.00450399 0.00557534 0.94048
-0.0714393 0.0836447 0.000860873 0.010297 0.0103329 1.48739
-0.0975712 0.0507923 0.00142309 -0.0101428 0.0102421 -1.4314
-0.109494 0.010543 -0.0179125 0.00935155 0.0202067 2.66045
-0.10547 -0.0312417 0.0454776 0.00529782 0.0457851 0.11597
-0.0860869 -0.0684766 -0.0692121 -0.0711683 0.0992735 -2.34226
-0.0541666 -0.0957391 0.0223979 0.235489 0.236552 1.47597
-0.0143579 -0.109059 0.310439 -0.532428 0.616321 -1.04292
# x y Real Imaginary Modulus Phase <-> f = 0 s = 14
0.101256 -0.0429804 0.744147 -0.0963026 0.750353 -0.128698
0.109983 -0.00191976 -0.575526 0.449602 0.730323 2.47842
0.102694 0.0394205 0.410595 -0.304829 0.511379 -0.638625
0.0804489 0.0750198 -0.209816 0.123765 0.243599 2.60865
0.046488 0.0996939 0.0898415 -0.0461255 0.10099 -0.474318
0.00575696 0.109849 -0.0245951 0.0226693 0.0334487 2.39692
-0.0358125 0.104007 -0.00181306 -0.0111425 0.011289 -1.7321
-0.0721665 0.0830181 0.00651581 0.0106112 0.012452 1.02011
-0.0980107 0.049939 -0.0118717 0.0178671 0.0214516 2.15726
-0.109581 0.00958713 -0.00092264 -0.0259355 0.0259519 -1.60636
-0.105194 -0.0321609 -0.000347506 0.0219945 0.0219973 1.58659
-0.0854861 -0.0692252 0.0349883 0.00251515 0.0350786 0.0717619
-0.0533291 -0.0962082 -0.0693291 -0.0806718 0.10637 -2.28072
-0.0134056 -0.10918 -0.00143893 0.306852 0.306855 1.57549
0.0284701 -0.106252 0.314745 -0.728937 0.793986 -1.16319
# x y Real Imaginary Modulus Phase <-> f = 0 s = 15
0.109996 -0.000959919 0.66328 0.00866636 0.663336 0.0130652
0.102346 0.0403151 -0.525076 0.43775 0.683616 2.44664
0.0797912 0.075719 0.349058 -0.285255 0.45079 -0.685148
0.0456163 0.100096 -0.153869 0.136921 0.205969 2.41441
0.00479813 0.109895 0.0401998 -0.0591765 0.0715394 -0.974084
-0.0367188 0.103691 0.00215531 0.023649 0.0237471 1.47991
-0.0728882 0.0823851 -0.0128935 -0.00911429 0.0157897 -2.52626
-0.0984428 0.0490818 0.00481587 0.010043 0.011138 1.12366
-0.109661 0.0086305 -0.0179882 0.0210627 0.0276986 2.27763
-0.104909 -0.0330776 -0.00324611 -0.0357621 0.0359092 -1.66132
-0.0848787 -0.0699686 2.72545e-05 0.0184065 0.0184065 1.56932
-0.0524875 -0.0966699 0.0496806 0.0157412 0.0521147 0.306841
-0.0124524 -0.109293 -0.0748434 -0.140699 0.159367 -2.05967
0.0293962 -0.105999 -0.0015322 0.478938 0.47894 1.574
0.0669638 -0.0872689 0.0728283 -0.791342 0.794687 -1.47902
