# x y Real Imaginary Modulus Phase <-> f = 0 s = 0
0.10199 0.0412067 0.721777 -0.0423742 0.72302 -0.0586408
0.0791274 0.0764124 -0.5783 0.333694 0.667669 2.61824
0.044741 0.10049 0.303818 -0.215464 0.372465 -0.616866
0.00383894 0.109933 -0.100346 0.103845 0.144406 2.33906
-0.0376222 0.103366 0.0147687 -0.0432803 0.0457307 -1.24195
-0.0736044 0.0817459 0.00199934 0.0130035 0.0131563 1.41824
-0.0988673 0.0482208 -0.0147189 0.00243238 0.0149185 2.97782
-0.109732 0.00767321 0.0058041 0.010561 0.0120508 1.06828
-0.104616 -0.0339919 -0.0224912 0.0192361 0.0295953 2.43405
-0.0842649 -0.0707066 0.0138292 -0.0322153 0.0350581 -1.16531
-0.0516419 -0.0971242 -0.0248123 0.00606377 0.0255425 2.90191
-0.0114981 -0.109397 0.0513413 0.0708832 0.0875234 0.943941
0.0303201 -0.105739 -0.0467711 -0.287533 0.291312 -1.73205
0.0677228 -0.0866812 0.129367 0.651983 0.664694 1.37492
0.0952628 -0.055 -0.0232842 -0.62599 0.626423 -1.60797
# x y Real Imaginary Modulus Phase <-> f = 0 s = 1
0.0784575 0.0771 0.817359 -0.0959178 0.822968 -0.116817
0.0438624 0.100877 -0.592218 0.262671 0.647857 2.72413
0.00287946 0.109962 0.245294 -0.164932 0.295587 -0.591951
-0.0385228 0.103034 -0.0624005 0.0958783 0.114396 2.14776
-0.0743149 0.0811005 -0.00101661 -0.038894 0.0389073 -1.59693
-0.0992844 0.0473562 0.00216052 0.0119968 0.0121898 1.39262
-0.109795 0.00671534 -0.0176787 0.00787926 0.019355 2.72233
-0.104316 -0.0349035 0.0108176 0.0154307 0.0188448 0.959371
-0.0836447 -0.0714393 -0.022399 0.0184868 0.0290427 2.45159
-0.0507923 -0.0975712 0.00437381 -0.00293782 0.00526887 -0.59147
-0.010543 -0.109494 -0.023397 -0.0295471 0.0376889 -2.24055
0.0312417 -0.10547 0.0119359 0.14521 0.1457 1.48878
0.0684766 -0.0860869 -0.0474914 -0.398454 0.401274 -1.68943
0.0957391 -0.0541666 0.196598 0.636219 0.665902 1.27109
0.109059 -0.0143579 0.0249204 -0.685373 0.685826 -1.53445
# x y Real Imaginary Modulus Phase <-> f = 0 s = 2
0.0429804 0.101256 0.894484 -0.0773753 0.897824 -0.0862879
0.00191976 0.109983 -0.534739 0.173565 0.562201 2.82774
-0.0394205 0.102694 0.192543 -0.166534 0.254571 -0.713092
-0.0750198 0.0804489 -0.0453965 0.093697 0.104115 2.02197
-0.0996939 0.046488 0.00332888 -0.044694 0.0448178 -1.49645
-0.109849 0.00575696 0.0022325 0.0142812 0.0144547 1.41573
-0.104007 -0.0358125 -0.0129894 0.00093275 0.0130229 3.06991
-0.0830181 -0.0721665 0.0101986 0.0136263 0.0170202 0.928287
-0.049939 -0.0980107 -0.00888804 0.00769621 0.0117571 2.42794
-0.00958713 -0.109581 0.00268107 0.00970127 0.0100649 1.30116
0.0321609 -0.105194 0.00730027 -0.0487286 0.0492725 -1.42209
0.0692252 -0.0854861 0.00202314 0.183068 0.18308 1.55975
0.0962082 -0.0533291 -0.0809487 -0.365271 0.374133 -1.78888
0.10918 -0.0134056 0.101851 0.574135 0.583099 1.39522
0.106252 0.0284701 0.0849466 -0.783411 0.788003 -1.46279
# x y Real Imaginary Modulus Phase <-> f = 0 s = 3
0.000959919 0.109996 0.923992 0.0146373 0.924108 0.01584
-0.0403151 0.102346 -0.492444 0.18131 0.524762 2.78881
-0.075719 0.0797912 0.180254 -0.155832 0.238275 -0.71286
-0.100096 0.0456163 -0.0504982 0.0951194 0.107693 2.05885
-0.109895 0.00479813 0.00298907 -0.0416982 0.0418052 -1.49924
-0.103691 -0.0367188 0.00259923 0.021448 0.0216049 1.4502
-0.0823851 -0.0728882 -0.00423445 -0.0081895 0.00921946 -2.048
-0.0490818 -0.0984428 0.00919326 0.00400415 0.0100274 0.410775
-0.0086305 -0.109661 -0.00325403 -0.00024887 0.00326353 -3.06526
0.0330776 -0.104909 -0.00463656 0.00944404 0.0105208 2.02718
0.0699686 -0.0848787 0.010017 -0.0677867 0.0685229 -1.42409
0.0966699 -0.0524875 0.0337123 0.154382 0.15802 1.3558
0.109293 -0.0124524 -0.0690425 -0.290477 0.298569 -1.80415
0.105999 0.0293962 0.0364606 0.536034 0.537273 1.50288
0.0872689 0.0669638 0.159084 -0.806999 0.82253 -1.37616
# x y Real Imaginary Modulus Phase <-> f = 0 s = 4
-0.0412067 0.10199 0.899731 -0.00258401 0.899734 -0.00287198
-0.0764124 0.0791274 -0.487415 0.161208 0.513383 2.82218
-0.10049 0.044741 0.206918 -0.162091 0.262847 -0.664513
-0.109933 0.00383894 -0.0703948 0.0997983 0.122127 2.18512
-0.103366 -0.0376222 0.0234462 -0.046576 0.0521445 -1.10444
-0.0817459 -0.0736044 -0.0104026 0.0167125 0.0196856 2.12756
-0.0482208 -0.0988673 -0.00131668 -0.00104369 0.00168016 -2.47134
-0.00767321 -0.109732 0.00817236 -0.000258397 0.00817644 -0.0316079
0.0339919 -0.104616 -0.00436611 -0.00174721 0.00470273 -2.76093
0.0707066 -0.0842649 0.00692241 0.0179392 0.0192285 1.20252
0.0971242 -0.0516419 -0.0217663 -0.0415297 0.0468881 -2.05355
0.109397 -0.0114981 0.0465652 0.0960818 0.106771 1.11951
0.105739 0.0303201 -0.05851 -0.210184 0.218176 -1.8423
0.0866812 0.0677228 -0.0029646 0.443902 0.443912 1.57747
0.055 0.0952628 0.244974 -0.750257 0.789239 -1.25519
# x y Real Imaginary Modulus Phase <-> f = 0 s = 5
-0.0771 0.0784575 0.91931 -0.0174791 0.919476 -0.0190109
-0.100877 0.0438624 -0.565489 0.209434 0.603026 2.7869
-0.109962 0.00287946 0.276925 -0.201579 0.342522 -0.62922
-0.103034 -0.0385228 -0.130049 0.109924 0.170282 2.43987
-0.0811005 -0.0743149 0.0573674 -0.0376334 0.0686098 -0.580586
-0.0473562 -0.0992844 -0.0127669 0.00550168 0.0139019 2.73471
-0.00671534 -0.109795 0.00401396 0.000610101 0.00406006 0.150841
0.0349035 -0.104316 0.00668865 0.0135584 0.0151185 1.11251
0.0714393 -0.0836447 -0.00965337 -0.00137224 0.00975041 -3.00039
0.0975712 -0.0507923 0.0225908 0.00230267 0.0227078 0.101579
0.109494 -0.010543 -0.0262347 -0.0210788 0.0336537 -2.46474
0.10547 0.0312417 0.0560785 0.0590286 0.0814197 0.811022
0.0860869 0.0684766 -0.0742727 -0.170704 0.186162 -1.98119
0.0541666 0.0957391 0.0220415 0.407818 0.408414 1.5168
0.0143579 0.109059 0.218577 -0.731223 0.763192 -1.28033
# x y Real Imaginary Modulus Phase <-> f = 0 s = 6
-0.101256 0.0429804 0.858853 -0.0612543 0.861035 -0.0712004
-0.109983 0.00191976 -0.570968 0.306469 0.648018 2.64898
-0.102694 -0.0394205 0.333215 -0.231007 0.405458 -0.606193
-0.0804489 -0.0750198 -0.156632 0.0985076 0.185034 2.58019
-0.046488 -0.0996939 0.057071 -0.0342006 0.0665341 -0.539878
-0.00575696 -0.109849 -0.00134736 0.0194337 0.0194803 1.64002
0.0358125 -0.104007 -0.0101093 0.00351203 0.010702 2.80723
0.0721665 -0.0830181 0.0167122 0.0130949 0.0212315 0.664632
0.0980107 -0.049939 -0.0109768 0.00603944 0.0125286 2.6386
0.109581 -0.00958713 0.00507631 0.00380439 0.00634368 0.643142
0.105194 0.0321609 -0.0308774 -0.0136904 0.0337763 -2.72426
0.0854861 0.0692252 0.0582667 0.0594836 0.0832665 0.795733
0.0533291 0.0962082 -0.0744428 -0.16112 0.177487 -2.00361
0.0134056 0.10918 0.0192738 0.392853 0.393325 1.52177
-0.0284701 0.106252 0.249689 -0.749972 0.790445 -1.24941
# x y Real Imaginary Modulus Phase <-> f = 0 s = 7
-0.109996 0.000959919 0.761915 -0.0940491 0.767698 -0.122816
-0.102346 -0.0403151 -0.622341 0.362506 0.720222 2.61415
-0.0797912 -0.075719 0.353563 -0.1989 0.40567 -0.512436
-0.0456163 -0.100096 -0.119304 0.089562 0.149181 2.49764
-0.00479813 -0.109895 0.00804788 -0.032653 0.0336301 -1.32915
0.0367188 -0.103691 0.0129885 0.00315958 0.0133673 0.238625
0.0728882 -0.0823851 -0.0376093 -0.00283911 0.0377163 -3.06625
0.0984428 -0.0490818 0.013179 0.0152341 0.0201435 0.857602
0.109661 -0.0086305 -0.016983 0.0204127 0.0265537 2.26474
0.104909 0.0330776 0.0113328 -0.00295395 0.0117114 -0.254982
0.0848787 0.0699686 -0.0232422 -0.0105931 0.0255424 -2.71395
0.0524875 0.0966699 0.0480553 0.0537876 0.0721278 0.841625
0.0124524 0.109293 -0.0637729 -0.180117 0.191074 -1.91109
-0.0293962 0.105999 0.00365118 0.464941 0.464955 1.56294
-0.0669638 0.0872689 0.156482 -0.785089 0.800532 -1.37406
# x y Real Imaginary Modulus Phase <-> f = 0 s = 8
-0.10199 -0.0412067 0.723473 -0.164282 0.741891 -0.223287
-0.0791274 -0.0764124 -0.636646 0.321061 0.71302 2.67451
-0.044741 -0.10049 0.270441 -0.162924 0.315725 -0.54221
-0.00383894 -0.109933 -0.032642 0.0947765 0.10024 1.90248
0.0376222 -0.103366 -0.025156 -0.0297859 0.0389875 -2.27212
0.0736044 -0.0817459 0.0333628 -0.0114192 0.035263 -0.329774
0.0988673 -0.0482208 -0.0370995 -0.00375401 0.037289 -3.04075
0.109732 -0.00767321 0.0119437 0.0104707 0.0158836 0.719775
0.104616 0.0339919 -0.0220725 0.0219919 0.0311583 2.35802
0.0842649 0.0707066 0.0139697 -0.00325869 0.0143447 -0.229171
0.0516419 0.0971242 -0.0280112 -0.00904853 0.0294364 -2.82914
0.0114981 0.109397 0.0507378 0.0643527 0.0819487 0.903149
-0.0303201 0.105739 -0.0558264 -0.241211 0.247587 -1.79823
-0.0677228 0.0866812 0.070898 0.535651 0.540323 1.4392
-0.0952628 0.055 0.060665 -0.760263 0.76268 -1.49117
# x y Real Imaginary Modulus Phase <-> f = 0 s = 9
-0.0784575 -0.0771 0.865969 -0.0671109 0.868566 -0.0773435
-0.0438624 -0.100877 -0.508105 0.148599 0.529389 2.85707
-0.00287946 -0.109962 0.114298 -0.131533 0.174256 -0.855393
0.0385228 -0.103034 0.00857973 0.0622861 0.0628742 1.43391
0.0743149 -0.0811005 -0.0235811 -0.00693118 0.0245787 -2.85571
0.0992844 -0.0473562 0.0371955 -0.0206139 0.0425257 -0.506066
0.109795 -0.00671534 -0.0277563 -0.00211949 0.0278371 -3.06538
0.104316 0.0349035 0.00943378 0.0212211 0.0232235 1.15249
0.0836447 0.0714393 -0.0194985 0.0154539 0.02488 2.4714
0.0507923 0.0975712 0.0143053 0.00369112 0.0147738 0.252517
0.010543 0.109494 -0.0336308 -0.026609 0.0428844 -2.47223
-0.0312417 0.10547 0.033183 0.107308 0.112322 1.27089
-0.0684766 0.0860869 -0.0618286 -0.299519 0.305834 -1.77436
-0.0957391 0.0541666 0.0762926 0.617241 0.621938 1.44782
-0.109059 0.0143579 -0.00496221 -0.798066 0.798082 -1.57701
# x y Real Imaginary Modulus Phase <-> f = 0 s = 10
-0.0429804 -0.101256 0.911534 0.135109 0.921492 0.147151
-0.00191976 -0.109983 -0.353056 0.112694 0.370606 2.83262
0.0394205 -0.102694 0.0778986 -0.112631 0.136945 -0.965713
0.0750198 -0.0804489 0.00710138 0.0553834 0.0558369 1.44327
0.0996939 -0.046488 -0.0214668 -0.0114379 0.0243238 -2.65204
0.109849 -0.00575696 0.0343504 -0.00341482 0.0345197 -0.0990857
0.104007 0.0358125 -0.0299507 -0.00905152 0.0312885 -2.84811
0.0830181 0.0721665 0.0137566 0.0238701 0.0275504 1.04798
0.049939 0.0980107 -0.00282049 0.000155878 0.00282479 3.08638
0.00958713 0.109581 0.00538606 0.0117104 0.0128897 1.13971
-0.0321609 0.105194 -0.00014235 -0.0432675 0.0432677 -1.57409
-0.0692252 0.0854861 0.0188635 0.132818 0.134151 1.42972
-0.0962082 0.0533291 -0.0326468 -0.304305 0.306051 -1.67767
-0.10918 0.0134056 0.0344789 0.609896 0.61087 1.51432
-0.106252 -0.0284701 0.120344 -0.792218 0.801307 -1.42004
# x y Real Imaginary Modulus Phase <-> f = 0 s = 11
-0.000959919 -0.109996 0.771321 0.225662 0.803654 0.284622
0.0403151 -0.102346 -0.317318 0.0844884 0.328373 2.88137
0.075719 -0.0797912 0.0962016 -0.114192 0.149314 -0.870699
0.100096 -0.0456163 -0.00354681 0.0747343 0.0748184 1.61822
0.109895 -0.00479813 -0.00667578 -0.0372853 0.0378782 -1.74797
0.103691 0.0367188 -0.00417588 0.0191274 0.019578 1.78574
0.0823851 0.0728882 -0.00811068 0.00310322 0.00868407 2.77617
0.0490818 0.0984428 0.0105745 0.0104335 0.0148553 0.778687
0.0086305 0.109661 -0.00305492 -0.00708924 0.00771944 -1.97767
-0.0330776 0.104909 0.01092 0.00984195 0.0147007 0.733521
-0.0699686 0.0848787 -0.0092852 -0.0403993 0.0414526 -1.79671
-0.0966699 0.0524875 0.0209996 0.101366 0.103518 1.36652
-0.109293 0.0124524 -0.047912 -0.244218 0.248874 -1.76452
-0.105999 -0.0293962 -0.000619506 0.422434 0.422435 1.57226
-0.0872689 -0.0669638 0.307107 -0.684626 0.750351 -1.14913
# x y Real Imaginary Modulus Phase <-> f = 0 s = 12
0.0412067 -0.10199 0.830366 0.20837 0.856111 0.245862
0.0764124 -0.0791274 -0.429563 0.0987981 0.440778 2.91553
0.10049 -0.044741 0.182235 -0.15115 0.236761 -0.692425
0.109933 -0.00383894 -0.0778959 0.0989478 0.12593 2.23771
0.103366 0.0376222 0.0383331 -0.0452896 0.0593344 -0.868397
0.0817459 0.0736044 -0.0150213 0.0126342 0.0196281 2.4423
0.0482208 0.0988673 0.00193009 -0.00415182 0.00457852 -1.13564
0.00767321 0.109732 0.006366 0.000317361 0.0063739 0.0498113
-0.0339919 0.104616 -0.00326047 -0.00315218 0.00453507 -2.37308
-0.0707066 0.0842649 0.0135393 0.00731708 0.01539 0.495467
-0.0971242 0.0516419 -0.0248474 -0.0153323 0.0291971 -2.58873
-0.109397 0.0114981 0.0535089 0.0443434 0.0694949 0.692005
-0.105739 -0.0303201 -0.0828693 -0.109948 0.137681 -2.21667
-0.0866812 -0.0677228 0.0156033 0.287861 0.288283 1.51664
-0.055 -0.0952628 0.292604 -0.506801 0.585205 -1.04719
# x y Real Imaginary Modulus Phase <-> f = 0 s = 13
0.0771 -0.0784575 0.953171 0.0306567 0.953664 0.0321518
0.100877 -0.0438624 -0.587454 0.240279 0.634694 2.75334
0.109962 -0.00287946 0.337142 -0.225874 0.405812 -0.590285
0.103034 0.0385228 -0.184853 0.102183 0.211215 2.63662
0.0811005 0.0743149 0.0913532 -0.0312323 0.0965446 -0.329428
0.0473562 0.0992844 -0.0306451 -0.00584861 0.0311982 -2.95301
0.00671534 0.109795 0.00784648 0.00135251 0.0079622 0.170694
-0.0349035 0.104316 0.0068544 0.00353928 0.00771423 0.476643
-0.0714393 0.0836447 -0.00675327 0.00893287 0.0111983 2.21813
-0.0975712 0.0507923 0.00215497 -0.0120331 0.0122246 -1.39359
-0.109494 0.010543 -0.0268836 0.013623 0.0301383 2.67257
-0.10547 -0.0312417 0.0510027 0.00901969 0.0517941 0.175037
-0.0860869 -0.0684766 -0.0677235 -0.0693895 0.0969607 -2.34404
-0.0541666 -0.0957391 0.0192088 0.231618 0.232413 1.48805
-0.0143579 -0.109059 0.315131 -0.534353 0.620355 -1.03795
# x y Real Imaginary Modulus Phase <-> f = 0 s = 14
0.101256 -0.0429804 0.732288 -0.0988901 0.738935 -0.134231
0.109983 -0.00191976 -0.577569 0.462939 0.740202 2.46592
0.102694 0.0394205 0.42278 -0.300543 0.518719 -0.617985
0.0804489 0.0750198 -0.215505 0.123408 0.248339 2.62153
0.046488 0.0996939 0.0931083 -0.0415595 0.101963 -0.41982
0.00575696 0.109849 -0.0226805 0.0178312 0.0288506 2.47533
-0.0358125 0.104007 -0.00434633 -0.00681406 0.0080822 -2.13858
-0.0721665 0.0830181 0.0121451 0.0080947 0.0145954 0.587888
-0.0980107 0.049939 -0.0133467 0.018408 0.0227374 2.19814
-0.109581 0.00958713 0.000360025 -0.0310849 0.031087 -1.55921
-0.105194 -0.0321609 -0.00677448 0.0244047 0.0253275 1.84157
-0.0854861 -0.0692252 0.039241 0.00129178 0.0392623 0.0329072
-0.0533291 -0.0962082 -0.0670252 -0.0756831 0.101096 -2.2956
-0.0134056 -0.10918 -0.0108693 0.307666 0.307858 1.60611
0.0284701 -0.106252 0.316016 -0.731647 0.796977 -1.16308
# x y Real Imaginary Modulus Phase <-> f = 0 s = 15
0.109996 -0.000959919 0.649091 0.0166127 0.649304 0.0255881
0.102346 0.0403151 -0.537027 0.455573 0.704234 2.43807
0.0797912 0.075719 0.361719 -0.284628 0.460276 -0.666688
0.0456163 0.100096 -0.160885 0.127019 0.204982 2.47328
0.00479813 0.109895 0.0453007 -0.041698 0.0615701 -0.744011
-0.0367188 0.103691 -0.00153022 0.0288904 0.0289309 1.62371
-0.0728882 0.0823851 -0.0137642 -0.00338807 0.014175 -2.90024
-0.0984428 0.0490818 0.00942158 0.0116753 0.0150026 0.891822
-0.109661 0.0086305 -0.0279941 0.0198241 0.0343025 2.52542
-0.104909 -0.0330776 0.00675558 -0.0380333 0.0386286 -1.39501
-0.0848787 -0.0699686 -0.00679045 0.027207 0.0280416 1.81538
-0.0524875 -0.0966699 0.0552573 0.0130508 0.0567776 0.231933
-0.0124524 -0.109293 -0.0775191 -0.145665 0.165008 -2.05985
0.0293962 -0.105999 0.000226999 0.481703 0.481703 1.57033
0.0669638 -0.0872689 0.0602643 -0.789087 0.791384 -1.49457
