# x y Real Imaginary Modulus Phase <-> f = 0 s = 0
0.10199 0.0412067 0.738419 -0.0278003 0.738942 -0.0376307
0.0791274 0.0764124 -0.558944 0.326679 0.647409 2.61268
0.044741 0.10049 0.289079 -0.236032 0.373199 -0.684719
0.00383894 0.109933 -0.0950714 0.113158 0.147795 2.26955
-0.0376222 0.103366 0.0142046 -0.0528524 0.054728 -1.30824
-0.0736044 0.0817459 0.00379255 0.015977 0.0164209 1.33773
-0.0988673 0.0482208 -0.0216888 0.00364465 0.0219929 2.97511
-0.109732 0.00767321 0.00177019 0.00678174 0.00700896 1.31547
-0.104616 -0.0339919 -0.0228068 0.0172874 0.0286183 2.493
-0.0842649 -0.0707066 0.0109566 -0.0339625 0.0356861 -1.25873
-0.0516419 -0.0971242 -0.0262904 0.00637743 0.0270529 2.90361
-0.0114981 -0.109397 0.0580989 0.0657033 0.0877064 0.846745
0.0303201 -0.105739 -0.0568314 -0.282705 0.288361 -1.76918
0.0677228 -0.0866812 0.131827 0.63509 0.648628 1.36613
0.0952628 -0.055 -0.00436213 -0.638853 0.638868 -1.57762
# x y Real Imaginary Modulus Phase <-> f = 0 s = 1
0.0784575 0.0771 0.812408 -0.0720369 0.815595 -0.0884396
0.0438624 0.100877 -0.565657 0.279721 0.63104 2.68235
0.00287946 0.109962 0.235066 -0.184532 0.298845 -0.665541
-0.0385228 0.103034 -0.0556662 0.110466 0.123699 2.03758
-0.0743149 0.0811005 0.00211277 -0.0469648 0.0470123 -1.52584
-0.0992844 0.0473562 0.00399353 0.0128214 0.0134289 1.26885
-0.109795 0.00671534 -0.0222397 0.00618478 0.0230837 2.87035
-0.104316 -0.0349035 0.00505896 0.0115381 0.0125984 1.15758
-0.0836447 -0.0714393 -0.0219316 0.0152962 0.0267389 2.53258
-0.0507923 -0.0975712 0.0107358 -0.00816047 0.0134852 -0.649946
-0.010543 -0.109494 -0.0271558 -0.032404 0.0422784 -2.26831
0.0312417 -0.10547 0.0166434 0.143341 0.144304 1.4552
0.0684766 -0.0860869 -0.0599539 -0.390419 0.394996 -1.72317
0.0957391 -0.0541666 0.191185 0.624726 0.653326 1.27382
0.109059 -0.0143579 0.0437912 -0.682578 0.683981 -1.50673
# x y Real Imaginary Modulus Phase <-> f = 0 s = 2
0.0429804 0.101256 0.856229 -0.0845952 0.860398 -0.0984801
0.00191976 0.109983 -0.522323 0.200998 0.559662 2.77424
-0.0394205 0.102694 0.185979 -0.189783 0.265718 -0.795521
-0.0750198 0.0804489 -0.0391596 0.105646 0.11267 1.92576
-0.0996939 0.046488 0.000557103 -0.0492737 0.0492769 -1.55949
-0.109849 0.00575696 0.00977141 0.0133773 0.016566 0.939926
-0.104007 -0.0358125 -0.0151804 -0.000422416 0.0151863 -3.11377
-0.0830181 -0.0721665 0.0125723 0.0130339 0.0181093 0.803425
-0.049939 -0.0980107 -0.00967589 0.00931143 0.0134285 2.37539
-0.00958713 -0.109581 0.00688998 0.0107308 0.0127524 1.00001
0.0321609 -0.105194 0.00626606 -0.0563562 0.0567035 -1.46006
0.0692252 -0.0854861 0.0126648 0.178071 0.178521 1.49979
0.0962082 -0.0533291 -0.0938686 -0.356923 0.36906 -1.82797
0.10918 -0.0134056 0.107044 0.559023 0.56918 1.3816
0.106252 0.0284701 0.104592 -0.763076 0.770211 -1.43458
# x y Real Imaginary Modulus Phase <-> f = 0 s = 3
0.000959919 0.109996 0.890562 -0.00651174 0.890586 -0.00731182
-0.0403151 0.102346 -0.477994 0.218334 0.525498 2.71312
-0.075719 0.0797912 0.173377 -0.179378 0.249471 -0.802408
-0.100096 0.0456163 -0.0450959 0.107338 0.116426 1.96854
-0.109895 0.00479813 -0.000295659 -0.0475392 0.0475401 -1.57702
-0.103691 -0.0367188 0.00598577 0.0216836 0.0224947 1.30145
-0.0823851 -0.0728882 -0.00811173 -0.00707901 0.0107663 -2.42407
-0.0490818 -0.0984428 0.0112238 0.00460606 0.0121321 0.389427
-0.0086305 -0.109661 -0.00509672 0.000182554 0.00509998 3.10579
0.0330776 -0.104909 -0.00324508 0.010778 0.0112559 1.86325
0.0699686 -0.0848787 0.00367426 -0.0723884 0.0724816 -1.52008
0.0966699 -0.0524875 0.0480007 0.156875 0.164055 1.27386
0.109293 -0.0124524 -0.0910212 -0.28657 0.300678 -1.87834
0.105999 0.0293962 0.0587932 0.524093 0.52738 1.45908
0.0872689 0.0669638 0.132988 -0.780811 0.792055 -1.4021
# x y Real Imaginary Modulus Phase <-> f = 0 s = 4
-0.0412067 0.10199 0.867113 -0.0309805 0.867666 -0.0357131
-0.0764124 0.0791274 -0.475323 0.192079 0.512666 2.75756
-0.10049 0.044741 0.198856 -0.18086 0.268801 -0.73804
-0.109933 0.00383894 -0.0627381 0.11015 0.126764 2.08854
-0.103366 -0.0376222 0.0228658 -0.0520877 0.0568856 -1.15714
-0.0817459 -0.0736044 -0.00872697 0.0178432 0.019863 2.02568
-0.0482208 -0.0988673 -0.00150106 -0.00198075 0.00248527 -2.21929
-0.00767321 -0.109732 0.010308 -0.00053677 0.010322 -0.0520259
0.0339919 -0.104616 -0.00458942 -0.00191624 0.00497341 -2.74606
0.0707066 -0.0842649 0.0078597 0.0198322 0.0213328 1.19347
0.0971242 -0.0516419 -0.0286327 -0.0439033 0.052415 -2.1487
0.109397 -0.0114981 0.0542574 0.0952006 0.109577 1.05278
0.105739 0.0303201 -0.0753417 -0.21541 0.228206 -1.90726
0.0866812 0.0677228 0.0244958 0.445443 0.446116 1.51586
0.055 0.0952628 0.209795 -0.739001 0.768203 -1.29418
# x y Real Imaginary Modulus Phase <-> f = 0 s = 5
-0.0771 0.0784575 0.891218 -0.032943 0.891826 -0.0369473
-0.100877 0.0438624 -0.549055 0.236487 0.597819 2.73489
-0.109962 0.00287946 0.259194 -0.222892 0.341851 -0.710238
-0.103034 -0.0385228 -0.127808 0.12582 0.179348 2.36403
-0.0811005 -0.0743149 0.0589764 -0.0451627 0.0742825 -0.653521
-0.0473562 -0.0992844 -0.0148067 0.00800987 0.0168344 2.64572
-0.00671534 -0.109795 -0.00359651 -0.00263594 0.00445904 -2.50912
0.0349035 -0.104316 0.0131607 0.00534726 0.0142055 0.38593
0.0714393 -0.0836447 -0.0133427 -0.00252959 0.0135803 -2.95423
0.0975712 -0.0507923 0.01998 0.00507006 0.0206133 0.248511
0.109494 -0.010543 -0.0327933 -0.0204962 0.0386717 -2.58298
0.10547 0.0312417 0.0653544 0.0647313 0.0919856 0.780608
0.0860869 0.0684766 -0.0957401 -0.178579 0.202624 -2.06292
0.0541666 0.0957391 0.0559961 0.410981 0.414779 1.43538
0.0143579 0.109059 0.173709 -0.726852 0.747322 -1.33621
# x y Real Imaginary Modulus Phase <-> f = 0 s = 6
-0.101256 0.0429804 0.832696 -0.0374886 0.833539 -0.0449904
-0.109983 0.00191976 -0.536617 0.312294 0.620875 2.61454
-0.102694 -0.0394205 0.319411 -0.244373 0.402171 -0.65308
-0.0804489 -0.0750198 -0.146621 0.111678 0.184309 2.49066
-0.046488 -0.0996939 0.0509987 -0.0413355 0.0656467 -0.681124
-0.00575696 -0.109849 0.000375873 0.0148879 0.0148927 1.54555
0.0358125 -0.104007 -0.0147316 0.00222968 0.0148994 2.99138
0.0721665 -0.0830181 0.0163844 0.0145711 0.0219264 0.726888
0.0980107 -0.049939 -0.0188362 0.0110431 0.0218347 2.61133
0.109581 -0.00958713 0.0106103 -0.00331194 0.0111152 -0.302559
0.105194 0.0321609 -0.0338279 -0.0110993 0.0356022 -2.82455
0.0854861 0.0692252 0.0676305 0.0514532 0.0849783 0.650377
0.0533291 0.0962082 -0.0950251 -0.160627 0.18663 -2.10501
0.0134056 0.10918 0.0454972 0.398215 0.400805 1.45704
-0.0284701 0.106252 0.216733 -0.748934 0.779664 -1.2891
# x y Real Imaginary Modulus Phase <-> f = 0 s = 7
-0.109996 0.000959919 0.76223 -0.0637106 0.764888 -0.0833906
-0.102346 -0.0403151 -0.607257 0.356215 0.704024 2.61109
-0.0797912 -0.075719 0.343528 -0.208287 0.40174 -0.545051
-0.0456163 -0.100096 -0.120935 0.09875 0.15613 2.45684
-0.00479813 -0.109895 0.00777651 -0.0442928 0.0449702 -1.397
0.0367188 -0.103691 0.0133304 0.00569698 0.0144967 0.403876
0.0728882 -0.0823851 -0.0310619 0.000922827 0.0310756 3.11189
0.0984428 -0.0490818 0.00879605 0.00961893 0.0130344 0.830054
0.109661 -0.0086305 -0.0210531 0.0169084 0.0270023 2.46494
0.104909 0.0330776 0.00611944 -0.00513498 0.00798846 -0.698148
0.0848787 0.0699686 -0.0329176 -0.0116362 0.0349137 -2.80181
0.0524875 0.0966699 0.0660267 0.0523043 0.0842334 0.669948
0.0124524 0.109293 -0.0901729 -0.178651 0.200119 -2.03823
-0.0293962 0.105999 0.0260563 0.468412 0.469136 1.51523
-0.0669638 0.0872689 0.144307 -0.755818 0.769471 -1.38214
# x y Real Imaginary Modulus Phase <-> f = 0 s = 8
-0.10199 -0.0412067 0.725088 -0.139799 0.738442 -0.190465
-0.0791274 -0.0764124 -0.60921 0.325839 0.690875 2.65045
-0.044741 -0.10049 0.256586 -0.188942 0.318646 -0.634719
-0.00383894 -0.109933 -0.024833 0.098657 0.101734 1.81738
0.0376222 -0.103366 -0.0255502 -0.0290208 0.0386655 -2.29268
0.0736044 -0.0817459 0.0318156 -0.00808151 0.032826 -0.24875
0.0988673 -0.0482208 -0.0392096 0.000377946 0.0392114 3.13195
0.109732 -0.00767321 0.00533646 0.0049336 0.00726761 0.746192
0.104616 0.0339919 -0.0215674 0.0188884 0.0286693 2.42232
0.0842649 0.0707066 0.0126342 -0.00614899 0.0140511 -0.452945
0.0516419 0.0971242 -0.0360789 -0.00802242 0.0369601 -2.92279
0.0114981 0.109397 0.0656515 0.0659758 0.0930748 0.787862
-0.0303201 0.105739 -0.0863396 -0.237823 0.253011 -1.91904
-0.0677228 0.0866812 0.094713 0.516925 0.52553 1.38958
-0.0952628 0.055 0.0742389 -0.730229 0.733993 -1.46948
# x y Real Imaginary Modulus Phase <-> f = 0 s = 9
-0.0784575 -0.0771 0.851922 -0.0445055 0.853084 -0.0521938
-0.0438624 -0.100877 -0.494287 0.165523 0.521265 2.81846
-0.00287946 -0.109962 0.109674 -0.144675 0.181547 -0.922152
0.0385228 -0.103034 0.0194309 0.0637657 0.0666605 1.27501
0.0743149 -0.0811005 -0.0319575 -0.00879939 0.0331468 -2.8729
0.0992844 -0.0473562 0.0369449 -0.0198218 0.0419265 -0.492438
0.109795 -0.00671534 -0.0358288 -0.000475716 0.0358319 -3.12832
0.104316 0.0349035 0.00759942 0.0109423 0.0133224 0.963772
0.0836447 0.0714393 -0.0164398 0.0137072 0.0214045 2.44659
0.0507923 0.0975712 0.0180325 -3.63565e-05 0.0180325 -0.00201617
0.010543 0.109494 -0.0333526 -0.0251448 0.0417691 -2.49559
-0.0312417 0.10547 0.048583 0.116095 0.125851 1.17447
-0.0684766 0.0860869 -0.0828986 -0.299409 0.310673 -1.8409
-0.0957391 0.0541666 0.0835603 0.592183 0.598049 1.43062
-0.109059 0.0143579 0.00721369 -0.789171 0.789204 -1.56166
# x y Real Imaginary Modulus Phase <-> f = 0 s = 10
-0.0429804 -0.101256 0.876892 0.123467 0.885542 0.139881
-0.00191976 -0.109983 -0.344528 0.130462 0.368402 2.77961
0.0394205 -0.102694 0.0712685 -0.122754 0.141943 -1.04478
0.0750198 -0.0804489 0.0105652 0.0572189 0.0581861 1.38821
0.0996939 -0.046488 -0.0272933 -0.00980587 0.0290013 -2.79668
0.109849 -0.00575696 0.0339061 -0.00654603 0.0345322 -0.190717
0.104007 0.0358125 -0.0299819 -0.00456045 0.0303267 -2.99064
0.0830181 0.0721665 0.0139967 0.0153734 0.0207906 0.832236
0.049939 0.0980107 -0.0107686 0.00219275 0.0109896 2.94072
0.00958713 0.109581 0.0110342 0.00847757 0.0139148 0.655112
-0.0321609 0.105194 -0.0124745 -0.0452151 0.0469044 -1.83999
-0.0692252 0.0854861 0.035105 0.132142 0.136725 1.31113
-0.0962082 0.0533291 -0.0446472 -0.299875 0.30318 -1.7186
-0.10918 0.0134056 0.0508059 0.592255 0.59443 1.48522
-0.106252 -0.0284701 0.123279 -0.764878 0.774749 -1.411
# x y Real Imaginary Modulus Phase <-> f = 0 s = 11
-0.000959919 -0.109996 0.764905 0.191191 0.788438 0.244936
0.0403151 -0.102346 -0.317483 0.109298 0.33577 2.81004
0.075719 -0.0797912 0.094654 -0.12491 0.156723 -0.922338
0.100096 -0.0456163 -0.000548961 0.078249 0.0782509 1.57781
0.109895 -0.00479813 -0.0120119 -0.0385204 0.0403498 -1.87307
0.103691 0.0367188 0.00621773 0.0162992 0.0174449 1.20636
0.0823851 0.0728882 -0.0100483 -0.00272486 0.0104112 -2.87679
0.0490818 0.0984428 0.0119383 0.00697306 0.0138255 0.528641
0.0086305 0.109661 -0.00471981 -3.54762e-05 0.00471994 -3.13408
-0.0330776 0.104909 0.00524709 0.00816942 0.00970934 0.999864
-0.0699686 0.0848787 -0.0106149 -0.0428266 0.0441225 -1.81376
-0.0966699 0.0524875 0.0307305 0.106129 0.110488 1.28895
-0.109293 0.0124524 -0.0605504 -0.236665 0.244288 -1.82127
-0.105999 -0.0293962 0.018822 0.420858 0.421279 1.5261
-0.0872689 -0.0669638 0.276355 -0.670237 0.724975 -1.17971
# x y Real Imaginary Modulus Phase <-> f = 0 s = 12
0.0412067 -0.10199 0.815537 0.182306 0.835665 0.219925
0.0764124 -0.0791274 -0.421698 0.11273 0.436506 2.88038
0.10049 -0.044741 0.170896 -0.160867 0.234699 -0.755179
0.109933 -0.00383894 -0.0719818 0.106814 0.128805 2.16379
0.103366 0.0376222 0.0349507 -0.0508478 0.0617013 -0.968605
0.0817459 0.0736044 -0.015193 0.0149967 0.0213478 2.3627
0.0482208 0.0988673 0.00125231 -0.00325291 0.00348564 -1.2033
0.00767321 0.109732 0.0061494 0.000946557 0.00622183 0.152728
-0.0339919 0.104616 -0.00177959 0.00083078 0.00196396 2.70483
-0.0707066 0.0842649 0.00931574 0.00342503 0.00992541 0.352321
-0.0971242 0.0516419 -0.0279946 -0.0149092 0.0317172 -2.65223
-0.109397 0.0114981 0.0656004 0.0411031 0.0774137 0.559726
-0.105739 -0.0303201 -0.0926441 -0.106799 0.141382 -2.28534
-0.0866812 -0.0677228 0.0389342 0.282064 0.284738 1.43363
-0.055 -0.0952628 0.260245 -0.515593 0.57755 -1.10336
# x y Real Imaginary Modulus Phase <-> f = 0 s = 13
0.0771 -0.0784575 0.938911 0.036218 0.939609 0.0385553
0.100877 -0.0438624 -0.56858 0.243054 0.618351 2.73763
0.109962 -0.00287946 0.330967 -0.229987 0.40303 -0.607291
0.103034 0.0385228 -0.181323 0.110823 0.212509 2.59298
0.0811005 0.0743149 0.085961 -0.0321475 0.0917756 -0.357874
0.0473562 0.0992844 -0.0299385 -0.000268502 0.0299397 -3.13262
0.00671534 0.109795 0.00555923 -0.00307948 0.00635518 -0.505863
-0.0349035 0.104316 0.00466254 0.00442699 0.00642943 0.75949
-0.0714393 0.0836447 -0.00493023 0.0124911 0.0134288 1.94673
-0.0975712 0.0507923 0.00584789 -0.0135594 0.0147667 -1.16362
-0.109494 0.010543 -0.0264706 0.013314 0.0296303 2.67557
-0.10547 -0.0312417 0.0550268 -0.00452798 0.0552128 -0.0821019
-0.0860869 -0.0684766 -0.0779578 -0.0649978 0.101499 -2.44661
-0.0541666 -0.0957391 0.0353248 0.237091 0.239708 1.42289
-0.0143579 -0.109059 0.289655 -0.538317 0.611298 -1.07715
# x y Real Imaginary Modulus Phase <-> f = 0 s = 14
0.101256 -0.0429804 0.742942 -0.0781925 0.747045 -0.104861
0.109983 -0.00191976 -0.566282 0.442698 0.718788 2.47807
0.102694 0.0394205 0.407829 -0.306024 0.509877 -0.64374
0.0804489 0.0750198 -0.207805 0.129198 0.244694 2.58535
0.046488 0.0996939 0.0934621 -0.0503089 0.106142 -0.493801
0.00575696 0.109849 -0.0230156 0.0211713 0.031272 2.39791
-0.0358125 0.104007 -0.00184782 -0.0111766 0.0113283 -1.73464
-0.0721665 0.0830181 0.00826967 0.0134142 0.0157585 1.01834
-0.0980107 0.049939 -0.01771 0.0167415 0.0243705 2.3843
-0.109581 0.00958713 0.00541206 -0.0317781 0.0322357 -1.40211
-0.105194 -0.0321609 -0.0111649 0.0287473 0.0308393 1.94124
-0.0854861 -0.0692252 0.0403263 -0.00857986 0.0412289 -0.209635
-0.0533291 -0.0962082 -0.0783094 -0.0758605 0.109028 -2.37208
-0.0134056 -0.10918 0.0100569 0.310435 0.310598 1.53841
0.0284701 -0.106252 0.304842 -0.722977 0.784617 -1.17177
# x y Real Imaginary Modulus Phase <-> f = 0 s = 15
0.109996 -0.000959919 0.670221 0.0171902 0.670441 0.0256429
0.102346 0.0403151 -0.52396 0.434145 0.680453 2.44966
0.0797912 0.075719 0.343591 -0.287931 0.448285 -0.69749
0.0456163 0.100096 -0.154367 0.144049 0.211138 2.39076
0.00479813 0.109895 0.0412853 -0.0573838 0.0706921 -0.947129
-0.0367188 0.103691 0.000503527 0.0244294 0.0244345 1.55019
-0.0728882 0.0823851 -0.0143754 -0.00422552 0.0149835 -2.8557
-0.0984428 0.0490818 0.00518845 0.0116989 0.0127979 1.15336
-0.109661 0.0086305 -0.0243914 0.0167875 0.0296101 2.53879
-0.104909 -0.0330776 0.00491971 -0.0424887 0.0427726 -1.45552
-0.0848787 -0.0699686 -0.00951143 0.0279994 0.0295708 1.89827
-0.0524875 -0.0966699 0.0571651 0.0110419 0.0582217 0.190808
-0.0124524 -0.109293 -0.0834994 -0.14535 0.167627 -2.09223
0.0293962 -0.105999 0.0119053 0.476113 0.476262 1.5458
0.0669638 -0.0872689 0.0773911 -0.774668 0.778525 -1.47122
