# x y Real Imaginary Modulus Phase <-> f = 0 s = 0
0.10199 0.0412067 0.747241 -0.0308086 0.747876 -0.0412065
0.0791274 0.0764124 -0.566994 0.322078 0.652086 2.625
0.044741 0.10049 0.296166 -0.226993 0.373149 -0.65394
0.00383894 0.109933 -0.0877655 0.103494 0.135697 2.27414
-0.0376222 0.103366 0.0105115 -0.0505445 0.051626 -1.36575
-0.0736044 0.0817459 0.0127273 0.0175542 0.0216825 0.943468
-0.0988673 0.0482208 -0.0211353 -0.00294983 0.0213402 -3.00292
-0.109732 0.00767321 0.0052564 0.00841706 0.00992354 1.01256
-0.104616 -0.0339919 -0.0158108 0.0138806 0.0210393 2.42111
-0.0842649 -0.0707066 0.00758672 -0.0329366 0.0337991 -1.3444
-0.0516419 -0.0971242 -0.0170521 0.0114526 0.0205411 2.55016
-0.0114981 -0.109397 0.0571088 0.0699733 0.0903198 0.886284
0.0303201 -0.105739 -0.0467625 -0.282581 0.286424 -1.73479
0.0677228 -0.0866812 0.131397 0.638917 0.652289 1.36797
0.0952628 -0.055 -0.00803569 -0.63925 0.6393 -1.58337
# x y Real Imaginary Modulus Phase <-> f = 0 s = 1
0.0784575 0.0771 0.816958 -0.0790512 0.820774 -0.0964626
0.0438624 0.100877 -0.566948 0.268626 0.627367 2.69912
0.00287946 0.109962 0.231958 -0.180116 0.293677 -0.660248
-0.0385228 0.103034 -0.0503188 0.104208 0.11572 2.02065
-0.0743149 0.0811005 0.00226546 -0.0432195 0.0432789 -1.51843
-0.0992844 0.0473562 0.0114458 0.005388 0.0126506 0.439968
-0.109795 0.00671534 -0.0226622 -0.00336869 0.0229112 -2.99403
-0.104316 -0.0349035 0.00373089 0.00940056 0.0101139 1.19298
-0.0836447 -0.0714393 -0.0143475 0.0113287 0.0182809 2.47323
-0.0507923 -0.0975712 0.00491749 -0.00470423 0.00680526 -0.763237
-0.010543 -0.109494 -0.028464 -0.0277762 0.0397708 -2.36842
0.0312417 -0.10547 0.0200838 0.142138 0.14355 1.43043
0.0684766 -0.0860869 -0.0465858 -0.383165 0.385987 -1.69178
0.0957391 -0.0541666 0.187089 0.627375 0.654677 1.28098
0.109059 -0.0143579 0.0474106 -0.688751 0.690381 -1.50207
# x y Real Imaginary Modulus Phase <-> f = 0 s = 2
0.0429804 0.101256 0.8695 -0.0766337 0.87287 -0.0879082
0.00191976 0.109983 -0.520311 0.191359 0.554384 2.78917
-0.0394205 0.102694 0.183751 -0.180776 0.257769 -0.777238
-0.0750198 0.0804489 -0.0377624 0.101759 0.108539 1.92614
-0.0996939 0.046488 0.00676358 -0.0451372 0.0456411 -1.42206
-0.109849 0.00575696 0.018386 0.0119437 0.0219248 0.576101
-0.104007 -0.0358125 -0.0141953 -0.00968503 0.0171845 -2.54287
-0.0830181 -0.0721665 0.0149238 0.0095453 0.0177153 0.569032
-0.049939 -0.0980107 -0.00779172 0.0117169 0.0140711 2.15764
-0.00958713 -0.109581 0.00483956 0.0144123 0.0152032 1.24683
0.0321609 -0.105194 0.00124814 -0.0597135 0.0597266 -1.5499
0.0692252 -0.0854861 0.0167774 0.177369 0.178161 1.47649
0.0962082 -0.0533291 -0.0910021 -0.357109 0.368521 -1.82032
0.10918 -0.0134056 0.0984265 0.561459 0.570021 1.39725
0.106252 0.0284701 0.0999065 -0.772687 0.779119 -1.44221
# x y Real Imaginary Modulus Phase <-> f = 0 s = 3
0.000959919 0.109996 0.898759 0.00251003 0.898762 0.00279277
-0.0403151 0.102346 -0.475421 0.202264 0.516658 2.73935
-0.075719 0.0797912 0.169217 -0.173006 0.242003 -0.79647
-0.100096 0.0456163 -0.0434844 0.0981356 0.107338 1.9879
-0.109895 0.00479813 -0.00341572 -0.0443138 0.0444452 -1.64772
-0.103691 -0.0367188 0.00645213 0.0164776 0.0176958 1.19758
-0.0823851 -0.0728882 -0.0117579 -0.0103326 0.0156528 -2.42063
-0.0490818 -0.0984428 0.00948944 0.00495594 0.0107056 0.481295
-0.0086305 -0.109661 -0.00767179 -0.00197704 0.00792244 -2.88938
0.0330776 -0.104909 -0.00567825 0.0109387 0.0123247 2.0496
0.0699686 -0.0848787 -0.00030755 -0.0673157 0.0673164 -1.57537
0.0966699 -0.0524875 0.0518222 0.148625 0.157401 1.2353
0.109293 -0.0124524 -0.079474 -0.281291 0.292303 -1.84615
0.105999 0.0293962 0.0501297 0.524219 0.526611 1.47546
0.0872689 0.0669638 0.149785 -0.78166 0.795882 -1.38147
# x y Real Imaginary Modulus Phase <-> f = 0 s = 4
-0.0412067 0.10199 0.874148 -0.0182929 0.874339 -0.0209235
-0.0764124 0.0791274 -0.474067 0.180403 0.507232 2.77797
-0.10049 0.044741 0.194691 -0.168875 0.257727 -0.714509
-0.109933 0.00383894 -0.0592375 0.109277 0.1243 2.06754
-0.103366 -0.0376222 0.0217177 -0.0516761 0.0560542 -1.17294
-0.0817459 -0.0736044 -0.00697268 0.018838 0.020087 1.9253
-0.0482208 -0.0988673 -0.00305772 -0.0037746 0.0048577 -2.25165
-0.00767321 -0.109732 0.0110063 0.00328004 0.0114846 0.289635
0.0339919 -0.104616 -0.00512756 -0.00243018 0.0056743 -2.699
0.0707066 -0.0842649 0.00792276 0.0246935 0.0259334 1.26033
0.0971242 -0.0516419 -0.0321051 -0.0458181 0.0559467 -2.182
0.109397 -0.0114981 0.0559528 0.0895074 0.105557 1.01211
0.105739 0.0303201 -0.0716205 -0.209676 0.22157 -1.89995
0.0866812 0.0677228 0.0168443 0.440357 0.440679 1.53256
0.055 0.0952628 0.222604 -0.737467 0.770332 -1.27764
# x y Real Imaginary Modulus Phase <-> f = 0 s = 5
-0.0771 0.0784575 0.898916 -0.0233798 0.89922 -0.026003
-0.100877 0.0438624 -0.551861 0.221357 0.5946 2.76013
-0.109962 0.00287946 0.260874 -0.210092 0.334954 -0.677988
-0.103034 -0.0385228 -0.124411 0.118331 0.171698 2.38123
-0.0811005 -0.0743149 0.055575 -0.0411277 0.0691381 -0.637096
-0.0473562 -0.0992844 -0.0125375 0.00798603 0.0148649 2.57443
-0.00671534 -0.109795 -0.00259102 -0.00224775 0.00343013 -2.42702
0.0349035 -0.104316 0.0100078 0.00561721 0.0114765 0.511465
0.0714393 -0.0836447 -0.0126154 -0.00251882 0.0128644 -2.94452
0.0975712 -0.0507923 0.0210975 0.00467305 0.0216088 0.217978
0.109494 -0.010543 -0.0330074 -0.0161493 0.0367463 -2.68657
0.10547 0.0312417 0.0608764 0.0587013 0.0845682 0.76721
0.0860869 0.0684766 -0.0871575 -0.171422 0.192307 -2.04117
0.0541666 0.0957391 0.0442853 0.401662 0.404096 1.46098
0.0143579 0.109059 0.1903 -0.719408 0.744152 -1.3122
# x y Real Imaginary Modulus Phase <-> f = 0 s = 6
-0.101256 0.0429804 0.8412 -0.0383873 0.842075 -0.0456023
-0.109983 0.00191976 -0.550652 0.310077 0.631954 2.62874
-0.102694 -0.0394205 0.323676 -0.240263 0.403104 -0.638552
-0.0804489 -0.0750198 -0.1458 0.108523 0.181755 2.50173
-0.046488 -0.0996939 0.0478731 -0.0363911 0.0601344 -0.64997
-0.00575696 -0.109849 0.00118077 0.0160419 0.0160853 1.49732
0.0358125 -0.104007 -0.0172996 0.00160198 0.0173736 3.04925
0.0721665 -0.0830181 0.0144659 0.0156886 0.02134 0.825924
0.0980107 -0.049939 -0.0227874 0.00742363 0.0239661 2.82666
0.109581 -0.00958713 0.0128475 -0.00794343 0.0151048 -0.553758
0.105194 0.0321609 -0.0306284 -0.00805626 0.0316702 -2.88439
0.0854861 0.0692252 0.0649465 0.0499192 0.0819144 0.655312
0.0533291 0.0962082 -0.0904689 -0.155264 0.179699 -2.09838
0.0134056 0.10918 0.0365143 0.391691 0.393389 1.47784
-0.0284701 0.106252 0.228286 -0.743281 0.777548 -1.27281
# x y Real Imaginary Modulus Phase <-> f = 0 s = 7
-0.109996 0.000959919 0.764697 -0.0732363 0.768196 -0.0954804
-0.102346 -0.0403151 -0.612867 0.357751 0.709642 2.61322
-0.0797912 -0.075719 0.347037 -0.204644 0.402882 -0.532803
-0.0456163 -0.100096 -0.117785 0.0924208 0.149716 2.47628
-0.00479813 -0.109895 0.00582609 -0.0369219 0.0373787 -1.41429
0.0367188 -0.103691 0.0130539 0.00330641 0.0134661 0.248072
0.0728882 -0.0823851 -0.028163 0.00155126 0.0282057 3.08657
0.0984428 -0.0490818 0.0107942 0.00862683 0.013818 0.674259
0.109661 -0.0086305 -0.0215637 0.0140005 0.0257101 2.56574
0.104909 0.0330776 0.0118434 -0.00976071 0.0153472 -0.689294
0.0848787 0.0699686 -0.026268 -0.010246 0.0281956 -2.76969
0.0524875 0.0966699 0.0623139 0.0475387 0.0783769 0.6517
0.0124524 0.109293 -0.0816911 -0.176246 0.194258 -2.00483
-0.0293962 0.105999 0.0165782 0.459614 0.459913 1.53474
-0.0669638 0.0872689 0.154508 -0.762467 0.777964 -1.37086
# x y Real Imaginary Modulus Phase <-> f = 0 s = 8
-0.10199 -0.0412067 0.730707 -0.146578 0.745264 -0.19797
-0.0791274 -0.0764124 -0.621777 0.320256 0.699407 2.66597
-0.044741 -0.10049 0.259547 -0.177959 0.314697 -0.601033
-0.00383894 -0.109933 -0.0278898 0.092963 0.0970565 1.86226
0.0376222 -0.103366 -0.0261008 -0.0254436 0.0364504 -2.36894
0.0736044 -0.0817459 0.0328169 -0.0112921 0.0347054 -0.331403
0.0988673 -0.0482208 -0.0380785 0.000277911 0.0380795 3.13429
0.109732 -0.00767321 0.00442227 0.00591764 0.00738749 0.929024
0.104616 0.0339919 -0.0217074 0.0160464 0.0269944 2.50503
0.0842649 0.0707066 0.0152157 -0.0138101 0.0205484 -0.737009
0.0516419 0.0971242 -0.0353058 -0.00827927 0.0362636 -2.91125
0.0114981 0.109397 0.0623433 0.0621502 0.0880303 0.783847
-0.0303201 0.105739 -0.0811975 -0.232345 0.246125 -1.907
-0.0677228 0.0866812 0.0842396 0.52247 0.529217 1.41094
-0.0952628 0.055 0.0722915 -0.739137 0.742663 -1.4733
# x y Real Imaginary Modulus Phase <-> f = 0 s = 9
-0.0784575 -0.0771 0.863621 -0.0553564 0.865393 -0.0640104
-0.0438624 -0.100877 -0.503658 0.155845 0.527218 2.84151
-0.00287946 -0.109962 0.112138 -0.134663 0.17524 -0.876416
0.0385228 -0.103034 0.0116673 0.0606011 0.061714 1.3806
0.0743149 -0.0811005 -0.0253178 -0.00941212 0.0270107 -2.78567
0.0992844 -0.0473562 0.0391586 -0.0214587 0.0446528 -0.501303
0.109795 -0.00671534 -0.0348687 0.00609892 0.0353981 2.96843
0.104316 0.0349035 0.00611063 0.0116624 0.0131663 1.08816
0.0836447 0.0714393 -0.023731 0.00982906 0.025686 2.74892
0.0507923 0.0975712 0.017514 -0.0008803 0.0175361 -0.0502204
0.010543 0.109494 -0.0324794 -0.0219894 0.039223 -2.54645
-0.0312417 0.10547 0.0447183 0.110358 0.119074 1.18581
-0.0684766 0.0860869 -0.0773163 -0.29587 0.305806 -1.8264
-0.0957391 0.0541666 0.0813945 0.596804 0.602329 1.43525
-0.109059 0.0143579 0.0095669 -0.79554 0.795598 -1.55877
# x y Real Imaginary Modulus Phase <-> f = 0 s = 10
-0.0429804 -0.101256 0.8843 0.132155 0.89412 0.148348
-0.00191976 -0.109983 -0.343639 0.120526 0.364162 2.80426
0.0394205 -0.102694 0.0727834 -0.116203 0.137115 -1.01123
0.0750198 -0.0804489 0.00482899 0.0527953 0.0530157 1.47958
0.0996939 -0.046488 -0.0262607 -0.00195262 0.0263332 -3.06737
0.109849 -0.00575696 0.0359932 -0.00360227 0.036173 -0.0997499
0.104007 0.0358125 -0.0309915 -0.00103032 0.0310087 -3.10836
0.0830181 0.0721665 0.0143482 0.013354 0.019601 0.749526
0.049939 0.0980107 -0.0120064 -5.21762e-05 0.0120065 -3.13725
0.00958713 0.109581 0.013307 0.00939701 0.0162905 0.614855
-0.0321609 0.105194 -0.0163841 -0.037588 0.0410036 -1.98185
-0.0692252 0.0854861 0.0331474 0.130766 0.134901 1.32254
-0.0962082 0.0533291 -0.0413432 -0.30096 0.303787 -1.70731
-0.10918 0.0134056 0.0407603 0.591526 0.592929 1.502
-0.106252 -0.0284701 0.126274 -0.781855 0.791986 -1.41067
# x y Real Imaginary Modulus Phase <-> f = 0 s = 11
-0.000959919 -0.109996 0.763485 0.208248 0.791376 0.266282
0.0403151 -0.102346 -0.317163 0.0954939 0.331227 2.84914
0.075719 -0.0797912 0.0980109 -0.114972 0.151078 -0.864866
0.100096 -0.0456163 -0.00256346 0.0715688 0.0716147 1.6066
0.109895 -0.00479813 -0.0106975 -0.0350115 0.0366093 -1.86733
0.103691 0.0367188 0.00718638 0.0171141 0.0185617 1.17324
0.0823851 0.0728882 -0.0111478 -0.0051967 0.0122996 -2.70538
0.0490818 0.0984428 0.015185 0.00869501 0.0174982 0.520033
0.0086305 0.109661 -0.00454268 0.00236961 0.00512358 2.66079
-0.0330776 0.104909 0.00733631 0.00711667 0.010221 0.770202
-0.0699686 0.0848787 -0.0103347 -0.0408919 0.0421777 -1.81834
-0.0966699 0.0524875 0.0251125 0.106083 0.109015 1.33835
-0.109293 0.0124524 -0.0515473 -0.234226 0.239831 -1.78742
-0.105999 -0.0293962 0.00572977 0.426785 0.426824 1.55737
-0.0872689 -0.0669638 0.285416 -0.673761 0.731722 -1.1701
# x y Real Imaginary Modulus Phase <-> f = 0 s = 12
0.0412067 -0.10199 0.821048 0.19887 0.84479 0.237638
0.0764124 -0.0791274 -0.420476 0.10094 0.432422 2.90599
0.10049 -0.044741 0.17126 -0.153769 0.230163 -0.731634
0.109933 -0.00383894 -0.0727461 0.0994303 0.123201 2.20244
0.103366 0.0376222 0.0285867 -0.0457381 0.0539367 -1.01219
0.0817459 0.0736044 -0.0110438 0.0177087 0.0208701 2.12842
0.0482208 0.0988673 0.000400505 -0.00433104 0.00434952 -1.47859
0.00767321 0.109732 0.00750896 0.00373111 0.00838485 0.461155
-0.0339919 0.104616 0.000125327 -0.00296978 0.00297243 -1.52862
-0.0707066 0.0842649 0.00462233 0.00230862 0.00516678 0.463207
-0.0971242 0.0516419 -0.022067 -0.0140157 0.0261417 -2.57573
-0.109397 0.0114981 0.0592189 0.0421618 0.0726946 0.618711
-0.105739 -0.0303201 -0.082149 -0.108358 0.135977 -2.21948
-0.0866812 -0.0677228 0.0263675 0.276355 0.27761 1.47567
-0.055 -0.0952628 0.275418 -0.506845 0.576842 -1.07304
# x y Real Imaginary Modulus Phase <-> f = 0 s = 13
0.0771 -0.0784575 0.953266 0.0339911 0.953872 0.0356424
0.100877 -0.0438624 -0.573244 0.240553 0.62167 2.74428
0.109962 -0.00287946 0.334918 -0.222302 0.40198 -0.585981
0.103034 0.0385228 -0.17995 0.100542 0.206133 2.63208
0.0811005 0.0743149 0.0866395 -0.0399436 0.0954039 -0.431991
0.0473562 0.0992844 -0.0302667 0.00489013 0.0306592 2.98141
0.00671534 0.109795 0.00956547 -0.00549063 0.0110293 -0.521086
-0.0349035 0.104316 0.00123754 0.00578392 0.00591483 1.36001
-0.0714393 0.0836447 -0.00235921 0.00541635 0.00590785 1.98159
-0.0975712 0.0507923 0.00277616 -0.0118629 0.0121834 -1.34091
-0.109494 0.010543 -0.0145803 0.0135537 0.0199069 2.39267
-0.10547 -0.0312417 0.0423199 -0.000909 0.0423296 -0.021476
-0.0860869 -0.0684766 -0.0707963 -0.0676018 0.0978883 -2.37927
-0.0541666 -0.0957391 0.0314711 0.225404 0.22759 1.43207
-0.0143579 -0.109059 0.304424 -0.534401 0.615027 -1.05299
# x y Real Imaginary Modulus Phase <-> f = 0 s = 14
0.101256 -0.0429804 0.743699 -0.0901518 0.749144 -0.120632
0.109983 -0.00191976 -0.576863 0.439535 0.725233 2.49049
0.102694 0.0394205 0.411301 -0.303268 0.511018 -0.635348
0.0804489 0.0750198 -0.20363 0.130087 0.241636 2.5731
0.046488 0.0996939 0.0867681 -0.0542184 0.102315 -0.558502
0.00575696 0.109849 -0.0226776 0.0234997 0.0326575 2.33839
-0.0358125 0.104007 0.00257343 -0.01025 0.0105681 -1.32481
-0.0721665 0.0830181 0.00686094 0.0117494 0.0136059 1.04227
-0.0980107 0.049939 -0.0119571 0.0134136 0.0179693 2.29885
-0.109581 0.00958713 0.00674488 -0.0290027 0.0297766 -1.3423
-0.105194 -0.0321609 -0.00328017 0.0303306 0.0305075 1.67852
-0.0854861 -0.0692252 0.0338422 -0.0019533 0.0338985 -0.0576539
-0.0533291 -0.0962082 -0.0656964 -0.0776566 0.101718 -2.27296
-0.0134056 -0.10918 0.00123988 0.305956 0.305959 1.56674
0.0284701 -0.106252 0.316215 -0.726713 0.79253 -1.16038
# x y Real Imaginary Modulus Phase <-> f = 0 s = 15
0.109996 -0.000959919 0.67089 0.00969654 0.67096 0.0144522
0.102346 0.0403151 -0.526116 0.430925 0.68007 2.45533
0.0797912 0.075719 0.345021 -0.282527 0.445938 -0.686141
0.0456163 0.100096 -0.145911 0.13946 0.201839 2.3788
0.00479813 0.109895 0.0402584 -0.0594448 0.0717943 -0.975509
-0.0367188 0.103691 -0.00281108 0.0274095 0.0275532 1.673
-0.0728882 0.0823851 -0.0133669 -0.000686445 0.0133845 -3.09028
-0.0984428 0.0490818 0.0022876 0.00867237 0.00896901 1.31289
-0.109661 0.0086305 -0.0250417 0.0185663 0.0311736 2.50361
-0.104909 -0.0330776 0.00635812 -0.040137 0.0406374 -1.41369
-0.0848787 -0.0699686 -0.00317524 0.0325534 0.0327079 1.66803
-0.0524875 -0.0966699 0.051338 0.0149491 0.0534702 0.283356
-0.0124524 -0.109293 -0.0877016 -0.142868 0.167639 -2.12135
0.0293962 -0.105999 0.000640046 0.48106 0.48106 1.56947
0.0669638 -0.0872689 0.0744662 -0.785183 0.788706 -1.47624
