# x y Real Imaginary Modulus Phase <-> f = 0 s = 0
0.10199 0.0412067 0.730303 -0.0455396 0.731721 -0.0622765
0.0791274 0.0764124 -0.560765 0.324413 0.647844 2.61712
0.044741 0.10049 0.293171 -0.227954 0.371366 -0.660899
0.00383894 0.109933 -0.100755 0.116156 0.153765 2.28531
-0.0376222 0.103366 0.0158136 -0.0620963 0.0640782 -1.32143
-0.0736044 0.0817459 -0.00795578 0.0172066 0.0189568 2.00389
-0.0988673 0.0482208 -0.0104344 0.0125058 0.0162871 2.26614
-0.109732 0.00767321 0.00608723 -0.0009299 0.00615785 -0.15159
-0.104616 -0.0339919 -0.0213401 0.0311042 0.037721 2.17212
-0.0842649 -0.0707066 0.0236285 -0.0357173 0.0428256 -0.986349
-0.0516419 -0.0971242 -0.0241719 0.00462599 0.0246106 2.9525
-0.0114981 -0.109397 0.0607911 0.0754249 0.0968736 0.892419
0.0303201 -0.105739 -0.0530624 -0.268709 0.273899 -1.76576
0.0677228 -0.0866812 0.128915 0.633149 0.64614 1.36993
0.0952628 -0.055 -0.00785922 -0.655649 0.655696 -1.58278
# x y Real Imaginary Modulus Phase <-> f = 0 s = 1
0.0784575 0.0771 0.812248 -0.0806632 0.816244 -0.098984
0.0438624 0.100877 -0.558414 0.265352 0.618254 2.69799
0.00287946 0.109962 0.233326 -0.173661 0.290859 -0.639835
-0.0385228 0.103034 -0.0488359 0.10899 0.119431 1.99205
-0.0743149 0.0811005 0.000964732 -0.0367917 0.0368044 -1.54458
-0.0992844 0.0473562 0.00877968 0.0063599 0.0108412 0.626907
-0.109795 0.00671534 -0.0195411 0.0108896 0.0223705 2.63319
-0.104316 -0.0349035 0.0214385 0.0179946 0.0279896 0.698283
-0.0836447 -0.0714393 -0.0177051 0.0227857 0.0288558 2.23137
-0.0507923 -0.0975712 0.01885 -0.0133654 0.0231075 -0.616766
-0.010543 -0.109494 -0.0271529 -0.0398208 0.0481972 -2.16925
0.0312417 -0.10547 0.00919255 0.13852 0.138825 1.50453
0.0684766 -0.0860869 -0.0615598 -0.396512 0.401263 -1.72482
0.0957391 -0.0541666 0.187909 0.647032 0.673766 1.28815
0.109059 -0.0143579 0.0414469 -0.689744 0.690988 -1.51078
# x y Real Imaginary Modulus Phase <-> f = 0 s = 2
0.0429804 0.101256 0.859148 -0.0758069 0.862486 -0.088007
0.00191976 0.109983 -0.508481 0.194616 0.544452 2.77605
-0.0394205 0.102694 0.181681 -0.186389 0.260286 -0.79819
-0.0750198 0.0804489 -0.0427615 0.0959332 0.105032 1.9901
-0.0996939 0.046488 -0.00067764 -0.0475651 0.0475699 -1.58504
-0.109849 0.00575696 -0.00345514 0.00928771 0.00990957 1.92694
-0.104007 -0.0358125 -0.00659971 0.00499265 0.00827543 2.49395
-0.0830181 -0.0721665 0.0222658 0.00787823 0.0236184 0.34008
-0.049939 -0.0980107 -0.00367563 0.00566079 0.00674942 2.14669
-0.00958713 -0.109581 -6.26005e-05 0.0136693 0.0136695 1.57538
0.0321609 -0.105194 0.0162065 -0.0530021 0.0554244 -1.27405
0.0692252 -0.0854861 0.0133978 0.179316 0.179816 1.49622
0.0962082 -0.0533291 -0.0844246 -0.359519 0.369299 -1.80144
0.10918 -0.0134056 0.0969039 0.567669 0.57588 1.40172
0.106252 0.0284701 0.100493 -0.768658 0.7752 -1.4408
# x y Real Imaginary Modulus Phase <-> f = 0 s = 3
0.000959919 0.109996 0.895175 -0.00189921 0.895177 -0.0021216
-0.0403151 0.102346 -0.477748 0.207392 0.520821 2.73204
-0.075719 0.0797912 0.172372 -0.175409 0.245928 -0.794131
-0.100096 0.0456163 -0.047671 0.103073 0.113563 2.00399
-0.109895 0.00479813 0.00308947 -0.0456875 0.0457918 -1.50328
-0.103691 -0.0367188 0.00462241 0.0136721 0.0144323 1.24477
-0.0823851 -0.0728882 -0.00358474 -0.00517323 0.00629385 -2.17677
-0.0490818 -0.0984428 0.0127161 0.000616992 0.0127311 0.0484824
-0.0086305 -0.109661 -0.00507984 0.00122017 0.00522433 2.90586
0.0330776 -0.104909 -0.0107814 0.00610215 0.0123885 2.62656
0.0699686 -0.0848787 0.0091577 -0.0701251 0.0707206 -1.44094
0.0966699 -0.0524875 0.0422855 0.157222 0.162809 1.30806
0.109293 -0.0124524 -0.0849947 -0.283661 0.296121 -1.86192
0.105999 0.0293962 0.0520445 0.525674 0.528244 1.47211
0.0872689 0.0669638 0.140263 -0.783299 0.795758 -1.39361
# x y Real Imaginary Modulus Phase <-> f = 0 s = 4
-0.0412067 0.10199 0.868113 -0.0232428 0.868424 -0.0267675
-0.0764124 0.0791274 -0.47395 0.185522 0.508966 2.76849
-0.10049 0.044741 0.198282 -0.179169 0.26724 -0.734806
-0.109933 0.00383894 -0.0637793 0.103445 0.121527 2.1233
-0.103366 -0.0376222 0.0232078 -0.0506881 0.0557484 -1.14143
-0.0817459 -0.0736044 -0.0111286 0.0130464 0.017148 2.27703
-0.0482208 -0.0988673 -0.000784546 -0.00156579 0.00175135 -2.03529
-0.00767321 -0.109732 0.00763191 -0.00632432 0.00991177 -0.691978
0.0339919 -0.104616 -0.000403359 -0.00379932 0.00382067 -1.67657
0.0707066 -0.0842649 0.0085734 0.0155772 0.0177807 1.06766
0.0971242 -0.0516419 -0.0239968 -0.0397205 0.0464065 -2.11426
0.109397 -0.0114981 0.0494636 0.0943602 0.106539 1.08798
0.105739 0.0303201 -0.0699419 -0.211837 0.223085 -1.8897
0.0866812 0.0677228 0.0185438 0.441528 0.441917 1.52882
0.055 0.0952628 0.21791 -0.735535 0.767135 -1.28277
# x y Real Imaginary Modulus Phase <-> f = 0 s = 5
-0.0771 0.0784575 0.895399 -0.0222582 0.895676 -0.0248533
-0.100877 0.0438624 -0.547695 0.231011 0.59442 2.74245
-0.109962 0.00287946 0.259772 -0.216484 0.338152 -0.694754
-0.103034 -0.0385228 -0.128898 0.118699 0.175226 2.39736
-0.0811005 -0.0743149 0.0604947 -0.0438693 0.074727 -0.627423
-0.0473562 -0.0992844 -0.0210697 0.00592821 0.0218878 2.86732
-0.00671534 -0.109795 -0.00176782 -0.00047926 0.00183163 -2.87685
0.0349035 -0.104316 0.0109332 0.00152027 0.0110384 0.138165
0.0714393 -0.0836447 -0.00864762 -0.00134037 0.00875089 -2.98782
0.0975712 -0.0507923 0.0151916 0.00155605 0.0152711 0.102072
0.109494 -0.010543 -0.0326778 -0.0233374 0.0401557 -2.52142
0.10547 0.0312417 0.0635548 0.0645079 0.0905565 0.79284
0.0860869 0.0684766 -0.092897 -0.174437 0.197631 -2.06015
0.0541666 0.0957391 0.0522249 0.407629 0.410961 1.44337
0.0143579 0.109059 0.17994 -0.721615 0.743711 -1.32642
# x y Real Imaginary Modulus Phase <-> f = 0 s = 6
-0.101256 0.0429804 0.841982 -0.0393151 0.8429 -0.0466596
-0.109983 0.00191976 -0.542571 0.310696 0.625232 2.62154
-0.102694 -0.0394205 0.325462 -0.230159 0.398621 -0.615525
-0.0804489 -0.0750198 -0.151973 0.104903 0.184663 2.53743
-0.046488 -0.0996939 0.052417 -0.0375168 0.0644597 -0.62121
-0.00575696 -0.109849 0.00176399 0.00812636 0.00831561 1.35704
0.0358125 -0.104007 -0.0137495 0.00854655 0.0161893 2.58545
0.0721665 -0.0830181 0.0185939 0.00888186 0.0206064 0.445629
0.0980107 -0.049939 0.000822052 0.0112011 0.0112312 1.49754
0.109581 -0.00958713 0.00249651 -1.13519e-05 0.00249653 -0.00454708
0.105194 0.0321609 -0.0259357 -0.0157289 0.0303325 -2.59644
0.0854861 0.0692252 0.0584969 0.0489618 0.0762833 0.696898
0.0533291 0.0962082 -0.0940459 -0.152498 0.179166 -2.12341
0.0134056 0.10918 0.0363125 0.399812 0.401458 1.48022
-0.0284701 0.106252 0.223036 -0.753733 0.78604 -1.2831
# x y Real Imaginary Modulus Phase <-> f = 0 s = 7
-0.109996 0.000959919 0.761385 -0.0758637 0.765155 -0.0993112
-0.102346 -0.0403151 -0.61681 0.350015 0.7092 2.62544
-0.0797912 -0.075719 0.349198 -0.208117 0.406512 -0.537462
-0.0456163 -0.100096 -0.118891 0.100687 0.155797 2.43891
-0.00479813 -0.109895 0.0186348 -0.044723 0.04845 -1.176
0.0367188 -0.103691 0.0124871 -0.00139722 0.012565 -0.11143
0.0728882 -0.0823851 -0.0257351 0.00603557 0.0264334 2.91123
0.0984428 -0.0490818 0.0249357 0.00821746 0.0262548 0.318339
0.109661 -0.0086305 -0.00495472 0.0180921 0.0187583 1.8381
0.104909 0.0330776 0.00053005 0.00212553 0.00219062 1.32641
0.0848787 0.0699686 -0.0229444 -0.0189757 0.0297745 -2.45058
0.0524875 0.0966699 0.0641686 0.0545856 0.0842449 0.704877
0.0124524 0.109293 -0.0865612 -0.180613 0.200284 -2.01772
-0.0293962 0.105999 0.0191602 0.472317 0.472705 1.53025
-0.0669638 0.0872689 0.146643 -0.769533 0.78338 -1.38249
# x y Real Imaginary Modulus Phase <-> f = 0 s = 8
-0.10199 -0.0412067 0.727405 -0.152384 0.743195 -0.206503
-0.0791274 -0.0764124 -0.615898 0.329331 0.698419 2.65056
-0.044741 -0.10049 0.248372 -0.187253 0.31105 -0.646007
-0.00383894 -0.109933 -0.0173604 0.0937295 0.0953237 1.75394
0.0376222 -0.103366 -0.0290533 -0.0197036 0.0351045 -2.54566
0.0736044 -0.0817459 0.023795 -0.0109516 0.0261943 -0.431343
0.0988673 -0.0482208 -0.0328341 0.00142134 0.0328648 3.09833
0.109732 -0.00767321 0.0244394 0.00883592 0.0259876 0.346922
0.104616 0.0339919 -0.0122517 0.0309094 0.033249 1.94817
0.0842649 0.0707066 0.00668576 0.000836603 0.0067379 0.124485
0.0516419 0.0971242 -0.0284845 -0.0139253 0.0317062 -2.68689
0.0114981 0.109397 0.0586225 0.0595514 0.0835641 0.793258
-0.0303201 0.105739 -0.0824654 -0.233315 0.24746 -1.91054
-0.0677228 0.0866812 0.0713951 0.518805 0.523694 1.43404
-0.0952628 0.055 0.0767589 -0.73991 0.743881 -1.46743
# x y Real Imaginary Modulus Phase <-> f = 0 s = 9
-0.0784575 -0.0771 0.872284 -0.0570229 0.874146 -0.065279
-0.0438624 -0.100877 -0.498567 0.162179 0.524281 2.8271
-0.00287946 -0.109962 0.114842 -0.150884 0.189617 -0.920209
0.0385228 -0.103034 0.0114624 0.0621551 0.0632031 1.38843
0.0743149 -0.0811005 -0.0269192 -0.00418076 0.0272419 -2.98752
0.0992844 -0.0473562 0.0347663 -0.0123706 0.0369016 -0.341853
0.109795 -0.00671534 -0.0315199 0.00766625 0.0324388 2.90301
0.104316 0.0349035 0.0159962 0.00913042 0.0184185 0.518663
0.0836447 0.0714393 -0.0112095 0.0148312 0.0185908 2.218
0.0507923 0.0975712 0.0178056 -0.00755267 0.0193412 -0.40117
0.010543 0.109494 -0.0253891 -0.0223043 0.0337948 -2.42078
-0.0312417 0.10547 0.0412197 0.10358 0.111481 1.19206
-0.0684766 0.0860869 -0.0831437 -0.295531 0.307004 -1.84504
-0.0957391 0.0541666 0.0846435 0.596888 0.60286 1.42993
-0.109059 0.0143579 -0.00449716 -0.795543 0.795556 -1.57645
# x y Real Imaginary Modulus Phase <-> f = 0 s = 10
-0.0429804 -0.101256 0.88075 0.138638 0.891594 0.156128
-0.00191976 -0.109983 -0.340676 0.121731 0.361772 2.79841
0.0394205 -0.102694 0.070321 -0.118134 0.13748 -1.03387
0.0750198 -0.0804489 0.0150833 0.0581015 0.0600274 1.3168
0.0996939 -0.046488 -0.0168517 -0.00630594 0.0179929 -2.78352
0.109849 -0.00575696 0.0296606 -0.0149253 0.0332042 -0.466206
0.104007 0.0358125 -0.0219464 -0.00219286 0.0220557 -3.042
0.0830181 0.0721665 0.0185415 0.00472425 0.0191339 0.249485
0.049939 0.0980107 -0.00545097 -0.00297763 0.00621123 -2.64163
0.00958713 0.109581 0.00957851 0.00647297 0.0115606 0.594285
-0.0321609 0.105194 -0.00958088 -0.054343 0.0551811 -1.74531
-0.0692252 0.0854861 0.0334579 0.13505 0.139132 1.32794
-0.0962082 0.0533291 -0.0391431 -0.303331 0.305846 -1.69913
-0.10918 0.0134056 0.037209 0.59824 0.599396 1.50868
-0.106252 -0.0284701 0.123771 -0.776487 0.78629 -1.41273
# x y Real Imaginary Modulus Phase <-> f = 0 s = 11
-0.000959919 -0.109996 0.762367 0.204257 0.789255 0.261777
0.0403151 -0.102346 -0.31348 0.101315 0.329446 2.82899
0.075719 -0.0797912 0.105776 -0.119397 0.159512 -0.845813
0.100096 -0.0456163 -0.00422886 0.0801244 0.0802359 1.62353
0.109895 -0.00479813 -0.00915023 -0.0380444 0.0391293 -1.80683
0.103691 0.0367188 0.0117562 0.0122899 0.0170074 0.807589
0.0823851 0.0728882 -0.00659323 -0.000739795 0.0066346 -3.02985
0.0490818 0.0984428 0.00992524 0.00589359 0.0115432 0.535847
0.0086305 0.109661 0.000382198 -0.000450394 0.000590703 -0.867125
-0.0330776 0.104909 0.00301921 0.0076079 0.0081851 1.19301
-0.0699686 0.0848787 -0.00936184 -0.0404161 0.0414862 -1.79842
-0.0966699 0.0524875 0.0312023 0.106644 0.111115 1.28616
-0.109293 0.0124524 -0.0587079 -0.229414 0.236807 -1.82132
-0.105999 -0.0293962 0.00485877 0.420406 0.420434 1.55924
-0.0872689 -0.0669638 0.285875 -0.667996 0.726597 -1.16642
# x y Real Imaginary Modulus Phase <-> f = 0 s = 12
0.0412067 -0.10199 0.817629 0.19099 0.83964 0.229476
0.0764124 -0.0791274 -0.421935 0.11007 0.436055 2.88641
0.10049 -0.044741 0.17364 -0.158737 0.235262 -0.74059
0.109933 -0.00383894 -0.0750494 0.106832 0.130558 2.1832
0.103366 0.0376222 0.0366088 -0.0519876 0.0635839 -0.957268
0.0817459 0.0736044 -0.0145609 0.0123271 0.0190782 2.43908
0.0482208 0.0988673 0.00159014 0.00192614 0.00249772 0.880664
0.00767321 0.109732 0.00850502 0.00157818 0.0086502 0.183472
-0.0339919 0.104616 2.8233e-05 -0.00166321 0.00166345 -1.55382
-0.0707066 0.0842649 0.00848768 0.00220057 0.00876831 0.253681
-0.0971242 0.0516419 -0.0233086 -0.0203349 0.0309322 -2.42423
-0.109397 0.0114981 0.0651165 0.0370234 0.0749059 0.516991
-0.105739 -0.0303201 -0.0886913 -0.103301 0.136152 -2.28025
-0.0866812 -0.0677228 0.0363739 0.278472 0.280838 1.44091
-0.055 -0.0952628 0.264477 -0.50769 0.572448 -1.09054
# x y Real Imaginary Modulus Phase <-> f = 0 s = 13
0.0771 -0.0784575 0.945268 0.0402932 0.946126 0.0426004
0.100877 -0.0438624 -0.570917 0.238748 0.618827 2.74551
0.109962 -0.00287946 0.333745 -0.230656 0.405695 -0.604738
0.103034 0.0385228 -0.178824 0.114014 0.212079 2.574
0.0811005 0.0743149 0.0929161 -0.0294079 0.0974588 -0.306524
0.0473562 0.0992844 -0.0253532 -0.00389 0.0256499 -2.98935
0.00671534 0.109795 0.00711552 -0.00478283 0.00857357 -0.591802
-0.0349035 0.104316 0.00649227 0.000221622 0.00649606 0.0341231
-0.0714393 0.0836447 -0.00143714 0.00995271 0.0100559 1.7142
-0.0975712 0.0507923 0.00644669 -0.0102236 0.0120864 -1.0082
-0.109494 0.010543 -0.0223589 0.0149702 0.0269077 2.5516
-0.10547 -0.0312417 0.0508661 -0.00463199 0.0510765 -0.0908119
-0.0860869 -0.0684766 -0.0782219 -0.0665272 0.102687 -2.43681
-0.0541666 -0.0957391 0.0352352 0.233081 0.23573 1.42076
-0.0143579 -0.109059 0.293927 -0.532835 0.608528 -1.0667
# x y Real Imaginary Modulus Phase <-> f = 0 s = 14
0.101256 -0.0429804 0.742057 -0.0834451 0.746734 -0.111981
0.109983 -0.00191976 -0.572684 0.44246 0.723697 2.48378
0.102694 0.0394205 0.407139 -0.29603 0.503384 -0.628683
0.0804489 0.0750198 -0.202715 0.123161 0.237196 2.59563
0.046488 0.0996939 0.0960775 -0.0520089 0.109251 -0.496157
0.00575696 0.109849 -0.0333703 0.00820352 0.0343638 2.90054
-0.0358125 0.104007 -0.00305548 -0.0154194 0.0157193 -1.76642
-0.0721665 0.0830181 0.0175692 0.00672505 0.0188123 0.365569
-0.0980107 0.049939 -0.0165628 0.0125415 0.0207754 2.49349
-0.109581 0.00958713 0.00336933 -0.0325181 0.0326922 -1.46755
-0.105194 -0.0321609 -0.00355671 0.0237015 0.0239669 1.71975
-0.0854861 -0.0692252 0.0392073 -0.0167764 0.0426457 -0.404315
-0.0533291 -0.0962082 -0.0782759 -0.0741439 0.107817 -2.3833
-0.0134056 -0.10918 0.020627 0.311378 0.312061 1.50465
0.0284701 -0.106252 0.301518 -0.725674 0.785822 -1.177
# x y Real Imaginary Modulus Phase <-> f = 0 s = 15
0.109996 -0.000959919 0.668786 0.00834867 0.668838 0.0124827
0.102346 0.0403151 -0.540296 0.434764 0.693498 2.46401
0.0797912 0.075719 0.347974 -0.275719 0.443967 -0.670063
0.0456163 0.100096 -0.156957 0.137873 0.208912 2.42083
0.00479813 0.109895 0.0496875 -0.0526111 0.0723656 -0.81397
-0.0367188 0.103691 0.000471356 0.0215553 0.0215605 1.54893
-0.0728882 0.0823851 -0.0190652 -4.70965e-05 0.0190653 -3.13912
-0.0984428 0.0490818 0.0266773 0.0166908 0.0314684 0.55907
-0.109661 0.0086305 -0.0183217 0.0278087 0.0333018 2.15337
-0.104909 -0.0330776 0.00557175 -0.0367052 0.0371257 -1.42015
-0.0848787 -0.0699686 -0.0051854 0.0180829 0.0188117 1.85006
-0.0524875 -0.0966699 0.0504902 0.00581838 0.0508244 0.114732
-0.0124524 -0.109293 -0.0826791 -0.147784 0.16934 -2.08087
0.0293962 -0.105999 0.010348 0.48304 0.483151 1.54938
0.0669638 -0.0872689 0.0728491 -0.787968 0.791328 -1.47861
