# x y Real Imaginary Modulus Phase <-> f = 0 s = 0
0.10199 0.0412067 0.729515 -0.0382409 0.730516 -0.0523717
0.0791274 0.0764124 -0.572185 0.332581 0.66182 2.61508
0.044741 0.10049 0.29831 -0.224674 0.373454 -0.645518
0.00383894 0.109933 -0.0968521 0.104758 0.14267 2.317
-0.0376222 0.103366 0.0159765 -0.0477971 0.0503966 -1.24821
-0.0736044 0.0817459 0.00384622 0.0141766 0.0146891 1.30587
-0.0988673 0.0482208 -0.0227469 0.00150466 0.0227966 3.07554
-0.109732 0.00767321 -0.000412812 0.00814011 0.00815058 1.62147
-0.104616 -0.0339919 -0.0243425 0.0166494 0.0294917 2.54171
-0.0842649 -0.0707066 0.0100916 -0.0316009 0.0331731 -1.26169
-0.0516419 -0.0971242 -0.0242806 0.00400844 0.0246093 2.97798
-0.0114981 -0.109397 0.0544722 0.0673248 0.0866016 0.890534
0.0303201 -0.105739 -0.0497379 -0.284453 0.288769 -1.7439
0.0677228 -0.0866812 0.130168 0.646453 0.659428 1.3721
0.0952628 -0.055 -0.0182806 -0.636342 0.636604 -1.59952
# x y Real Imaginary Modulus Phase <-> f = 0 s = 1
0.0784575 0.0771 0.81932 -0.0858135 0.823802 -0.104357
0.0438624 0.100877 -0.580326 0.265505 0.638178 2.71251
0.00287946 0.109962 0.239192 -0.170273 0.293609 -0.618647
-0.0385228 0.103034 -0.0584559 0.100841 0.116559 2.09614
-0.0743149 0.0811005 0.00373626 -0.0424357 0.0425998 -1.48298
-0.0992844 0.0473562 0.00312177 0.01039 0.0108489 1.27892
-0.109795 0.00671534 -0.0229958 0.00346816 0.0232559 2.9919
-0.104316 -0.0349035 0.00260496 0.0132888 0.0135417 1.37722
-0.0836447 -0.0714393 -0.0220233 0.0155498 0.0269596 2.52681
-0.0507923 -0.0975712 0.00971719 -0.00642373 0.0116485 -0.584117
-0.010543 -0.109494 -0.0243223 -0.0331429 0.04111 -2.20389
0.0312417 -0.10547 0.0113034 0.142957 0.143403 1.49189
0.0684766 -0.0860869 -0.0528985 -0.395955 0.399472 -1.70361
0.0957391 -0.0541666 0.192246 0.634961 0.663426 1.2768
0.109059 -0.0143579 0.031611 -0.686114 0.686842 -1.52476
# x y Real Imaginary Modulus Phase <-> f = 0 s = 2
0.0429804 0.101256 0.882012 -0.0777467 0.885432 -0.0879198
0.00191976 0.109983 -0.531202 0.178101 0.560264 2.81809
-0.0394205 0.102694 0.189996 -0.171476 0.255935 -0.734209
-0.0750198 0.0804489 -0.0424089 0.0956741 0.104652 1.98803
-0.0996939 0.046488 0.00324424 -0.0451858 0.0453021 -1.49912
-0.109849 0.00575696 0.00814905 0.0118533 0.0143843 0.968514
-0.104007 -0.0358125 -0.0146492 -0.0015955 0.0147358 -3.03311
-0.0830181 -0.0721665 0.0106717 0.0144456 0.01796 0.934532
-0.049939 -0.0980107 -0.00902182 0.00919624 0.0128827 2.34662
-0.00958713 -0.109581 0.00553046 0.0111108 0.0124111 1.10895
0.0321609 -0.105194 0.00902977 -0.0549147 0.0556522 -1.40782
0.0692252 -0.0854861 0.00550849 0.178089 0.178174 1.53988
0.0962082 -0.0533291 -0.0854165 -0.363262 0.373169 -1.80174
0.10918 -0.0134056 0.103204 0.572254 0.581486 1.39237
0.106252 0.0284701 0.0987103 -0.776937 0.783183 -1.44442
# x y Real Imaginary Modulus Phase <-> f = 0 s = 3
0.000959919 0.109996 0.913792 0.0145933 0.913908 0.0159687
-0.0403151 0.102346 -0.484863 0.188624 0.52026 2.77058
-0.075719 0.0797912 0.176202 -0.161439 0.238976 -0.7417
-0.100096 0.0456163 -0.0473538 0.098258 0.109073 2.01989
-0.109895 0.00479813 0.00239632 -0.0446763 0.0447405 -1.51721
-0.103691 -0.0367188 0.00455838 0.01973 0.0202497 1.34374
-0.0823851 -0.0728882 -0.00723514 -0.00678031 0.00991564 -2.38863
-0.0490818 -0.0984428 0.010907 0.00544448 0.0121904 0.462986
-0.0086305 -0.109661 -0.00473284 0.000636946 0.00477551 3.00782
0.0330776 -0.104909 -0.00370081 0.0100041 0.0106666 1.92512
0.0699686 -0.0848787 0.00681983 -0.0686508 0.0689887 -1.47178
0.0966699 -0.0524875 0.0397398 0.154944 0.159959 1.31973
0.109293 -0.0124524 -0.0782103 -0.287732 0.298172 -1.8362
0.105999 0.0293962 0.0418534 0.528852 0.530506 1.49182
0.0872689 0.0669638 0.153281 -0.796037 0.81066 -1.38057
# x y Real Imaginary Modulus Phase <-> f = 0 s = 4
-0.0412067 0.10199 0.891983 -0.00183136 0.891985 -0.00205312
-0.0764124 0.0791274 -0.483763 0.167252 0.511859 2.80873
-0.10049 0.044741 0.202417 -0.164914 0.261093 -0.683656
-0.109933 0.00383894 -0.0658252 0.102889 0.122144 2.13994
-0.103366 -0.0376222 0.0235786 -0.0485331 0.0539575 -1.11855
-0.0817459 -0.0736044 -0.00935822 0.0163705 0.0188566 2.09011
-0.0482208 -0.0988673 -0.00101448 -0.00134663 0.001686 -2.21644
-0.00767321 -0.109732 0.0107756 0.000245725 0.0107784 0.0228
0.0339919 -0.104616 -0.00430116 -0.0021757 0.00482013 -2.67328
0.0707066 -0.0842649 0.00614671 0.0193728 0.0203245 1.26356
0.0971242 -0.0516419 -0.0255847 -0.0431049 0.050126 -2.10646
0.109397 -0.0114981 0.0477252 0.0936111 0.105075 1.09932
0.105739 0.0303201 -0.0633413 -0.213468 0.222668 -1.85925
0.0866812 0.0677228 0.00367672 0.443104 0.44312 1.5625
0.055 0.0952628 0.239747 -0.744174 0.78184 -1.25913
# x y Real Imaginary Modulus Phase <-> f = 0 s = 5
-0.0771 0.0784575 0.913013 -0.0195894 0.913223 -0.0214525
-0.100877 0.0438624 -0.561279 0.215437 0.601205 2.7751
-0.109962 0.00287946 0.26521 -0.206501 0.336123 -0.661575
-0.103034 -0.0385228 -0.128595 0.115614 0.172926 2.4093
-0.0811005 -0.0743149 0.0578105 -0.0409978 0.0708723 -0.616858
-0.0473562 -0.0992844 -0.0146485 0.00666059 0.0160917 2.71484
-0.00671534 -0.109795 -0.0031609 -0.00236984 0.00395062 -2.49826
0.0349035 -0.104316 0.0127928 0.00607426 0.0141617 0.4433
0.0714393 -0.0836447 -0.0121997 -0.00314902 0.0125995 -2.88898
0.0975712 -0.0507923 0.0185034 0.00492854 0.0191485 0.260315
0.109494 -0.010543 -0.028945 -0.0202012 0.0352973 -2.53227
0.10547 0.0312417 0.0572858 0.0642575 0.0860854 0.842695
0.0860869 0.0684766 -0.0811809 -0.175317 0.193201 -2.00445
0.0541666 0.0957391 0.0305953 0.404487 0.405643 1.4953
0.0143579 0.109059 0.211687 -0.726061 0.75629 -1.2871
# x y Real Imaginary Modulus Phase <-> f = 0 s = 6
-0.101256 0.0429804 0.850991 -0.0521635 0.852589 -0.0612207
-0.109983 0.00191976 -0.5594 0.307627 0.638406 2.63881
-0.102694 -0.0394205 0.328775 -0.235456 0.404392 -0.621492
-0.0804489 -0.0750198 -0.151198 0.103629 0.183303 2.54074
-0.046488 -0.0996939 0.0506755 -0.0361154 0.062228 -0.619185
-0.00575696 -0.109849 -0.000338563 0.0129342 0.0129387 1.59697
0.0358125 -0.104007 -0.0139757 0.00202067 0.014121 2.998
0.0721665 -0.0830181 0.0140223 0.0156939 0.0210458 0.84159
0.0980107 -0.049939 -0.0187849 0.00901654 0.0208367 2.69408
0.109581 -0.00958713 0.00968152 -0.00397836 0.0104671 -0.389887
0.105194 0.0321609 -0.0293523 -0.0111962 0.0314151 -2.77719
0.0854861 0.0692252 0.0588841 0.0503896 0.0775012 0.707818
0.0533291 0.0962082 -0.0803552 -0.157785 0.177068 -2.04183
0.0134056 0.10918 0.0213763 0.393459 0.394039 1.51652
-0.0284701 0.106252 0.24152 -0.754234 0.79196 -1.2609
# x y Real Imaginary Modulus Phase <-> f = 0 s = 7
-0.109996 0.000959919 0.765572 -0.079272 0.769665 -0.103178
-0.102346 -0.0403151 -0.617968 0.360384 0.715375 2.61364
-0.0797912 -0.075719 0.353407 -0.202252 0.407189 -0.519797
-0.0456163 -0.100096 -0.123647 0.0919666 0.154098 2.50208
-0.00479813 -0.109895 0.0107206 -0.0407823 0.0421679 -1.31374
0.0367188 -0.103691 0.00978099 0.00506849 0.0110162 0.478099
0.0728882 -0.0823851 -0.029927 0.000779415 0.0299372 3.11555
0.0984428 -0.0490818 0.00671626 0.0110415 0.0129237 1.02431
0.109661 -0.0086305 -0.0229817 0.0139049 0.0268608 2.59747
0.104909 0.0330776 0.00404658 -0.00556954 0.00688437 -0.94247
0.0848787 0.0699686 -0.0281056 -0.012427 0.0307304 -2.72528
0.0524875 0.0966699 0.0590625 0.0521621 0.0787989 0.723438
0.0124524 0.109293 -0.0766458 -0.175964 0.191932 -1.98159
-0.0293962 0.105999 0.00578017 0.464798 0.464834 1.55836
-0.0669638 0.0872689 0.156643 -0.778486 0.79409 -1.37223
# x y Real Imaginary Modulus Phase <-> f = 0 s = 8
-0.10199 -0.0412067 0.723047 -0.153771 0.739218 -0.209548
-0.0791274 -0.0764124 -0.628947 0.323452 0.707245 2.66659
-0.044741 -0.10049 0.264274 -0.176977 0.318059 -0.590079
-0.00383894 -0.109933 -0.0320667 0.0919786 0.0974081 1.90625
0.0376222 -0.103366 -0.0194728 -0.0284998 0.034517 -2.1702
0.0736044 -0.0817459 0.0278435 -0.00860063 0.0291416 -0.299595
0.0988673 -0.0482208 -0.0384602 -0.00151846 0.0384902 -3.10213
0.109732 -0.00767321 0.00358145 0.00724925 0.0080857 1.11192
0.104616 0.0339919 -0.0232495 0.0164229 0.0284649 2.5266
0.0842649 0.0707066 0.0114046 -0.00516704 0.0125205 -0.425401
0.0516419 0.0971242 -0.0326976 -0.00951674 0.0340544 -2.85836
0.0114981 0.109397 0.0587881 0.0663682 0.088661 0.845889
-0.0303201 0.105739 -0.0738118 -0.235356 0.246659 -1.8747
-0.0677228 0.0866812 0.0747359 0.529049 0.534301 1.43046
-0.0952628 0.055 0.0688248 -0.748126 0.751285 -1.47906
# x y Real Imaginary Modulus Phase <-> f = 0 s = 9
-0.0784575 -0.0771 0.869471 -0.0604364 0.871569 -0.0693977
-0.0438624 -0.100877 -0.507652 0.154129 0.530534 2.84683
-0.00287946 -0.109962 0.119545 -0.136846 0.181708 -0.852777
0.0385228 -0.103034 0.0114674 0.0636108 0.0646362 1.39244
0.0743149 -0.0811005 -0.0260864 -0.00960924 0.0278 -2.78865
0.0992844 -0.0473562 0.0338521 -0.0186273 0.0386386 -0.503039
0.109795 -0.00671534 -0.0361326 -0.00203806 0.03619 -3.08525
0.104316 0.0349035 0.00467667 0.0142125 0.0149622 1.2529
0.0836447 0.0714393 -0.0164901 0.0119166 0.0203452 2.51582
0.0507923 0.0975712 0.0162617 0.000746096 0.0162788 0.0458483
0.010543 0.109494 -0.02984 -0.0248378 0.0388245 -2.44743
-0.0312417 0.10547 0.0424648 0.113146 0.120852 1.21175
-0.0684766 0.0860869 -0.0707277 -0.300427 0.30864 -1.80201
-0.0957391 0.0541666 0.0787185 0.602588 0.607708 1.4409
-0.109059 0.0143579 -0.000585398 -0.798656 0.798657 -1.57153
# x y Real Imaginary Modulus Phase <-> f = 0 s = 10
-0.0429804 -0.101256 0.89206 0.134525 0.902147 0.149674
-0.00191976 -0.109983 -0.350092 0.117435 0.369263 2.81795
0.0394205 -0.102694 0.0765434 -0.118168 0.140793 -0.996005
0.0750198 -0.0804489 0.00649143 0.0577108 0.0580747 1.45879
0.0996939 -0.046488 -0.0234802 -0.0120422 0.0263881 -2.6677
0.109849 -0.00575696 0.0311014 -0.00573573 0.0316259 -0.182371
0.104007 0.0358125 -0.0287017 -0.00413876 0.0289986 -2.99838
0.0830181 0.0721665 0.0122384 0.0175877 0.0214267 0.96286
0.049939 0.0980107 -0.00973516 0.00153435 0.00985533 2.98527
0.00958713 0.109581 0.00928607 0.00898326 0.0129201 0.768825
-0.0321609 0.105194 -0.00986107 -0.0439208 0.0450141 -1.79165
-0.0692252 0.0854861 0.0267719 0.130775 0.133487 1.36887
-0.0962082 0.0533291 -0.0348294 -0.30498 0.306962 -1.68451
-0.10918 0.0134056 0.0385425 0.603678 0.604907 1.50704
-0.106252 -0.0284701 0.124793 -0.788142 0.79796 -1.41376
# x y Real Imaginary Modulus Phase <-> f = 0 s = 11
-0.000959919 -0.109996 0.7675 0.214079 0.796798 0.272016
0.0403151 -0.102346 -0.321003 0.0953269 0.334858 2.85292
0.075719 -0.0797912 0.0986765 -0.119035 0.154617 -0.878638
0.100096 -0.0456163 -0.00585707 0.0753854 0.0756126 1.64834
0.109895 -0.00479813 -0.00833872 -0.0374161 0.038334 -1.79008
0.103691 0.0367188 0.00432515 0.0152833 0.0158835 1.29501
0.0823851 0.0728882 -0.00900527 -0.00230136 0.00929468 -2.89139
0.0490818 0.0984428 0.0115633 0.00766184 0.0138713 0.585181
0.0086305 0.109661 -0.00371591 -2.09272e-06 0.00371591 -3.14103
-0.0330776 0.104909 0.00419003 0.00813281 0.00914871 1.09506
-0.0699686 0.0848787 -0.00743399 -0.0410944 0.0417614 -1.74976
-0.0966699 0.0524875 0.0240083 0.106096 0.108779 1.34826
-0.109293 0.0124524 -0.0487268 -0.23673 0.241693 -1.77379
-0.105999 -0.0293962 0.00312454 0.426763 0.426774 1.56347
-0.0872689 -0.0669638 0.29288 -0.677505 0.7381 -1.16277
# x y Real Imaginary Modulus Phase <-> f = 0 s = 12
0.0412067 -0.10199 0.824807 0.202462 0.849292 0.240707
0.0764124 -0.0791274 -0.426539 0.10305 0.438811 2.90454
0.10049 -0.044741 0.176391 -0.15348 0.233817 -0.716055
0.109933 -0.00383894 -0.0754142 0.102394 0.127169 2.20561
0.103366 0.0376222 0.0366836 -0.0477833 0.0602406 -0.916059
0.0817459 0.0736044 -0.0157176 0.0135494 0.0207516 2.43014
0.0482208 0.0988673 0.000974026 -0.00265821 0.00283104 -1.21957
0.00767321 0.109732 0.00616339 0.00185208 0.00643565 0.291912
-0.0339919 0.104616 -0.000406193 0.000779994 0.000879422 2.05092
-0.0707066 0.0842649 0.00756857 0.003872 0.00850151 0.472876
-0.0971242 0.0516419 -0.0240445 -0.0162503 0.0290209 -2.54727
-0.109397 0.0114981 0.0579459 0.0439816 0.0727469 0.649244
-0.105739 -0.0303201 -0.0825887 -0.112454 0.139524 -2.20425
-0.0866812 -0.0677228 0.0265766 0.284185 0.285425 1.47755
-0.055 -0.0952628 0.280255 -0.509811 0.581765 -1.06817
# x y Real Imaginary Modulus Phase <-> f = 0 s = 13
0.0771 -0.0784575 0.952095 0.0327211 0.952657 0.034354
0.100877 -0.0438624 -0.581476 0.239193 0.628751 2.75134
0.109962 -0.00287946 0.338671 -0.224061 0.40608 -0.584479
0.103034 0.0385228 -0.184709 0.104814 0.212375 2.62545
0.0811005 0.0743149 0.08616 -0.0278292 0.0905429 -0.312417
0.0473562 0.0992844 -0.028413 -0.00166234 0.0284616 -3.08315
0.00671534 0.109795 0.00528909 -0.00283132 0.00599924 -0.491498
-0.0349035 0.104316 0.00421776 0.0050353 0.00656839 0.873523
-0.0714393 0.0836447 -0.0041639 0.012427 0.0131061 1.89411
-0.0975712 0.0507923 0.00376339 -0.0119599 0.012538 -1.26594
-0.109494 0.010543 -0.0235689 0.00881551 0.0251636 2.78367
-0.10547 -0.0312417 0.0517597 0.00246289 0.0518182 0.0475474
-0.0860869 -0.0684766 -0.0737409 -0.0698311 0.101558 -2.38342
-0.0541666 -0.0957391 0.0234609 0.236689 0.237849 1.472
-0.0143579 -0.109059 0.308177 -0.53384 0.616407 -1.04725
# x y Real Imaginary Modulus Phase <-> f = 0 s = 14
0.101256 -0.0429804 0.73798 -0.0922448 0.743723 -0.124351
0.109983 -0.00191976 -0.574695 0.452316 0.731344 2.4748
0.102694 0.0394205 0.417505 -0.304962 0.517023 -0.630865
0.0804489 0.0750198 -0.213184 0.122529 0.245888 2.61994
0.046488 0.0996939 0.0921923 -0.0439319 0.102125 -0.444692
0.00575696 0.109849 -0.0230051 0.0188794 0.0297601 2.45438
-0.0358125 0.104007 -0.0013069 -0.0108084 0.0108872 -1.69113
-0.0721665 0.0830181 0.00640584 0.0141509 0.0155333 1.14572
-0.0980107 0.049939 -0.0174506 0.0162056 0.0238148 2.39317
-0.109581 0.00958713 0.00313873 -0.030125 0.0302881 -1.46698
-0.105194 -0.0321609 -0.0095976 0.0243574 0.0261801 1.94615
-0.0854861 -0.0692252 0.0396382 -0.00314111 0.0397624 -0.0790792
-0.0533291 -0.0962082 -0.0729496 -0.0783213 0.107032 -2.3207
-0.0134056 -0.10918 0.000783744 0.309899 0.3099 1.56827
0.0284701 -0.106252 0.312411 -0.729986 0.794028 -1.16641
# x y Real Imaginary Modulus Phase <-> f = 0 s = 15
0.109996 -0.000959919 0.656353 0.0135767 0.656493 0.0206822
0.102346 0.0403151 -0.530702 0.443191 0.691421 2.44581
0.0797912 0.075719 0.355089 -0.285484 0.45562 -0.677162
0.0456163 0.100096 -0.157911 0.134604 0.207495 2.4357
0.00479813 0.109895 0.0420002 -0.053634 0.0681221 -0.906453
-0.0367188 0.103691 -5.38379e-05 0.0224889 0.022489 1.57319
-0.0728882 0.0823851 -0.0138231 -0.0048874 0.0146617 -2.80174
-0.0984428 0.0490818 0.00263663 0.01267 0.0129414 1.36562
-0.109661 0.0086305 -0.0248559 0.0153389 0.0292079 2.58869
-0.104909 -0.0330776 0.00382601 -0.0404956 0.040676 -1.4766
-0.0848787 -0.0699686 -0.00913944 0.0234039 0.0251251 1.94309
-0.0524875 -0.0966699 0.053656 0.0136436 0.0553635 0.249003
-0.0124524 -0.109293 -0.0764182 -0.146665 0.165379 -2.05113
0.0293962 -0.105999 0.00237442 0.480326 0.480332 1.56585
0.0669638 -0.0872689 0.0682093 -0.785819 0.788773 -1.48421
