# x y Real Imaginary Modulus Phase <-> f = 0 s = 0
0.10199 0.0412067 0.730364 -0.0445209 0.73172 -0.0608818
0.0791274 0.0764124 -0.578349 0.330426 0.666085 2.62252
0.044741 0.10049 0.299069 -0.219773 0.371137 -0.633739
0.00383894 0.109933 -0.0955037 0.102968 0.14044 2.3186
-0.0376222 0.103366 0.0147869 -0.0474832 0.0497323 -1.2689
-0.0736044 0.0817459 0.00489344 0.0112769 0.0122929 1.16138
-0.0988673 0.0482208 -0.0179049 0.00252192 0.0180816 3.00166
-0.109732 0.00767321 0.00241102 0.00910358 0.00941745 1.3119
-0.104616 -0.0339919 -0.0162796 0.0188424 0.024901 2.28335
-0.0842649 -0.0707066 0.00648737 -0.0299771 0.030671 -1.35767
-0.0516419 -0.0971242 -0.0201309 0.00160619 0.0201949 3.06197
-0.0114981 -0.109397 0.051531 0.0655833 0.0834063 0.904815
0.0303201 -0.105739 -0.0446088 -0.282584 0.286083 -1.72736
0.0677228 -0.0866812 0.123871 0.651518 0.663189 1.38291
0.0952628 -0.055 -0.0231367 -0.638853 0.639272 -1.607
# x y Real Imaginary Modulus Phase <-> f = 0 s = 1
0.0784575 0.0771 0.824736 -0.0880841 0.829427 -0.106399
0.0438624 0.100877 -0.582503 0.25902 0.637496 2.72318
0.00287946 0.109962 0.235794 -0.16699 0.288936 -0.616209
-0.0385228 0.103034 -0.0573595 0.097339 0.112982 2.10329
-0.0743149 0.0811005 0.003471 -0.0428802 0.0430205 -1.49003
-0.0992844 0.0473562 0.00558419 0.00930983 0.0108562 1.03051
-0.109795 0.00671534 -0.0180554 0.00519199 0.0187871 2.86159
-0.104316 -0.0349035 0.00506512 0.0125298 0.0135148 1.18663
-0.0836447 -0.0714393 -0.0151749 0.0156121 0.0217719 2.34199
-0.0507923 -0.0975712 0.0058707 -0.00694523 0.00909403 -0.869045
-0.010543 -0.109494 -0.0246326 -0.0321016 0.0404632 -2.2253
0.0312417 -0.10547 0.00802076 0.141687 0.141914 1.51425
0.0684766 -0.0860869 -0.0475606 -0.395718 0.398566 -1.69041
0.0957391 -0.0541666 0.188128 0.639515 0.666612 1.28469
0.109059 -0.0143579 0.0285427 -0.691791 0.69238 -1.52956
# x y Real Imaginary Modulus Phase <-> f = 0 s = 2
0.0429804 0.101256 0.888518 -0.0722329 0.891449 -0.0811176
0.00191976 0.109983 -0.52794 0.172803 0.555501 2.82527
-0.0394205 0.102694 0.187513 -0.166513 0.250774 -0.726151
-0.0750198 0.0804489 -0.0406928 0.0936948 0.10215 1.98053
-0.0996939 0.046488 0.00356446 -0.0440502 0.0441942 -1.49005
-0.109849 0.00575696 0.0103976 0.0110397 0.0151653 0.815344
-0.104007 -0.0358125 -0.0108636 -0.00149506 0.010966 -3.00483
-0.0830181 -0.0721665 0.0120763 0.011209 0.0164767 0.74817
-0.049939 -0.0980107 -0.00628276 0.00852791 0.0105924 2.20575
-0.00958713 -0.109581 0.00347451 0.0111706 0.0116984 1.26924
0.0321609 -0.105194 0.00949956 -0.0541356 0.0549628 -1.39709
0.0692252 -0.0854861 0.00335257 0.176164 0.176196 1.55177
0.0962082 -0.0533291 -0.0815563 -0.361807 0.370885 -1.7925
0.10918 -0.0134056 0.0975025 0.57469 0.582903 1.40274
0.106252 0.0284701 0.100251 -0.782501 0.788897 -1.44337
# x y Real Imaginary Modulus Phase <-> f = 0 s = 3
0.000959919 0.109996 0.91188 0.0220738 0.912147 0.0242022
-0.0403151 0.102346 -0.48234 0.181438 0.515337 2.7818
-0.075719 0.0797912 0.174125 -0.157567 0.234834 -0.735518
-0.100096 0.0456163 -0.0464637 0.0955431 0.106242 2.02343
-0.109895 0.00479813 0.00236142 -0.0420174 0.0420837 -1.51465
-0.103691 -0.0367188 0.00623915 0.0200248 0.0209742 1.26876
-0.0823851 -0.0728882 -0.00548022 -0.00676286 0.00870455 -2.25181
-0.0490818 -0.0984428 0.0100011 0.00315662 0.0104874 0.305731
-0.0086305 -0.109661 -0.00386251 0.000793346 0.00394315 2.93901
0.0330776 -0.104909 -0.00628666 0.00955914 0.0114411 2.15254
0.0699686 -0.0848787 0.00627623 -0.0669605 0.067254 -1.47734
0.0966699 -0.0524875 0.0362291 0.152133 0.156387 1.33701
0.109293 -0.0124524 -0.074084 -0.286023 0.295462 -1.82424
0.105999 0.0293962 0.0357949 0.526944 0.528158 1.50297
0.0872689 0.0669638 0.1626 -0.797301 0.813712 -1.36962
# x y Real Imaginary Modulus Phase <-> f = 0 s = 4
-0.0412067 0.10199 0.888537 0.00802321 0.888574 0.00902943
-0.0764124 0.0791274 -0.479824 0.161507 0.506276 2.81691
-0.10049 0.044741 0.200577 -0.161025 0.257216 -0.676453
-0.109933 0.00383894 -0.0646813 0.0988179 0.118104 2.15036
-0.103366 -0.0376222 0.02358 -0.0458532 0.0515609 -1.09581
-0.0817459 -0.0736044 -0.00757301 0.0160795 0.0177736 2.01095
-0.0482208 -0.0988673 -0.000313441 -0.00215549 0.00217817 -1.7152
-0.00767321 -0.109732 0.00867723 -0.00112635 0.00875002 -0.129083
0.0339919 -0.104616 -0.00418173 -0.00241511 0.00482904 -2.61785
0.0707066 -0.0842649 0.00563132 0.0178842 0.0187498 1.26575
0.0971242 -0.0516419 -0.0254685 -0.042116 0.0492179 -2.11468
0.109397 -0.0114981 0.0461664 0.0916312 0.102604 1.10409
0.105739 0.0303201 -0.0624986 -0.209877 0.218985 -1.86022
0.0866812 0.0677228 0.000417313 0.438504 0.438504 1.56984
0.055 0.0952628 0.244579 -0.739117 0.778532 -1.25123
# x y Real Imaginary Modulus Phase <-> f = 0 s = 5
-0.0771 0.0784575 0.916247 -0.0108579 0.916312 -0.0118499
-0.100877 0.0438624 -0.561046 0.209417 0.598855 2.78435
-0.109962 0.00287946 0.266094 -0.201556 0.333813 -0.648261
-0.103034 -0.0385228 -0.129062 0.111819 0.170764 2.42766
-0.0811005 -0.0743149 0.0565483 -0.0379158 0.0680832 -0.590654
-0.0473562 -0.0992844 -0.0143362 0.00645006 0.0157203 2.71881
-0.00671534 -0.109795 -0.00192835 -0.00277195 0.00337672 -2.17861
0.0349035 -0.104316 0.0117613 0.00368906 0.0123263 0.303941
0.0714393 -0.0836447 -0.0119648 -0.0038815 0.0125787 -2.8279
0.0975712 -0.0507923 0.017943 0.00424262 0.0184378 0.232185
0.109494 -0.010543 -0.0286779 -0.019779 0.0348372 -2.53782
0.10547 0.0312417 0.0556574 0.0613964 0.082869 0.834387
0.0860869 0.0684766 -0.0774868 -0.17193 0.188584 -1.99422
0.0541666 0.0957391 0.0257862 0.399748 0.400579 1.50638
0.0143579 0.109059 0.216782 -0.720197 0.752116 -1.27842
# x y Real Imaginary Modulus Phase <-> f = 0 s = 6
-0.101256 0.0429804 0.856948 -0.051563 0.858498 -0.060098
-0.109983 0.00191976 -0.562775 0.302847 0.639087 2.64791
-0.102694 -0.0394205 0.328587 -0.233189 0.402922 -0.617188
-0.0804489 -0.0750198 -0.152421 0.101494 0.183121 2.55413
-0.046488 -0.0996939 0.049992 -0.0347713 0.0608954 -0.607725
-0.00575696 -0.109849 0.000439349 0.0122958 0.0123036 1.53508
0.0358125 -0.104007 -0.00915075 0.00348349 0.00979137 2.77785
0.0721665 -0.0830181 0.0171383 0.0118705 0.0208478 0.605763
0.0980107 -0.049939 -0.0154348 0.00855381 0.0176465 2.63554
0.109581 -0.00958713 0.0114181 -0.00519103 0.0125427 -0.426698
0.105194 0.0321609 -0.0279828 -0.0121954 0.0305248 -2.7306
0.0854861 0.0692252 0.057929 0.0482418 0.0753859 0.694409
0.0533291 0.0962082 -0.0786653 -0.15433 0.173222 -2.04219
0.0134056 0.10918 0.0188494 0.387938 0.388395 1.52225
-0.0284701 0.106252 0.249833 -0.749554 0.790093 -1.24907
# x y Real Imaginary Modulus Phase <-> f = 0 s = 7
-0.109996 0.000959919 0.771144 -0.0867549 0.776009 -0.112031
-0.102346 -0.0403151 -0.622006 0.355579 0.716469 2.62227
-0.0797912 -0.075719 0.352545 -0.200994 0.405816 -0.518161
-0.0456163 -0.100096 -0.124105 0.0896727 0.153112 2.51589
-0.00479813 -0.109895 0.0116211 -0.0367587 0.038552 -1.26459
0.0367188 -0.103691 0.00984268 0.00503323 0.0110549 0.472701
0.0728882 -0.0823851 -0.0247904 0.00584644 0.0254704 2.90999
0.0984428 -0.0490818 0.010717 0.0122688 0.0162904 0.852804
0.109661 -0.0086305 -0.0188745 0.0163154 0.0249487 2.42879
0.104909 0.0330776 0.0072294 -0.00612161 0.00947304 -0.702613
0.0848787 0.0699686 -0.0256735 -0.0121343 0.0283967 -2.70007
0.0524875 0.0966699 0.0571412 0.0502477 0.0760916 0.721294
0.0124524 0.109293 -0.0732797 -0.173462 0.188305 -1.97051
-0.0293962 0.105999 0.00193759 0.461466 0.461471 1.5666
-0.0669638 0.0872689 0.16211 -0.779973 0.796642 -1.36587
# x y Real Imaginary Modulus Phase <-> f = 0 s = 8
-0.10199 -0.0412067 0.730912 -0.160191 0.748261 -0.215755
-0.0791274 -0.0764124 -0.62835 0.315838 0.703262 2.67583
-0.044741 -0.10049 0.262049 -0.174222 0.314679 -0.586741
-0.00383894 -0.109933 -0.0302558 0.0896917 0.0946574 1.89614
0.0376222 -0.103366 -0.0156817 -0.0239068 0.0285911 -2.15134
0.0736044 -0.0817459 0.0260615 -0.00867921 0.0274687 -0.321476
0.0988673 -0.0482208 -0.0336147 0.00572279 0.0340984 2.97296
0.109732 -0.00767321 0.00646808 0.00697044 0.0095091 0.822763
0.104616 0.0339919 -0.0179386 0.0170179 0.0247266 2.38253
0.0842649 0.0707066 0.0142346 -0.0058316 0.0153829 -0.388821
0.0516419 0.0971242 -0.0306614 -0.00794171 0.0316732 -2.88815
0.0114981 0.109397 0.0566517 0.0648759 0.0861295 0.852969
-0.0303201 0.105739 -0.0677102 -0.232429 0.242091 -1.85427
-0.0677228 0.0866812 0.0694657 0.527076 0.531634 1.43976
-0.0952628 0.055 0.0724957 -0.754718 0.758192 -1.47503
# x y Real Imaginary Modulus Phase <-> f = 0 s = 9
-0.0784575 -0.0771 0.874385 -0.0601084 0.876449 -0.0686356
-0.0438624 -0.100877 -0.50843 0.147709 0.529452 2.85886
-0.00287946 -0.109962 0.116438 -0.129453 0.174115 -0.83828
0.0385228 -0.103034 0.00865771 0.0584177 0.0590558 1.42366
0.0743149 -0.0811005 -0.0200649 -0.00440148 0.020542 -2.92565
0.0992844 -0.0473562 0.029992 -0.0203256 0.0362305 -0.595604
0.109795 -0.00671534 -0.0308139 0.00373511 0.0310395 3.02097
0.104316 0.0349035 0.010107 0.0117093 0.015468 0.858712
0.0836447 0.0714393 -0.0137565 0.0115268 0.0179474 2.44416
0.0507923 0.0975712 0.0181337 0.000790038 0.0181509 0.0435399
0.010543 0.109494 -0.0278727 -0.0227632 0.0359868 -2.45676
-0.0312417 0.10547 0.0393558 0.110142 0.116962 1.22762
-0.0684766 0.0860869 -0.0683398 -0.302042 0.309677 -1.79331
-0.0957391 0.0541666 0.0727351 0.601647 0.606027 1.45049
-0.109059 0.0143579 0.00190401 -0.806081 0.806083 -1.56843
# x y Real Imaginary Modulus Phase <-> f = 0 s = 10
-0.0429804 -0.101256 0.895771 0.141724 0.906913 0.156913
-0.00191976 -0.109983 -0.349352 0.108677 0.365865 2.84
0.0394205 -0.102694 0.0788073 -0.111254 0.136338 -0.954484
0.0750198 -0.0804489 0.00176348 0.0554783 0.0555063 1.53902
0.0996939 -0.046488 -0.0159352 -0.00754106 0.0176295 -2.69959
0.109849 -0.00575696 0.0281559 -0.0102173 0.0299524 -0.348106
0.104007 0.0358125 -0.0245537 -0.00125348 0.0245856 -3.09059
0.0830181 0.0721665 0.0144758 0.0136721 0.0199117 0.756854
0.049939 0.0980107 -0.00783034 0.00069348 0.00786098 3.05326
0.00958713 0.109581 0.0103035 0.00843995 0.013319 0.6863
-0.0321609 0.105194 -0.00873834 -0.0417625 0.0426669 -1.77706
-0.0692252 0.0854861 0.0234875 0.129278 0.131394 1.39107
-0.0962082 0.0533291 -0.0331289 -0.304148 0.305947 -1.67929
-0.10918 0.0134056 0.0359436 0.599419 0.600496 1.5109
-0.106252 -0.0284701 0.130471 -0.79209 0.802764 -1.40754
# x y Real Imaginary Modulus Phase <-> f = 0 s = 11
-0.000959919 -0.109996 0.764544 0.223459 0.796531 0.284357
0.0403151 -0.102346 -0.318074 0.0869579 0.329747 2.87473
0.075719 -0.0797912 0.0996369 -0.113942 0.151361 -0.852276
0.100096 -0.0456163 -0.00679527 0.071141 0.0714648 1.66603
0.109895 -0.00479813 -0.0056399 -0.0345846 0.0350414 -1.73245
0.103691 0.0367188 0.00250613 0.0118941 0.0121553 1.36313
0.0823851 0.0728882 -0.0083053 -0.000962185 0.00836085 -3.02625
0.0490818 0.0984428 0.0112821 0.00511105 0.0123859 0.425364
0.0086305 0.109661 -0.00354036 -0.000714612 0.00361176 -2.94242
-0.0330776 0.104909 0.00390365 0.00769218 0.00862602 1.10118
-0.0699686 0.0848787 -0.00721272 -0.0399443 0.0405902 -1.74944
-0.0966699 0.0524875 0.0214774 0.104837 0.107014 1.36873
-0.109293 0.0124524 -0.0476093 -0.236188 0.240939 -1.7697
-0.105999 -0.0293962 -0.00221589 0.424064 0.42407 1.57602
-0.0872689 -0.0669638 0.300726 -0.676767 0.740574 -1.15265
# x y Real Imaginary Modulus Phase <-> f = 0 s = 12
0.0412067 -0.10199 0.823295 0.212374 0.850245 0.252453
0.0764124 -0.0791274 -0.424609 0.0946009 0.43502 2.92238
0.10049 -0.044741 0.174272 -0.147269 0.228164 -0.701617
0.109933 -0.00383894 -0.0738311 0.0982403 0.122891 2.21528
0.103366 0.0376222 0.034992 -0.0454862 0.0573884 -0.915065
0.0817459 0.0736044 -0.0162467 0.0131178 0.0208814 2.46235
0.0482208 0.0988673 0.000616686 -0.00167568 0.00178555 -1.21816
0.00767321 0.109732 0.00482889 0.000185671 0.00483245 0.0384311
-0.0339919 0.104616 -0.000149069 9.15935e-05 0.000174959 2.59062
-0.0707066 0.0842649 0.00866278 0.00324804 0.00925168 0.35872
-0.0971242 0.0516419 -0.0211442 -0.0144414 0.0256053 -2.54237
-0.109397 0.0114981 0.0564103 0.0438606 0.0714554 0.660888
-0.105739 -0.0303201 -0.0775608 -0.10899 0.133771 -2.18929
-0.0866812 -0.0677228 0.018947 0.28014 0.28078 1.50327
-0.055 -0.0952628 0.286123 -0.504009 0.579562 -1.05447
# x y Real Imaginary Modulus Phase <-> f = 0 s = 13
0.0771 -0.0784575 0.959104 0.0358519 0.959774 0.0373632
0.100877 -0.0438624 -0.585665 0.23397 0.630671 2.76152
0.109962 -0.00287946 0.340024 -0.219095 0.404499 -0.572394
0.103034 0.0385228 -0.183967 0.101398 0.210061 2.63785
0.0811005 0.0743149 0.0846687 -0.0266959 0.0887776 -0.305432
0.0473562 0.0992844 -0.0297355 -0.00124543 0.0297616 -3.09973
0.00671534 0.109795 0.00477307 -0.00314198 0.00571439 -0.582168
-0.0349035 0.104316 0.00330507 0.00325344 0.00463771 0.777526
-0.0714393 0.0836447 5.67535e-05 0.0106034 0.0106036 1.56544
-0.0975712 0.0507923 0.00295745 -0.00905679 0.00952744 -1.25517
-0.109494 0.010543 -0.018731 0.00956098 0.0210301 2.66963
-0.10547 -0.0312417 0.0466955 0.00405799 0.0468715 0.0866854
-0.0860869 -0.0684766 -0.0669319 -0.0705023 0.0972134 -2.33022
-0.0541666 -0.0957391 0.017603 0.234396 0.235056 1.49584
-0.0143579 -0.109059 0.31548 -0.5286 0.615586 -1.03272
# x y Real Imaginary Modulus Phase <-> f = 0 s = 14
0.101256 -0.0429804 0.74138 -0.102176 0.748387 -0.136956
0.109983 -0.00191976 -0.58182 0.454504 0.738301 2.47844
0.102694 0.0394205 0.4208 -0.300896 0.517311 -0.62076
0.0804489 0.0750198 -0.212577 0.120155 0.244185 2.62713
0.046488 0.0996939 0.0908157 -0.0419536 0.100038 -0.432758
0.00575696 0.109849 -0.022484 0.018522 0.0291306 2.45252
-0.0358125 0.104007 -0.000775934 -0.0108608 0.0108885 -1.64212
-0.0721665 0.0830181 0.00843301 0.0110808 0.0139248 0.920263
-0.0980107 0.049939 -0.0108889 0.0183652 0.0213507 2.10599
-0.109581 0.00958713 0.000458948 -0.0257041 0.0257082 -1.55294
-0.105194 -0.0321609 -0.00278848 0.023238 0.0234047 1.69022
-0.0854861 -0.0692252 0.0333442 0.00210187 0.0334104 0.0629522
-0.0533291 -0.0962082 -0.0682894 -0.0790933 0.104495 -2.28302
-0.0134056 -0.10918 -0.00393867 0.305342 0.305367 1.58369
0.0284701 -0.106252 0.320623 -0.731168 0.798377 -1.15754
# x y Real Imaginary Modulus Phase <-> f = 0 s = 15
0.109996 -0.000959919 0.653288 0.00938622 0.653356 0.0143667
0.102346 0.0403151 -0.536847 0.443434 0.696303 2.4512
0.0797912 0.075719 0.357041 -0.281026 0.454371 -0.666823
0.0456163 0.100096 -0.158054 0.131127 0.205367 2.44904
0.00479813 0.109895 0.0399362 -0.0524999 0.0659632 -0.920489
-0.0367188 0.103691 -0.000523195 0.0216057 0.021612 1.59501
-0.0728882 0.0823851 -0.0116262 -0.00634165 0.0132433 -2.64224
-0.0984428 0.0490818 0.00550995 0.0128547 0.0139858 1.16585
-0.109661 0.0086305 -0.0173729 0.0194596 0.0260863 2.2996
-0.104909 -0.0330776 -0.000118334 -0.036145 0.0361452 -1.57407
-0.0848787 -0.0699686 -0.0014469 0.0211078 0.0211573 1.63924
-0.0524875 -0.0966699 0.0506211 0.0146728 0.0527047 0.282124
-0.0124524 -0.109293 -0.0731805 -0.143701 0.161262 -2.04182
0.0293962 -0.105999 -0.00425334 0.479828 0.479847 1.57966
0.0669638 -0.0872689 0.0699967 -0.79511 0.798185 -1.48299
