# x y Real Imaginary Modulus Phase <-> f = 0 s = 0
0.10199 0.0412067 0.732582 -0.0445381 0.733935 -0.0607214
0.0791274 0.0764124 -0.575739 0.325196 0.661232 2.62743
0.044741 0.10049 0.294616 -0.223326 0.369693 -0.648616
0.00383894 0.109933 -0.0940434 0.103886 0.14013 2.30651
-0.0376222 0.103366 0.0147133 -0.0461534 0.0484419 -1.26219
-0.0736044 0.0817459 0.0012063 0.0137035 0.0137564 1.48299
-0.0988673 0.0482208 -0.0250858 0.00527914 0.0256353 2.93418
-0.109732 0.00767321 -0.000450093 0.00977113 0.00978149 1.61683
-0.104616 -0.0339919 -0.0253553 0.0197309 0.0321279 2.4803
-0.0842649 -0.0707066 0.00965606 -0.0348367 0.0361502 -1.3004
-0.0516419 -0.0971242 -0.0252716 0.00806223 0.0265265 2.83278
-0.0114981 -0.109397 0.050653 0.0644453 0.081969 0.90466
0.0303201 -0.105739 -0.0473815 -0.281136 0.285101 -1.73776
0.0677228 -0.0866812 0.1214 0.645182 0.656504 1.38481
0.0952628 -0.055 -0.0232366 -0.640932 0.641353 -1.60703
# x y Real Imaginary Modulus Phase <-> f = 0 s = 1
0.0784575 0.0771 0.825676 -0.0852059 0.830061 -0.102831
0.0438624 0.100877 -0.577666 0.260678 0.633759 2.71769
0.00287946 0.109962 0.233721 -0.168326 0.288026 -0.624155
-0.0385228 0.103034 -0.0552709 0.0986833 0.113107 2.08135
-0.0743149 0.0811005 0.00248519 -0.0410775 0.0411526 -1.51037
-0.0992844 0.0473562 -0.00143403 0.00952215 0.00962953 1.72027
-0.109795 0.00671534 -0.025074 0.00778425 0.0262545 2.84058
-0.104316 -0.0349035 0.00420865 0.014859 0.0154436 1.29479
-0.0836447 -0.0714393 -0.022152 0.0183905 0.028791 2.44871
-0.0507923 -0.0975712 0.00845697 -0.00775744 0.011476 -0.742282
-0.010543 -0.109494 -0.0232903 -0.0296558 0.0377081 -2.23654
0.0312417 -0.10547 0.0121306 0.141272 0.141792 1.48514
0.0684766 -0.0860869 -0.0488205 -0.389945 0.39299 -1.69535
0.0957391 -0.0541666 0.185633 0.638487 0.664925 1.28786
0.109059 -0.0143579 0.0303773 -0.692418 0.693084 -1.52695
# x y Real Imaginary Modulus Phase <-> f = 0 s = 2
0.0429804 0.101256 0.88397 -0.0744389 0.887098 -0.0840116
0.00191976 0.109983 -0.523662 0.177313 0.552867 2.81511
-0.0394205 0.102694 0.185124 -0.171351 0.252254 -0.74678
-0.0750198 0.0804489 -0.037915 0.0953066 0.102571 1.94942
-0.0996939 0.046488 0.00324 -0.0442646 0.044383 -1.49773
-0.109849 0.00575696 0.00592824 0.0110448 0.0125352 1.07819
-0.104007 -0.0358125 -0.0157352 0.00114393 0.0157768 3.06902
-0.0830181 -0.0721665 0.012914 0.0152602 0.0199911 0.868482
-0.049939 -0.0980107 -0.0082872 0.0106305 0.0134791 2.23295
-0.00958713 -0.109581 0.00652454 0.00818506 0.0104673 0.897809
0.0321609 -0.105194 0.0113314 -0.0535701 0.0547554 -1.36234
0.0692252 -0.0854861 0.00786308 0.174259 0.174436 1.5257
0.0962082 -0.0533291 -0.0822596 -0.357394 0.366738 -1.79702
0.10918 -0.0134056 0.0966659 0.568941 0.577095 1.4025
0.106252 0.0284701 0.104009 -0.781256 0.788149 -1.43844
# x y Real Imaginary Modulus Phase <-> f = 0 s = 3
0.000959919 0.109996 0.908591 0.0188483 0.908786 0.0207415
-0.0403151 0.102346 -0.478189 0.18814 0.513869 2.76675
-0.075719 0.0797912 0.171888 -0.161033 0.235536 -0.752805
-0.100096 0.0456163 -0.0459282 0.0963782 0.106762 2.0155
-0.109895 0.00479813 0.00118957 -0.0410179 0.0410351 -1.5418
-0.103691 -0.0367188 0.00424373 0.018361 0.018845 1.34366
-0.0823851 -0.0728882 -0.00867082 -0.00546199 0.0102478 -2.57946
-0.0490818 -0.0984428 0.0108435 0.00377757 0.0114827 0.335224
-0.0086305 -0.109661 -0.00490637 0.00162213 0.00516757 2.82229
0.0330776 -0.104909 -0.00475497 0.00494405 0.00685954 2.3367
0.0699686 -0.0848787 0.0091539 -0.0692463 0.0698487 -1.43937
0.0966699 -0.0524875 0.0402034 0.152845 0.158044 1.31359
0.109293 -0.0124524 -0.0784656 -0.284935 0.295542 -1.83952
0.105999 0.0293962 0.0403895 0.524133 0.525687 1.49389
0.0872689 0.0669638 0.159066 -0.794179 0.809952 -1.37312
# x y Real Imaginary Modulus Phase <-> f = 0 s = 4
-0.0412067 0.10199 0.882758 -0.000731425 0.882758 -0.000828568
-0.0764124 0.0791274 -0.475725 0.167222 0.504259 2.80357
-0.10049 0.044741 0.199257 -0.164743 0.258541 -0.690863
-0.109933 0.00383894 -0.06339 0.100301 0.118654 2.13441
-0.103366 -0.0376222 0.0222577 -0.0452446 0.050423 -1.11362
-0.0817459 -0.0736044 -0.00876966 0.0142563 0.0167377 2.12228
-0.0482208 -0.0988673 -0.00230229 -0.000185115 0.00230972 -3.06136
-0.00767321 -0.109732 0.0102818 -0.00223533 0.010522 -0.214075
0.0339919 -0.104616 -0.00422622 -0.000499342 0.00425562 -3.02398
0.0707066 -0.0842649 0.00543509 0.0170432 0.0178889 1.26209
0.0971242 -0.0516419 -0.0261561 -0.039921 0.0477266 -2.15082
0.109397 -0.0114981 0.0478446 0.0914327 0.103194 1.0887
0.105739 0.0303201 -0.0653205 -0.208321 0.218322 -1.87464
0.0866812 0.0677228 0.00554645 0.436907 0.436942 1.5581
0.055 0.0952628 0.238958 -0.736626 0.774415 -1.25711
# x y Real Imaginary Modulus Phase <-> f = 0 s = 5
-0.0771 0.0784575 0.913937 -0.0121445 0.914018 -0.0132873
-0.100877 0.0438624 -0.55651 0.215195 0.596668 2.77262
-0.109962 0.00287946 0.263527 -0.2056 0.334243 -0.662542
-0.103034 -0.0385228 -0.12765 0.114051 0.171179 2.4124
-0.0811005 -0.0743149 0.0589156 -0.0380386 0.0701284 -0.573308
-0.0473562 -0.0992844 -0.0142114 0.0022547 0.0143891 2.98425
-0.00671534 -0.109795 -0.00402558 -0.00178327 0.00440288 -2.72459
0.0349035 -0.104316 0.0127235 0.00497754 0.0136625 0.372904
0.0714393 -0.0836447 -0.0123197 -0.00127525 0.0123855 -3.03845
0.0975712 -0.0507923 0.0162627 0.00407575 0.0167657 0.245561
0.109494 -0.010543 -0.0277357 -0.0185738 0.0333805 -2.55151
0.10547 0.0312417 0.0574468 0.0608838 0.0837077 0.814436
0.0860869 0.0684766 -0.0819949 -0.171493 0.190087 -2.01679
0.0541666 0.0957391 0.0328336 0.398859 0.400208 1.48866
0.0143579 0.109059 0.207309 -0.720136 0.749382 -1.2905
# x y Real Imaginary Modulus Phase <-> f = 0 s = 6
-0.101256 0.0429804 0.854248 -0.0473025 0.855557 -0.0553168
-0.109983 0.00191976 -0.556788 0.30248 0.633646 2.64394
-0.102694 -0.0394205 0.326062 -0.231101 0.399655 -0.616583
-0.0804489 -0.0750198 -0.145705 0.102891 0.178372 2.52675
-0.046488 -0.0996939 0.0526916 -0.0356865 0.0636391 -0.595308
-0.00575696 -0.109849 0.00204773 0.011284 0.0114683 1.39128
0.0358125 -0.104007 -0.0139559 0.00362501 0.014419 2.88746
0.0721665 -0.0830181 0.0160227 0.016533 0.0230232 0.801073
0.0980107 -0.049939 -0.0190586 0.0122785 0.0226713 2.56927
0.109581 -0.00958713 0.00487256 -0.00354052 0.00602305 -0.628371
0.105194 0.0321609 -0.0293395 -0.0101496 0.0310454 -2.80854
0.0854861 0.0692252 0.0605123 0.0493195 0.078065 0.68384
0.0533291 0.0962082 -0.0813122 -0.153505 0.173711 -2.05792
0.0134056 0.10918 0.0252507 0.388367 0.389187 1.50587
-0.0284701 0.106252 0.245658 -0.746226 0.785622 -1.25277
# x y Real Imaginary Modulus Phase <-> f = 0 s = 7
-0.109996 0.000959919 0.768022 -0.0815352 0.772337 -0.105766
-0.102346 -0.0403151 -0.623736 0.356752 0.718553 2.62205
-0.0797912 -0.075719 0.34803 -0.195507 0.399184 -0.511823
-0.0456163 -0.100096 -0.121095 0.0912083 0.151601 2.49605
-0.00479813 -0.109895 0.00940348 -0.036381 0.0375766 -1.31786
0.0367188 -0.103691 0.012918 0.0034654 0.0133748 0.26209
0.0728882 -0.0823851 -0.0317161 0.00395365 0.0319616 3.01757
0.0984428 -0.0490818 0.00801895 0.0123512 0.014726 0.994954
0.109661 -0.0086305 -0.0203769 0.0155714 0.0256454 2.48909
0.104909 0.0330776 -0.000935978 -0.00523458 0.0053176 -1.74773
0.0848787 0.0699686 -0.0272449 -0.0115674 0.0295988 -2.74009
0.0524875 0.0966699 0.0576472 0.0492092 0.0757941 0.706595
0.0124524 0.109293 -0.0771354 -0.173424 0.189805 -1.9893
-0.0293962 0.105999 0.00719646 0.461286 0.461342 1.5552
-0.0669638 0.0872689 0.161852 -0.772222 0.789001 -1.36419
# x y Real Imaginary Modulus Phase <-> f = 0 s = 8
-0.10199 -0.0412067 0.727267 -0.159936 0.744645 -0.216468
-0.0791274 -0.0764124 -0.625111 0.314694 0.699854 2.67521
-0.044741 -0.10049 0.259044 -0.173305 0.31167 -0.589629
-0.00383894 -0.109933 -0.0284144 0.0914586 0.0957708 1.87202
0.0376222 -0.103366 -0.0264058 -0.0259392 0.0370149 -2.36511
0.0736044 -0.0817459 0.029901 -0.00909086 0.0312524 -0.295151
0.0988673 -0.0482208 -0.041682 0.00120052 0.0416993 3.1128
0.109732 -0.00767321 0.00315615 0.00965788 0.0101605 1.25494
0.104616 0.0339919 -0.0223855 0.0182584 0.0288874 2.45739
0.0842649 0.0707066 0.00790008 -0.00462875 0.00915623 -0.529996
0.0516419 0.0971242 -0.0309999 -0.00756771 0.0319103 -2.90216
0.0114981 0.109397 0.0571927 0.0640488 0.0858676 0.841887
-0.0303201 0.105739 -0.0726618 -0.23254 0.243628 -1.87365
-0.0677228 0.0866812 0.0736959 0.52434 0.529494 1.43116
-0.0952628 0.055 0.0725233 -0.75006 0.753558 -1.47441
# x y Real Imaginary Modulus Phase <-> f = 0 s = 9
-0.0784575 -0.0771 0.873481 -0.0529103 0.875082 -0.0605002
-0.0438624 -0.100877 -0.500578 0.146979 0.52171 2.856
-0.00287946 -0.109962 0.110952 -0.134818 0.174603 -0.882202
0.0385228 -0.103034 0.0202578 0.0563735 0.0599028 1.22582
0.0743149 -0.0811005 -0.0342812 -0.00808952 0.0352227 -2.90986
0.0992844 -0.0473562 0.0359654 -0.0199658 0.0411357 -0.50678
0.109795 -0.00671534 -0.0380592 -0.000361961 0.0380609 -3.13208
0.104316 0.0349035 0.00726748 0.0140765 0.0158418 1.09421
0.0836447 0.0714393 -0.0148489 0.0157383 0.0216376 2.32713
0.0507923 0.0975712 0.0137117 -0.000884486 0.0137402 -0.0644166
0.010543 0.109494 -0.0295984 -0.0237441 0.0379453 -2.46551
-0.0312417 0.10547 0.0403789 0.111472 0.11856 1.22327
-0.0684766 0.0860869 -0.0689967 -0.295753 0.303695 -1.79999
-0.0957391 0.0541666 0.0707285 0.602883 0.607018 1.45401
-0.109059 0.0143579 -0.0013719 -0.804079 0.80408 -1.5725
# x y Real Imaginary Modulus Phase <-> f = 0 s = 10
-0.0429804 -0.101256 0.88474 0.144318 0.896433 0.161695
-0.00191976 -0.109983 -0.341605 0.116541 0.360937 2.81282
0.0394205 -0.102694 0.0712771 -0.11402 0.134465 -1.0121
0.0750198 -0.0804489 0.0112465 0.0482847 0.0495772 1.34196
0.0996939 -0.046488 -0.0280286 -0.00838313 0.0292554 -2.85097
0.109849 -0.00575696 0.0335069 -0.00661903 0.0341544 -0.195032
0.104007 0.0358125 -0.0308869 -0.00291787 0.0310244 -3.0474
0.0830181 0.0721665 0.015498 0.0184133 0.0240674 0.871154
0.049939 0.0980107 -0.00891031 0.00337362 0.00952759 2.77965
0.00958713 0.109581 0.00770614 0.00719762 0.0105447 0.751291
-0.0321609 0.105194 -0.00736985 -0.0425674 0.0432007 -1.74223
-0.0692252 0.0854861 0.0298064 0.130562 0.133921 1.34635
-0.0962082 0.0533291 -0.0327095 -0.296969 0.298765 -1.6805
-0.10918 0.0134056 0.032421 0.595631 0.596512 1.51642
-0.106252 -0.0284701 0.133342 -0.78484 0.796086 -1.40251
# x y Real Imaginary Modulus Phase <-> f = 0 s = 11
-0.000959919 -0.109996 0.758776 0.216104 0.78895 0.277459
0.0403151 -0.102346 -0.310385 0.0973767 0.325302 2.83759
0.075719 -0.0797912 0.0946974 -0.1169 0.150443 -0.889945
0.100096 -0.0456163 -0.00207969 0.0709353 0.0709657 1.60011
0.109895 -0.00479813 -0.0138253 -0.0339572 0.0366638 -1.95744
0.103691 0.0367188 0.00680803 0.0159332 0.0173268 1.16699
0.0823851 0.0728882 -0.00873816 -0.00271976 0.00915164 -2.83985
0.0490818 0.0984428 0.0124756 0.00742308 0.014517 0.536741
0.0086305 0.109661 -0.00405827 0.00175825 0.00442278 2.73275
-0.0330776 0.104909 0.000898254 0.00471997 0.00480468 1.38274
-0.0699686 0.0848787 -0.00425543 -0.0414807 0.0416984 -1.67303
-0.0966699 0.0524875 0.0244516 0.104804 0.107619 1.34159
-0.109293 0.0124524 -0.0476176 -0.230012 0.234889 -1.77494
-0.105999 -0.0293962 0.000473879 0.418046 0.418047 1.56966
-0.0872689 -0.0669638 0.29864 -0.667202 0.730988 -1.14994
# x y Real Imaginary Modulus Phase <-> f = 0 s = 12
0.0412067 -0.10199 0.816278 0.201037 0.840669 0.241479
0.0764124 -0.0791274 -0.421992 0.101901 0.434121 2.90465
0.10049 -0.044741 0.173314 -0.15578 0.233034 -0.73217
0.109933 -0.00383894 -0.0751112 0.100536 0.125496 2.21244
0.103366 0.0376222 0.0346217 -0.0454235 0.0571135 -0.919534
0.0817459 0.0736044 -0.0127032 0.0122416 0.0176416 2.3747
0.0482208 0.0988673 0.000444529 -0.00276337 0.0027989 -1.4113
0.00767321 0.109732 0.00609246 0.000422841 0.00610712 0.0692929
-0.0339919 0.104616 -0.000906636 0.00124 0.00153609 2.20213
-0.0707066 0.0842649 0.0082507 0.00113401 0.00832827 0.136588
-0.0971242 0.0516419 -0.02243 -0.0123218 0.0255917 -2.63925
-0.109397 0.0114981 0.0570008 0.0405204 0.0699357 0.617987
-0.105739 -0.0303201 -0.0850696 -0.10666 0.13643 -2.24406
-0.0866812 -0.0677228 0.0278358 0.277092 0.278487 1.47068
-0.055 -0.0952628 0.27992 -0.499493 0.57258 -1.06
# x y Real Imaginary Modulus Phase <-> f = 0 s = 13
0.0771 -0.0784575 0.946475 0.0415217 0.947386 0.0438417
0.100877 -0.0438624 -0.575653 0.240131 0.62373 2.74639
0.109962 -0.00287946 0.338167 -0.221868 0.404453 -0.580646
0.103034 0.0385228 -0.180979 0.102858 0.208166 2.62478
0.0811005 0.0743149 0.0861245 -0.0267775 0.0901912 -0.301442
0.0473562 0.0992844 -0.0280496 -0.00696021 0.0289002 -2.89837
0.00671534 0.109795 0.000985238 -0.00450042 0.004607 -1.35527
-0.0349035 0.104316 0.00496819 0.00439977 0.00663633 0.724795
-0.0714393 0.0836447 -0.00346231 0.0149074 0.0153041 1.79901
-0.0975712 0.0507923 0.00456396 -0.0121556 0.0129841 -1.21162
-0.109494 0.010543 -0.0246944 0.0158105 0.0293222 2.5721
-0.10547 -0.0312417 0.0479826 -0.00883769 0.0487897 -0.182144
-0.0860869 -0.0684766 -0.0693774 -0.0643725 0.0946417 -2.3936
-0.0541666 -0.0957391 0.027119 0.228071 0.229678 1.45245
-0.0143579 -0.109059 0.304761 -0.523861 0.606061 -1.0439
# x y Real Imaginary Modulus Phase <-> f = 0 s = 14
0.101256 -0.0429804 0.747125 -0.0978154 0.753501 -0.130182
0.109983 -0.00191976 -0.582928 0.446214 0.734106 2.48826
0.102694 0.0394205 0.419132 -0.294638 0.512331 -0.612718
0.0804489 0.0750198 -0.20716 0.120953 0.239885 2.61312
0.046488 0.0996939 0.0920746 -0.0447145 0.102358 -0.452088
0.00575696 0.109849 -0.0203111 0.0187676 0.0276543 2.39567
-0.0358125 0.104007 -0.00372013 -0.00797815 0.00880286 -2.00711
-0.0721665 0.0830181 0.00795288 0.0151136 0.0170783 1.0864
-0.0980107 0.049939 -0.0173163 0.0204388 0.0267881 2.27368
-0.109581 0.00958713 0.000616796 -0.031519 0.031525 -1.55123
-0.105194 -0.0321609 -0.0132243 0.0297368 0.0325448 1.98924
-0.0854861 -0.0692252 0.035912 -0.0131321 0.0382377 -0.35057
-0.0533291 -0.0962082 -0.0688167 -0.0729155 0.100262 -2.32728
-0.0134056 -0.10918 0.000656694 0.301681 0.301681 1.56862
0.0284701 -0.106252 0.313582 -0.720806 0.786063 -1.16045
# x y Real Imaginary Modulus Phase <-> f = 0 s = 15
0.109996 -0.000959919 0.65439 0.0103374 0.654472 0.0157957
0.102346 0.0403151 -0.53762 0.44319 0.696744 2.45218
0.0797912 0.075719 0.353 -0.277466 0.448995 -0.66616
0.0456163 0.100096 -0.154843 0.131514 0.203156 2.43748
0.00479813 0.109895 0.0393039 -0.0508398 0.0642611 -0.912679
-0.0367188 0.103691 0.000130239 0.0216639 0.0216643 1.56478
-0.0728882 0.0823851 -0.01857 -0.00260103 0.0187513 -3.00243
-0.0984428 0.0490818 0.00582396 0.0128131 0.0140746 1.14418
-0.109661 0.0086305 -0.0260829 0.0193838 0.032497 2.50248
-0.104909 -0.0330776 0.00329807 -0.0422033 0.042332 -1.49281
-0.0848787 -0.0699686 -0.00951066 0.0279583 0.0295317 1.89869
-0.0524875 -0.0966699 0.0512308 0.00729166 0.0517471 0.14138
-0.0124524 -0.109293 -0.0758873 -0.145926 0.164479 -2.05035
0.0293962 -0.105999 0.00323484 0.479834 0.479844 1.56405
0.0669638 -0.0872689 0.0770223 -0.788731 0.792482 -1.47345
