# x y Real Imaginary Modulus Phase <-> f = 0 s = 0
0.10199 0.0412067 0.720961 -0.0482067 0.722571 -0.0667651
0.0791274 0.0764124 -0.579482 0.334222 0.668957 2.61844
0.044741 0.10049 0.304402 -0.222713 0.377176 -0.631647
0.00383894 0.109933 -0.0993507 0.101184 0.141805 2.34705
-0.0376222 0.103366 0.0168921 -0.0461904 0.0491823 -1.2202
-0.0736044 0.0817459 0.000803828 0.0131538 0.0131783 1.50976
-0.0988673 0.0482208 -0.0220477 0.00360246 0.0223401 2.97963
-0.109732 0.00767321 0.0001484 0.00819176 0.0081931 1.55268
-0.104616 -0.0339919 -0.0208058 0.0120329 0.0240348 2.61725
-0.0842649 -0.0707066 0.0162594 -0.029616 0.0337858 -1.06872
-0.0516419 -0.0971242 -0.0271918 0.00596074 0.0278375 2.9258
-0.0114981 -0.109397 0.0541397 0.0665586 0.0857972 0.88793
0.0303201 -0.105739 -0.0458738 -0.2819 0.285608 -1.73211
0.0677228 -0.0866812 0.12681 0.650973 0.663209 1.37841
0.0952628 -0.055 -0.0282245 -0.633579 0.634208 -1.61531
# x y Real Imaginary Modulus Phase <-> f = 0 s = 1
0.0784575 0.0771 0.825382 -0.0925295 0.830552 -0.111639
0.0438624 0.100877 -0.587397 0.260922 0.642741 2.72357
0.00287946 0.109962 0.241187 -0.164831 0.292131 -0.599508
-0.0385228 0.103034 -0.060452 0.0968197 0.114142 2.12895
-0.0743149 0.0811005 0.0055484 -0.0415585 0.0419273 -1.43807
-0.0992844 0.0473562 0.000189257 0.0109905 0.0109922 1.55358
-0.109795 0.00671534 -0.0225821 0.00558965 0.0232636 2.89894
-0.104316 -0.0349035 0.00315772 0.0122936 0.0126926 1.31937
-0.0836447 -0.0714393 -0.0210755 0.00999632 0.023326 2.69871
-0.0507923 -0.0975712 0.0122951 -0.00656708 0.013939 -0.490571
-0.010543 -0.109494 -0.0251053 -0.0341966 0.0424227 -2.20407
0.0312417 -0.10547 0.0107415 0.140803 0.141212 1.49466
0.0684766 -0.0860869 -0.0478661 -0.395249 0.398137 -1.69131
0.0957391 -0.0541666 0.189338 0.643811 0.671075 1.28477
0.109059 -0.0143579 0.019467 -0.69199 0.692264 -1.54267
# x y Real Imaginary Modulus Phase <-> f = 0 s = 2
0.0429804 0.101256 0.891135 -0.0796092 0.894683 -0.0890981
0.00191976 0.109983 -0.535183 0.172336 0.562246 2.83007
-0.0394205 0.102694 0.192549 -0.165384 0.253825 -0.709649
-0.0750198 0.0804489 -0.0431693 0.0932868 0.102791 2.00421
-0.0996939 0.046488 0.00381624 -0.0441266 0.0442913 -1.48453
-0.109849 0.00575696 0.00590142 0.0117935 0.0131877 1.10683
-0.104007 -0.0358125 -0.014534 -0.000227069 0.0145358 -3.12597
-0.0830181 -0.0721665 0.00927984 0.0139831 0.0167822 0.984888
-0.049939 -0.0980107 -0.0106329 0.00695033 0.0127029 2.56265
-0.00958713 -0.109581 0.0059474 0.0113148 0.0127826 1.08685
0.0321609 -0.105194 0.00975321 -0.0536854 0.0545642 -1.39108
0.0692252 -0.0854861 0.00343403 0.178196 0.17823 1.55153
0.0962082 -0.0533291 -0.0812708 -0.363741 0.37271 -1.79062
0.10918 -0.0134056 0.0994636 0.578628 0.587115 1.40056
0.106252 0.0284701 0.0981146 -0.784323 0.790436 -1.44635
# x y Real Imaginary Modulus Phase <-> f = 0 s = 3
0.000959919 0.109996 0.920494 0.0203606 0.920719 0.0221156
-0.0403151 0.102346 -0.489019 0.179476 0.520914 2.78984
-0.075719 0.0797912 0.178721 -0.155572 0.236947 -0.71626
-0.100096 0.0456163 -0.0503882 0.094211 0.106839 2.06193
-0.109895 0.00479813 0.00347484 -0.0417654 0.0419098 -1.48779
-0.103691 -0.0367188 0.00369549 0.0181953 0.0185668 1.37042
-0.0823851 -0.0728882 -0.00684931 -0.00681976 0.00966552 -2.35836
-0.0490818 -0.0984428 0.0090333 0.0054852 0.0105683 0.545712
-0.0086305 -0.109661 -0.00423629 -0.000471648 0.00426246 -3.03071
0.0330776 -0.104909 -0.00302055 0.00921089 0.00969351 1.88768
0.0699686 -0.0848787 0.00994541 -0.0665524 0.0672914 -1.42246
0.0966699 -0.0524875 0.0338543 0.154351 0.15802 1.35488
0.109293 -0.0124524 -0.0717293 -0.292077 0.300756 -1.81161
0.105999 0.0293962 0.0362438 0.531587 0.532821 1.50272
0.0872689 0.0669638 0.158225 -0.80422 0.819638 -1.37653
# x y Real Imaginary Modulus Phase <-> f = 0 s = 4
-0.0412067 0.10199 0.898545 0.00576725 0.898564 0.00641834
-0.0764124 0.0791274 -0.487636 0.159432 0.513038 2.8256
-0.10049 0.044741 0.207672 -0.159925 0.262114 -0.656232
-0.109933 0.00383894 -0.0687519 0.0973083 0.119146 2.1859
-0.103366 -0.0376222 0.0241162 -0.0444875 0.0506037 -1.07405
-0.0817459 -0.0736044 -0.00876662 0.0148677 0.0172599 2.10356
-0.0482208 -0.0988673 -0.00152673 -0.00170396 0.00228788 -2.30139
-0.00767321 -0.109732 0.0094072 0.000947521 0.0094548 0.100384
0.0339919 -0.104616 -0.00392953 -0.00174489 0.00429952 -2.7237
0.0707066 -0.0842649 0.00576959 0.0177159 0.0186317 1.25596
0.0971242 -0.0516419 -0.0227645 -0.0407466 0.0466745 -2.08028
0.109397 -0.0114981 0.0430393 0.0940634 0.103442 1.14168
0.105739 0.0303201 -0.0589331 -0.213051 0.221052 -1.84066
0.0866812 0.0677228 -0.00272419 0.443562 0.44357 1.57694
0.055 0.0952628 0.247257 -0.746163 0.786063 -1.25081
# x y Real Imaginary Modulus Phase <-> f = 0 s = 5
-0.0771 0.0784575 0.922601 -0.0150126 0.922724 -0.0162706
-0.100877 0.0438624 -0.569777 0.21331 0.608396 2.78337
-0.109962 0.00287946 0.272225 -0.200913 0.338338 -0.635802
-0.103034 -0.0385228 -0.131512 0.110242 0.171607 2.44395
-0.0811005 -0.0743149 0.0584383 -0.0358891 0.0685789 -0.550749
-0.0473562 -0.0992844 -0.0123056 0.00550269 0.0134799 2.72109
-0.00671534 -0.109795 -0.00279277 -0.00272394 0.00390121 -2.36867
0.0349035 -0.104316 0.0104452 0.00614486 0.0121187 0.531767
0.0714393 -0.0836447 -0.0114228 -0.00285264 0.0117736 -2.89687
0.0975712 -0.0507923 0.0160952 0.00482387 0.0168025 0.291189
0.109494 -0.010543 -0.0269425 -0.0210873 0.0342137 -2.4775
0.10547 0.0312417 0.0539542 0.0637646 0.0835283 0.868544
0.0860869 0.0684766 -0.0751766 -0.175454 0.190881 -1.9756
0.0541666 0.0957391 0.0217752 0.404624 0.405209 1.51703
0.0143579 0.109059 0.221521 -0.728262 0.761208 -1.27551
# x y Real Imaginary Modulus Phase <-> f = 0 s = 6
-0.101256 0.0429804 0.860009 -0.0586606 0.862007 -0.0681038
-0.109983 0.00191976 -0.565157 0.304711 0.642068 2.64711
-0.102694 -0.0394205 0.332151 -0.231136 0.404658 -0.607953
-0.0804489 -0.0750198 -0.152409 0.10153 0.183131 2.55394
-0.046488 -0.0996939 0.0513143 -0.0332578 0.0611493 -0.575052
-0.00575696 -0.109849 -0.000523153 0.0138963 0.0139062 1.60843
0.0358125 -0.104007 -0.0141801 -0.000321699 0.0141837 -3.11891
0.0721665 -0.0830181 0.0115557 0.014823 0.0187951 0.908634
0.0980107 -0.049939 -0.0177205 0.00932975 0.0200265 2.65697
0.109581 -0.00958713 0.007241 -0.00212968 0.00754769 -0.286048
0.105194 0.0321609 -0.0288202 -0.012713 0.0314996 -2.72615
0.0854861 0.0692252 0.0575919 0.0514657 0.0772369 0.729283
0.0533291 0.0962082 -0.0756481 -0.157127 0.174389 -2.01949
0.0134056 0.10918 0.0140307 0.393417 0.393667 1.53515
-0.0284701 0.106252 0.251283 -0.756515 0.797157 -1.2501
# x y Real Imaginary Modulus Phase <-> f = 0 s = 7
-0.109996 0.000959919 0.767236 -0.0908105 0.772591 -0.117813
-0.102346 -0.0403151 -0.627545 0.360514 0.723728 2.62015
-0.0797912 -0.075719 0.354044 -0.199538 0.406402 -0.513222
-0.0456163 -0.100096 -0.124135 0.0888248 0.152641 2.52051
-0.00479813 -0.109895 0.010409 -0.0419494 0.0432215 -1.32758
0.0367188 -0.103691 0.0123622 0.00632323 0.0138855 0.472801
0.0728882 -0.0823851 -0.0274194 -0.00454715 0.0277939 -2.97725
0.0984428 -0.0490818 0.00637903 0.00986736 0.0117498 0.996901
0.109661 -0.0086305 -0.0215151 0.0150146 0.0262362 2.5323
0.104909 0.0330776 0.0020344 -0.00319161 0.00378486 -1.00331
0.0848787 0.0699686 -0.0284882 -0.0133958 0.0314805 -2.70205
0.0524875 0.0966699 0.0547624 0.0521038 0.0755892 0.760526
0.0124524 0.109293 -0.0701397 -0.177807 0.191141 -1.94653
-0.0293962 0.105999 -0.00159341 0.470183 0.470186 1.57419
-0.0669638 0.0872689 0.15882 -0.786572 0.802446 -1.37156
# x y Real Imaginary Modulus Phase <-> f = 0 s = 8
-0.10199 -0.0412067 0.720781 -0.16338 0.739066 -0.222904
-0.0791274 -0.0764124 -0.630698 0.32201 0.708146 2.66953
-0.044741 -0.10049 0.265005 -0.171481 0.315648 -0.574323
-0.00383894 -0.109933 -0.0300586 0.0927437 0.0974932 1.88422
0.0376222 -0.103366 -0.0224507 -0.0292131 0.0368434 -2.22604
0.0736044 -0.0817459 0.0319272 -0.00315607 0.0320828 -0.098532
0.0988673 -0.0482208 -0.0330706 -0.00585603 0.0335851 -2.96633
0.109732 -0.00767321 0.00412351 0.00623478 0.00747501 0.986468
0.104616 0.0339919 -0.0222059 0.0165604 0.0277011 2.50081
0.0842649 0.0707066 0.00887983 -0.00398927 0.00973477 -0.422231
0.0516419 0.0971242 -0.0308073 -0.0102186 0.0324578 -2.82132
0.0114981 0.109397 0.0536551 0.0663412 0.085323 0.890728
-0.0303201 0.105739 -0.0649743 -0.236835 0.245586 -1.83855
-0.0677228 0.0866812 0.0706566 0.532834 0.537499 1.43896
-0.0952628 0.055 0.0679633 -0.759641 0.762676 -1.48157
# x y Real Imaginary Modulus Phase <-> f = 0 s = 9
-0.0784575 -0.0771 0.872706 -0.0611899 0.874849 -0.0700006
-0.0438624 -0.100877 -0.509632 0.145979 0.530127 2.86262
-0.00287946 -0.109962 0.116091 -0.134508 0.177678 -0.858757
0.0385228 -0.103034 0.0144439 0.0632025 0.0648319 1.34612
0.0743149 -0.0811005 -0.0304681 -0.00944396 0.0318982 -2.84102
0.0992844 -0.0473562 0.038767 -0.0110625 0.0403145 -0.277971
0.109795 -0.00671534 -0.029816 -0.00616013 0.0304458 -2.93785
0.104316 0.0349035 0.0054973 0.0118502 0.0130632 1.13644
0.0836447 0.0714393 -0.0160221 0.0119812 0.0200064 2.49951
0.0507923 0.0975712 0.0146922 0.000634828 0.0147059 0.0431817
0.010543 0.109494 -0.0271703 -0.0242911 0.0364456 -2.41209
-0.0312417 0.10547 0.0356785 0.11225 0.117784 1.26305
-0.0684766 0.0860869 -0.0652764 -0.302326 0.309292 -1.78345
-0.0957391 0.0541666 0.0714182 0.608188 0.612367 1.4539
-0.109059 0.0143579 -0.00732402 -0.807117 0.80715 -1.57987
# x y Real Imaginary Modulus Phase <-> f = 0 s = 10
-0.0429804 -0.101256 0.900943 0.143251 0.91226 0.157681
-0.00191976 -0.109983 -0.351696 0.110207 0.368559 2.83793
0.0394205 -0.102694 0.076253 -0.114705 0.137738 -0.984104
0.0750198 -0.0804489 0.00939726 0.0543736 0.0551796 1.39966
0.0996939 -0.046488 -0.0281983 -0.0109682 0.0302563 -2.77063
0.109849 -0.00575696 0.033527 -2.22462e-05 0.033527 -0.000663533
0.104007 0.0358125 -0.0252753 -0.00961597 0.0270427 -2.77805
0.0830181 0.0721665 0.00940286 0.0160579 0.0186084 1.04106
0.049939 0.0980107 -0.00912254 0.00146039 0.0092387 2.98285
0.00958713 0.109581 0.00824252 0.00773985 0.0113068 0.753957
-0.0321609 0.105194 -0.00675422 -0.0410622 0.041614 -1.73382
-0.0692252 0.0854861 0.0237294 0.13179 0.133909 1.39265
-0.0962082 0.0533291 -0.0328846 -0.304451 0.306222 -1.67839
-0.10918 0.0134056 0.035884 0.604741 0.605805 1.51153
-0.106252 -0.0284701 0.127024 -0.790625 0.800764 -1.4115
# x y Real Imaginary Modulus Phase <-> f = 0 s = 11
-0.000959919 -0.109996 0.767716 0.225168 0.800055 0.285294
0.0403151 -0.102346 -0.318971 0.0895252 0.331296 2.86796
0.075719 -0.0797912 0.0963441 -0.115879 0.150699 -0.877187
0.100096 -0.0456163 -0.0049995 0.0762657 0.0764294 1.63626
0.109895 -0.00479813 -0.0102862 -0.0377604 0.0391364 -1.83675
0.103691 0.0367188 0.00485579 0.0169389 0.0176211 1.29162
0.0823851 0.0728882 -0.00864916 -0.00439469 0.00970161 -2.67148
0.0490818 0.0984428 0.00866409 0.00765308 0.0115601 0.723517
0.0086305 0.109661 -0.00388251 -0.000116909 0.00388427 -3.11149
-0.0330776 0.104909 0.00430629 0.00703705 0.00825011 1.02164
-0.0699686 0.0848787 -0.00491876 -0.0392116 0.0395189 -1.69559
-0.0966699 0.0524875 0.021793 0.104677 0.106921 1.36554
-0.109293 0.0124524 -0.0451922 -0.23483 0.239139 -1.76092
-0.105999 -0.0293962 -0.00363655 0.425233 0.425249 1.57935
-0.0872689 -0.0669638 0.306035 -0.67935 0.7451 -1.14754
# x y Real Imaginary Modulus Phase <-> f = 0 s = 12
0.0412067 -0.10199 0.826155 0.208091 0.851959 0.246747
0.0764124 -0.0791274 -0.425365 0.100385 0.43705 2.90984
0.10049 -0.044741 0.17707 -0.155153 0.235428 -0.719523
0.109933 -0.00383894 -0.0754599 0.102199 0.127039 2.20681
0.103366 0.0376222 0.0370338 -0.0491312 0.0615254 -0.924884
0.0817459 0.0736044 -0.0162792 0.0138722 0.0213881 2.43586
0.0482208 0.0988673 0.00194282 -0.00310767 0.00366499 -1.01208
0.00767321 0.109732 0.00567637 0.00198872 0.00601466 0.336987
-0.0339919 0.104616 -0.00160703 0.000780195 0.0017864 2.68962
-0.0707066 0.0842649 0.00845358 0.00392602 0.00932076 0.434781
-0.0971242 0.0516419 -0.0252737 -0.0165345 0.0302019 -2.56226
-0.109397 0.0114981 0.0599206 0.0433907 0.0739813 0.626742
-0.105739 -0.0303201 -0.0827973 -0.110061 0.137727 -2.21576
-0.0866812 -0.0677228 0.0198106 0.280883 0.281581 1.50038
-0.055 -0.0952628 0.287431 -0.505756 0.581727 -1.054
# x y Real Imaginary Modulus Phase <-> f = 0 s = 13
0.0771 -0.0784575 0.955818 0.0333813 0.9564 0.0349102
0.100877 -0.0438624 -0.58425 0.239208 0.631322 2.75299
0.109962 -0.00287946 0.341766 -0.219464 0.406163 -0.570834
0.103034 0.0385228 -0.184437 0.101959 0.210743 2.63659
0.0811005 0.0743149 0.0857916 -0.0260062 0.0896466 -0.294328
0.0473562 0.0992844 -0.026133 -0.00283565 0.0262864 -3.03351
0.00671534 0.109795 0.00453065 -0.00242546 0.00513903 -0.491522
-0.0349035 0.104316 0.00392953 0.00460887 0.00605664 0.864795
-0.0714393 0.0836447 -0.00719099 0.0101244 0.0124183 2.18838
-0.0975712 0.0507923 0.00740724 -0.0126728 0.0146788 -1.04185
-0.109494 0.010543 -0.0262479 0.0107637 0.0283692 2.75243
-0.10547 -0.0312417 0.0524264 -0.000242454 0.052427 -0.00462463
-0.0860869 -0.0684766 -0.0709039 -0.0666051 0.0972811 -2.38745
-0.0541666 -0.0957391 0.0216156 0.232579 0.233582 1.47812
-0.0143579 -0.109059 0.313077 -0.530373 0.615884 -1.03754
# x y Real Imaginary Modulus Phase <-> f = 0 s = 14
0.101256 -0.0429804 0.737392 -0.0984619 0.743937 -0.132742
0.109983 -0.00191976 -0.581962 0.455452 0.738997 2.47754
0.102694 0.0394205 0.422835 -0.299373 0.518086 -0.616085
0.0804489 0.0750198 -0.213625 0.120343 0.24519 2.62857
0.046488 0.0996939 0.0924839 -0.0396827 0.100638 -0.405319
0.00575696 0.109849 -0.0212563 0.0174233 0.0274846 2.45497
-0.0358125 0.104007 -0.00162553 -0.00990828 0.0100407 -1.73341
-0.0721665 0.0830181 0.00549211 0.0134323 0.0145117 1.18266
-0.0980107 0.049939 -0.0179559 0.0115966 0.0213751 2.56815
-0.109581 0.00958713 0.0101829 -0.0289821 0.0307189 -1.23292
-0.105194 -0.0321609 -0.0130483 0.0291968 0.0319799 1.99108
-0.0854861 -0.0692252 0.040208 -0.007525 0.0409061 -0.185012
-0.0533291 -0.0962082 -0.0724076 -0.0759947 0.104967 -2.33203
-0.0134056 -0.10918 -0.00149834 0.308198 0.308202 1.57566
0.0284701 -0.106252 0.316732 -0.729448 0.795244 -1.16115
# x y Real Imaginary Modulus Phase <-> f = 0 s = 15
0.109996 -0.000959919 0.646961 0.0142677 0.647119 0.0220498
0.102346 0.0403151 -0.539623 0.448592 0.701732 2.44805
0.0797912 0.075719 0.358731 -0.280788 0.455554 -0.664119
0.0456163 0.100096 -0.160984 0.129021 0.206306 2.46597
0.00479813 0.109895 0.041512 -0.04861 0.0639232 -0.863996
-0.0367188 0.103691 -0.00125111 0.0202466 0.0202852 1.63251
-0.0728882 0.0823851 -0.0137752 -0.00364363 0.0142489 -2.88301
-0.0984428 0.0490818 0.00288005 0.0118977 0.0122413 1.3333
-0.109661 0.0086305 -0.0221066 0.0109459 0.0246681 2.68184
-0.104909 -0.0330776 0.0121516 -0.0372653 0.0391965 -1.25558
-0.0848787 -0.0699686 -0.013345 0.0287423 0.0316893 2.00548
-0.0524875 -0.0966699 0.0534024 0.0134753 0.0550763 0.247175
-0.0124524 -0.109293 -0.0756788 -0.147655 0.165919 -2.04443
0.0293962 -0.105999 0.000378951 0.480523 0.480523 1.57001
0.0669638 -0.0872689 0.066481 -0.788855 0.791651 -1.48672
